-0.02100000000000001
-0.024000000000000014
-0.02600000000000001
-0.026000000000000002
-0.030000000000000013
-0.032000000000000015
-0.033000000000000015
-0.031000000000000017
-0.026000000000000016
-0.022000000000000023
-0.01600000000000002
0.0009999999999999992
0.026999999999999993
0.05299999999999998
0.08599999999999998
0.12499999999999997
0.16299999999999995
0.19999999999999993
0.23199999999999996
0.24599999999999994
0.24499999999999994
0.22899999999999995
0.19999999999999996
0.155
0.10399999999999998
0.05599999999999998
0.012999999999999994
-0.026000000000000013
-0.04300000000000001
-0.054000000000000006
-0.065
-0.065
-0.06100000000000001
-0.06000000000000001
-0.05500000000000001
-0.048000000000000015
-0.04200000000000001
-0.039000000000000014
-0.03300000000000001
-0.031000000000000007
-0.02400000000000001
-0.024000000000000014
-0.02600000000000001
-0.030000000000000006
-0.03200000000000001
-0.03500000000000002
-0.04000000000000001
-0.042000000000000016
-0.038000000000000006
-0.041000000000000016
-0.036000000000000025
-0.027000000000000017
-0.007000000000000017
0.02099999999999999
0.04799999999999999
0.09099999999999998
0.146
0.20699999999999996
0.25599999999999995
0.298
0.32100000000000006
0.32300000000000006
0.301
0.25799999999999995
0.19199999999999998
0.11799999999999995
0.04799999999999999
-0.01600000000000002
-0.054000000000000006
-0.07600000000000001
-0.09
-0.08700000000000001
-0.08600000000000001
-0.08000000000000002
-0.07100000000000001
-0.06800000000000002
-0.06000000000000001
-0.05200000000000001
-0.04300000000000001
-0.03600000000000001
-0.03300000000000001
-0.03400000000000001
-0.02500000000000001
-0.029000000000000005
-0.03500000000000001
-0.03800000000000001
-0.045000000000000005
-0.04600000000000001
-0.049000000000000016
-0.05600000000000002
-0.05400000000000001
-0.05000000000000003
-0.04400000000000003
-0.030000000000000023
-0.005000000000000017
0.043000000000000003
0.09799999999999998
0.17099999999999996
0.25499999999999995
0.335
0.39799999999999985
0.43399999999999994
0.43999999999999995
0.412
0.343
0.23999999999999994
0.12599999999999995
0.021999999999999985
-0.05500000000000003
-0.10300000000000004
-0.125
-0.131
-0.128
-0.11000000000000003
-0.1
-0.09100000000000003
-0.07500000000000002
-0.06800000000000002
-0.06200000000000001
-0.05400000000000001
-0.04500000000000002
-0.040000000000000015
-0.03400000000000001
-0.027000000000000007
-0.03300000000000001
-0.03700000000000001
-0.039000000000000014
-0.04900000000000001
-0.05200000000000001
-0.061000000000000026
-0.06800000000000002
-0.07400000000000001
-0.06999999999999999
-0.07200000000000004
-0.05400000000000002
-0.031000000000000028
0.018999999999999996
0.09799999999999996
0.20299999999999993
0.324
0.4369999999999999
0.5249999999999999
0.5800000000000001
0.5970000000000001
0.565
0.465
0.309
0.11999999999999998
-0.03400000000000003
-0.131
-0.18300000000000002
-0.195
-0.18300000000000002
-0.171
-0.14400000000000002
-0.12400000000000003
-0.10700000000000003
-0.08700000000000002
-0.07600000000000003
-0.07100000000000002
-0.060000000000000026
-0.04900000000000002
-0.042000000000000016
-0.03600000000000001
-0.030000000000000006
-0.03200000000000001
-0.041000000000000016
-0.04700000000000002
-0.05400000000000002
-0.06300000000000003
-0.07100000000000004
-0.07900000000000003
-0.08700000000000002
-0.09900000000000003
-0.09900000000000003
-0.09800000000000003
-0.07400000000000004
-0.01900000000000002
0.06700000000000002
0.21799999999999992
0.396
0.571
0.6840000000000002
0.7530000000000001
0.7740000000000001
0.745
0.6039999999999999
0.34400000000000003
0.047
-0.171
-0.28500000000000003
-0.315
-0.29
-0.257
-0.21500000000000005
-0.18200000000000002
-0.14900000000000002
-0.12300000000000001
-0.10600000000000002
-0.08500000000000003
-0.07300000000000002
-0.06400000000000003
-0.057000000000000016
-0.04400000000000002
-0.039000000000000014
-0.02700000000000001
-0.034000000000000016
-0.042000000000000016
-0.05000000000000002
-0.05400000000000001
-0.06800000000000002
-0.08100000000000003
-0.08800000000000002
-0.10900000000000004
-0.12100000000000002
-0.14200000000000002
-0.15100000000000002
-0.14400000000000002
-0.10900000000000003
-0.006000000000000019
0.17599999999999993
0.432
0.673
0.8130000000000001
0.853
0.8550000000000001
0.785
0.529
0.10499999999999997
-0.2890000000000001
-0.511
-0.562
-0.501
-0.42200000000000004
-0.3340000000000001
-0.269
-0.21200000000000005
-0.17200000000000004
-0.137
-0.11000000000000003
-0.09100000000000003
-0.07400000000000004
-0.06700000000000003
-0.05500000000000002
-0.04800000000000002
-0.04300000000000002
-0.029000000000000012
-0.03700000000000001
-0.04600000000000003
-0.053000000000000026
-0.058000000000000024
-0.07100000000000004
-0.08200000000000003
-0.10400000000000004
-0.12100000000000002
-0.14700000000000002
-0.18500000000000005
-0.21700000000000003
-0.251
-0.25500000000000006
-0.20500000000000002
-0.05300000000000002
0.181
0.384
0.473
0.4589999999999999
0.337
-0.07799999999999993
-0.8699999999999989
-1.403999999999999
-1.4429999999999985
-1.2639999999999987
-1.004
-0.7540000000000001
-0.559
-0.41100000000000003
-0.31
-0.23500000000000004
-0.18100000000000005
-0.14300000000000002
-0.11600000000000003
-0.09500000000000001
-0.07700000000000003
-0.06600000000000003
-0.053000000000000026
-0.045000000000000026
-0.04100000000000002
-0.027000000000000024
-0.03700000000000002
-0.04400000000000002
-0.04800000000000002
-0.060000000000000026
-0.06800000000000002
-0.08500000000000003
-0.10100000000000003
-0.13600000000000004
-0.17200000000000001
-0.21700000000000003
-0.28600000000000003
-0.37100000000000005
-0.4840000000000001
-0.6120000000000001
-0.778
-1.1469999999999985
-1.852999999999998
-2.0719999999999987
-1.6209999999999989
-1.8359999999999987
-3.7249999999999988
-6.811000000000004
-6.481000000000004
-4.120000000000001
-2.5009999999999986
-1.553999999999999
-0.9930000000000001
-0.6680000000000001
-0.4620000000000001
-0.32800000000000007
-0.24700000000000003
-0.18600000000000005
-0.14000000000000004
-0.11300000000000002
-0.09000000000000004
-0.07400000000000002
-0.060000000000000026
-0.05100000000000003
-0.044000000000000025
-0.03700000000000001
-0.030000000000000013
-0.031000000000000014
-0.03900000000000002
-0.045000000000000026
-0.05400000000000003
-0.06400000000000002
-0.08000000000000004
-0.10100000000000005
-0.13000000000000006
-0.17100000000000007
-0.23600000000000004
-0.3350000000000001
-0.4850000000000001
-0.7370000000000001
-1.1859999999999984
-2.1049999999999995
-4.288000000000005
-8.431999999999995
-9.659999999999998
-6.713000000000003
-6.098000000000004
-9.528999999999998
-15.282
-12.774000000000001
-6.934000000000002
-3.4829999999999983
-1.8429999999999986
-1.0679999999999998
-0.6760000000000002
-0.45400000000000007
-0.31700000000000006
-0.232
-0.1750000000000001
-0.13400000000000004
-0.10700000000000003
-0.08400000000000003
-0.07400000000000002
-0.05100000000000003
-0.045000000000000026
-0.04400000000000003
-0.033000000000000015
-0.027000000000000003
-0.029000000000000012
-0.03500000000000002
-0.03400000000000001
-0.04200000000000002
-0.05300000000000003
-0.06500000000000003
-0.08500000000000005
-0.11600000000000003
-0.15700000000000006
-0.22300000000000003
-0.3320000000000001
-0.5220000000000001
-0.8710000000000001
-1.575999999999999
-3.1499999999999986
-6.762000000000001
-13.132000000000001
-15.203999999999999
-10.713000000000001
-8.589000000000002
-10.665000000000001
-15.917
-15.363999999999999
-7.382
-3.0819999999999976
-1.4899999999999982
-0.852
-0.5410000000000001
-0.3680000000000001
-0.26100000000000007
-0.19300000000000006
-0.14700000000000008
-0.10800000000000004
-0.08400000000000003
-0.06800000000000003
-0.05600000000000002
-0.05300000000000003
-0.03600000000000002
-0.03700000000000001
-0.03300000000000001
-0.026000000000000016
-0.02600000000000001
-0.026999999999999996
-0.028999999999999998
-0.031
-0.04300000000000001
-0.05200000000000001
-0.061
-0.08300000000000002
-0.11300000000000004
-0.17300000000000004
-0.26300000000000007
-0.4350000000000001
-0.7500000000000001
-1.3869999999999985
-2.783999999999999
-6.087000000000001
-13.134
-15.908000000000001
-8.695000000000002
-4.992
-5.555999999999999
-9.283000000000005
-8.877000000000002
-3.610999999999999
-1.233999999999999
-0.6050000000000001
-0.40500000000000014
-0.2970000000000001
-0.22000000000000008
-0.16900000000000004
-0.12500000000000003
-0.09800000000000006
-0.08000000000000003
-0.06600000000000002
-0.05000000000000002
-0.04100000000000003
-0.040000000000000015
-0.031000000000000007
-0.030000000000000006
-0.027000000000000003
-0.019000000000000003
-0.018999999999999996
-0.019000000000000003
-0.017
-0.016999999999999987
-0.01799999999999998
-0.018999999999999986
-0.022999999999999996
-0.03199999999999997
-0.04699999999999997
-0.08100000000000003
-0.12900000000000003
-0.22000000000000003
-0.3750000000000001
-0.651
-1.1789999999999985
-2.4209999999999994
-5.021000000000001
-5.305999999999998
-1.563999999999999
0.5270000000000004
0.6460000000000005
-0.03599999999999991
-0.017999999999999995
0.5719999999999998
0.5469999999999997
0.2759999999999999
0.07599999999999998
-0.011000000000000058
-0.038000000000000006
-0.05099999999999999
-0.04400000000000002
-0.04
-0.031
-0.028999999999999984
-0.02800000000000001
-0.023999999999999983
-0.02299999999999999
-0.025
-0.020000000000000004
-0.01999999999999999
-0.008999999999999994
-0.007000000000000016
-0.004999999999999993
-0.005000000000000021
-4.336808689942018e-18
0.006999999999999995
0.015000000000000003
0.020999999999999967
0.025999999999999995
0.035000000000000045
0.04399999999999999
0.048999999999999905
0.062
0.09000000000000007
0.16699999999999998
0.37700000000000017
0.7460000000000001
1.2150000000000012
1.9810000000000014
2.890000000000002
3.280000000000001
3.225
3.001000000000001
2.6450000000000027
2.0810000000000013
1.4000000000000012
0.8269999999999998
0.46199999999999986
0.2509999999999999
0.13999999999999996
0.07899999999999997
0.04499999999999995
0.025999999999999995
0.008999999999999972
0.0049999999999999845
-0.0020000000000000217
-0.005000000000000008
-0.008000000000000009
-0.013000000000000001
-0.011000000000000006
-0.011000000000000003
-0.004000000000000021
-0.002000000000000006
0.008999999999999975
0.015999999999999966
0.023999999999999973
0.030999999999999982
0.048999999999999974
0.06799999999999995
0.09599999999999997
0.12399999999999994
0.16399999999999998
0.22899999999999998
0.3309999999999999
0.4830000000000001
0.754
1.2120000000000013
1.9050000000000016
2.723000000000003
3.420000000000003
3.796000000000003
3.8340000000000005
3.6670000000000016
3.3770000000000016
2.9220000000000024
2.313000000000001
1.6630000000000007
1.1180000000000014
0.724
0.46499999999999997
0.29999999999999993
0.19799999999999995
0.1319999999999999
0.09199999999999997
0.061999999999999944
0.04199999999999997
0.023999999999999962
0.01599999999999997
0.007999999999999976
0.0019999999999999636
-0.0030000000000000053
-0.006
0.003999999999999988
0.008999999999999975
0.016999999999999973
0.032999999999999974
0.04599999999999997
0.05699999999999996
0.08299999999999996
0.11399999999999999
0.16099999999999995
0.21099999999999997
0.288
0.39200000000000007
0.5459999999999999
0.769
1.0980000000000014
1.5620000000000012
2.1630000000000016
2.7950000000000013
3.312000000000001
3.592
3.6320000000000014
3.490000000000001
3.2080000000000015
2.7920000000000025
2.277000000000002
1.7490000000000012
1.2680000000000016
0.9
0.628
0.43599999999999994
0.30999999999999994
0.21699999999999997
0.15699999999999997
0.10699999999999993
0.07899999999999996
0.05299999999999997
0.039999999999999966
0.02099999999999996
0.016999999999999967
0.004999999999999974
0.0009999999999999775
0.013999999999999964
0.018999999999999982
0.029999999999999985
0.04799999999999996
0.06299999999999996
0.08699999999999997
0.121
0.15999999999999998
0.21799999999999997
0.28800000000000003
0.392
0.525
0.7150000000000001
0.9590000000000013
1.284000000000002
1.6970000000000016
2.1740000000000017
2.647000000000002
3.0320000000000014
3.2640000000000016
3.328000000000002
3.229000000000002
2.994000000000003
2.6470000000000025
2.2190000000000025
1.7740000000000011
1.365000000000001
1.0220000000000011
0.7530000000000001
0.548
0.399
0.29300000000000004
0.21399999999999997
0.15899999999999997
0.11699999999999997
0.07999999999999993
0.06099999999999996
0.039999999999999966
0.02799999999999997
0.013999999999999981
0.009999999999999974
0.01999999999999997
0.024999999999999974
0.04099999999999998
0.05799999999999997
0.07899999999999996
0.10899999999999996
0.149
0.198
0.265
0.358
0.4750000000000001
0.6340000000000001
0.8300000000000001
1.0800000000000016
1.3890000000000016
1.7470000000000014
2.134000000000002
2.5080000000000022
2.8130000000000015
3.0100000000000016
3.0690000000000013
3.005000000000001
2.8130000000000024
2.5220000000000034
2.168000000000003
1.7890000000000015
1.4300000000000015
1.1120000000000017
0.8480000000000001
0.642
0.4780000000000001
0.354
0.264
0.197
0.14399999999999996
0.10399999999999995
0.07499999999999997
0.053999999999999965
0.03199999999999997
0.021999999999999978
0.018999999999999975
0.022999999999999972
0.03499999999999996
0.04599999999999997
0.06599999999999998
0.09399999999999997
0.12799999999999997
0.172
0.23100000000000004
0.31200000000000006
0.40800000000000003
0.537
0.7020000000000001
0.9050000000000001
1.1510000000000011
1.4450000000000018
1.7650000000000012
2.1010000000000018
2.412000000000001
2.664
2.8329999999999993
2.8960000000000026
2.836000000000002
2.6780000000000013
2.433000000000002
2.1230000000000024
1.794000000000001
1.4670000000000012
1.1720000000000015
0.9130000000000001
0.7040000000000001
0.539
0.405
0.30500000000000005
0.23000000000000004
0.172
0.12699999999999997
0.08999999999999997
0.06299999999999997
0.04399999999999997
0.029999999999999985
0.02399999999999998
0.02999999999999997
0.036999999999999963
0.048999999999999974
0.07299999999999998
0.10299999999999998
0.143
0.191
0.256
0.3410000000000001
0.44400000000000006
0.5790000000000001
0.7450000000000001
0.9550000000000003
1.1950000000000012
1.4730000000000016
1.7730000000000008
2.0710000000000015
2.3470000000000004
2.573000000000001
2.7159999999999993
2.768000000000001
2.720000000000001
2.576
2.359000000000001
2.089000000000001
1.7890000000000013
1.4820000000000015
1.2080000000000017
0.9610000000000004
0.7480000000000001
0.58
0.44200000000000006
0.334
0.254
0.191
0.144
0.10199999999999998
0.07199999999999998
0.049999999999999975
0.03399999999999996
0.027999999999999976
0.02999999999999997
0.03599999999999996
0.05199999999999998
0.07699999999999999
0.10999999999999999
0.153
0.20500000000000002
0.273
0.35600000000000004
0.4640000000000001
0.6040000000000002
0.7750000000000002
0.9780000000000005
1.2240000000000018
1.4920000000000022
1.7750000000000015
2.0530000000000004
2.314999999999999
2.5179999999999993
2.6489999999999987
2.702
2.655999999999999
2.5229999999999984
2.322
2.063
1.7870000000000013
1.4980000000000022
1.2280000000000018
0.9800000000000002
0.7750000000000001
0.602
0.4620000000000001
0.35300000000000004
0.27299999999999996
0.20500000000000002
0.151
0.10999999999999999
0.07799999999999999
0.050999999999999976
0.037999999999999964
0.030999999999999972
0.030999999999999972
0.036999999999999963
0.05299999999999998
0.08199999999999996
0.118
0.151
0.20900000000000002
0.278
0.36100000000000004
0.4780000000000001
0.6120000000000001
0.7870000000000003
0.9890000000000004
1.2290000000000012
1.4980000000000027
1.7770000000000015
2.06
2.3069999999999986
2.500999999999998
2.6300000000000003
2.6720000000000024
2.6290000000000004
2.5019999999999984
2.307999999999999
2.0600000000000005
1.7770000000000012
1.4980000000000029
1.2280000000000015
0.9900000000000007
0.7860000000000001
0.613
0.4780000000000001
0.36300000000000004
0.28
0.20900000000000002
0.149
0.118
0.08299999999999999
0.05299999999999998
0.036999999999999963
0.02799999999999997
0.02999999999999997
0.03599999999999996
0.05199999999999998
0.07699999999999999
0.10999999999999999
0.153
0.20500000000000002
0.273
0.35600000000000004
0.4640000000000001
0.6040000000000002
0.7750000000000002
0.9780000000000005
1.2240000000000018
1.4920000000000022
1.7750000000000015
2.0530000000000004
2.314999999999999
2.5179999999999993
2.6489999999999987
2.702
2.655999999999999
2.5229999999999984
2.322
2.063
1.7870000000000013
1.4980000000000022
1.2280000000000018
0.9800000000000002
0.7750000000000001
0.602
0.4620000000000001
0.35300000000000004
0.27299999999999996
0.20500000000000002
0.151
0.10999999999999999
0.07799999999999999
0.050999999999999976
0.037999999999999964
0.030999999999999972
0.02999999999999997
0.036999999999999963
0.048999999999999974
0.07299999999999998
0.10299999999999998
0.143
0.191
0.256
0.3410000000000001
0.44400000000000006
0.5790000000000001
0.7450000000000001
0.9550000000000003
1.1950000000000012
1.4730000000000016
1.7730000000000008
2.0710000000000015
2.3470000000000004
2.573000000000001
2.7159999999999993
2.768000000000001
2.720000000000001
2.576
2.359000000000001
2.089000000000001
1.7890000000000013
1.4820000000000015
1.2080000000000017
0.9610000000000004
0.7480000000000001
0.58
0.44200000000000006
0.334
0.254
0.191
0.144
0.10199999999999998
0.07199999999999998
0.049999999999999975
0.03399999999999996
0.027999999999999976
0.022999999999999972
0.03499999999999996
0.04599999999999997
0.06599999999999998
0.09399999999999997
0.12799999999999997
0.172
0.23100000000000004
0.31200000000000006
0.40800000000000003
0.537
0.7020000000000001
0.9050000000000001
1.1510000000000011
1.4450000000000018
1.7650000000000012
2.1010000000000018
2.412000000000001
2.664
2.8329999999999993
2.8960000000000026
2.836000000000002
2.6780000000000013
2.433000000000002
2.1230000000000024
1.794000000000001
1.4670000000000012
1.1720000000000015
0.9130000000000001
0.7040000000000001
0.539
0.405
0.30500000000000005
0.23000000000000004
0.172
0.12699999999999997
0.08999999999999997
0.06299999999999997
0.04399999999999997
0.029999999999999985
0.02399999999999998
0.01999999999999997
0.024999999999999974
0.04099999999999998
0.05799999999999997
0.07899999999999996
0.10899999999999996
0.149
0.198
0.265
0.358
0.4750000000000001
0.6340000000000001
0.8300000000000001
1.0800000000000016
1.3890000000000016
1.7470000000000014
2.134000000000002
2.5080000000000022
2.8130000000000015
3.0100000000000016
3.0690000000000013
3.005000000000001
2.8130000000000024
2.5220000000000034
2.168000000000003
1.7890000000000015
1.4300000000000015
1.1120000000000017
0.8480000000000001
0.642
0.4780000000000001
0.354
0.264
0.197
0.14399999999999996
0.10399999999999995
0.07499999999999997
0.053999999999999965
0.03199999999999997
0.021999999999999978
0.018999999999999975
0.013999999999999964
0.018999999999999982
0.029999999999999985
0.04799999999999996
0.06299999999999996
0.08699999999999997
0.121
0.15999999999999998
0.21799999999999997
0.28800000000000003
0.392
0.525
0.7150000000000001
0.9590000000000013
1.284000000000002
1.6970000000000016
2.1740000000000017
2.647000000000002
3.0320000000000014
3.2640000000000016
3.328000000000002
3.229000000000002
2.994000000000003
2.6470000000000025
2.2190000000000025
1.7740000000000011
1.365000000000001
1.0220000000000011
0.7530000000000001
0.548
0.399
0.29300000000000004
0.21399999999999997
0.15899999999999997
0.11699999999999997
0.07999999999999993
0.06099999999999996
0.039999999999999966
0.02799999999999997
0.013999999999999981
0.009999999999999974
0.003999999999999988
0.008999999999999975
0.016999999999999973
0.032999999999999974
0.04599999999999997
0.05699999999999996
0.08299999999999996
0.11399999999999999
0.16099999999999995
0.21099999999999997
0.288
0.39200000000000007
0.5459999999999999
0.769
1.0980000000000014
1.5620000000000012
2.1630000000000016
2.7950000000000013
3.312000000000001
3.592
3.6320000000000014
3.490000000000001
3.2080000000000015
2.7920000000000025
2.277000000000002
1.7490000000000012
1.2680000000000016
0.9
0.628
0.43599999999999994
0.30999999999999994
0.21699999999999997
0.15699999999999997
0.10699999999999993
0.07899999999999996
0.05299999999999997
0.039999999999999966
0.02099999999999996
0.016999999999999967
0.004999999999999974
0.0009999999999999775
-0.004000000000000021
-0.002000000000000006
0.008999999999999975
0.015999999999999966
0.023999999999999973
0.030999999999999982
0.048999999999999974
0.06799999999999995
0.09599999999999997
0.12399999999999994
0.16399999999999998
0.22899999999999998
0.3309999999999999
0.4830000000000001
0.754
1.2120000000000013
1.9050000000000016
2.723000000000003
3.420000000000003
3.796000000000003
3.8340000000000005
3.6670000000000016
3.3770000000000016
2.9220000000000024
2.313000000000001
1.6630000000000007
1.1180000000000014
0.724
0.46499999999999997
0.29999999999999993
0.19799999999999995
0.1319999999999999
0.09199999999999997
0.061999999999999944
0.04199999999999997
0.023999999999999962
0.01599999999999997
0.007999999999999976
0.0019999999999999636
-0.0030000000000000053
-0.006
-0.008999999999999994
-0.007000000000000016
-0.004999999999999993
-0.005000000000000021
-4.336808689942018e-18
0.006999999999999995
0.015000000000000003
0.020999999999999967
0.025999999999999995
0.035000000000000045
0.04399999999999999
0.048999999999999905
0.062
0.09000000000000007
0.16699999999999998
0.37700000000000017
0.7460000000000001
1.2150000000000012
1.9810000000000014
2.890000000000002
3.280000000000001
3.225
3.001000000000001
2.6450000000000027
2.0810000000000013
1.4000000000000012
0.8269999999999998
0.46199999999999986
0.2509999999999999
0.13999999999999996
0.07899999999999997
0.04499999999999995
0.025999999999999995
0.008999999999999972
0.0049999999999999845
-0.0020000000000000217
-0.005000000000000008
-0.008000000000000009
-0.013000000000000001
-0.011000000000000006
-0.011000000000000003
-0.019000000000000003
-0.018999999999999996
-0.019000000000000003
-0.017
-0.016999999999999987
-0.01799999999999998
-0.018999999999999986
-0.022999999999999996
-0.03199999999999997
-0.04699999999999997
-0.08100000000000003
-0.12900000000000003
-0.22000000000000003
-0.3750000000000001
-0.651
-1.1789999999999985
-2.4209999999999994
-5.021000000000001
-5.305999999999998
-1.563999999999999
0.5270000000000004
0.6460000000000005
-0.03599999999999991
-0.017999999999999995
0.5719999999999998
0.5469999999999997
0.2759999999999999
0.07599999999999998
-0.011000000000000058
-0.038000000000000006
-0.05099999999999999
-0.04400000000000002
-0.04
-0.031
-0.028999999999999984
-0.02800000000000001
-0.023999999999999983
-0.02299999999999999
-0.025
-0.020000000000000004
-0.01999999999999999
-0.026000000000000016
-0.02600000000000001
-0.026999999999999996
-0.028999999999999998
-0.031
-0.04300000000000001
-0.05200000000000001
-0.061
-0.08300000000000002
-0.11300000000000004
-0.17300000000000004
-0.26300000000000007
-0.4350000000000001
-0.7500000000000001
-1.3869999999999985
-2.783999999999999
-6.087000000000001
-13.134
-15.908000000000001
-8.695000000000002
-4.992
-5.555999999999999
-9.283000000000005
-8.877000000000002
-3.610999999999999
-1.233999999999999
-0.6050000000000001
-0.40500000000000014
-0.2970000000000001
-0.22000000000000008
-0.16900000000000004
-0.12500000000000003
-0.09800000000000006
-0.08000000000000003
-0.06600000000000002
-0.05000000000000002
-0.04100000000000003
-0.040000000000000015
-0.031000000000000007
-0.030000000000000006
-0.027000000000000003
-0.027000000000000003
-0.029000000000000012
-0.03500000000000002
-0.03400000000000001
-0.04200000000000002
-0.05300000000000003
-0.06500000000000003
-0.08500000000000005
-0.11600000000000003
-0.15700000000000006
-0.22300000000000003
-0.3320000000000001
-0.5220000000000001
-0.8710000000000001
-1.575999999999999
-3.1499999999999986
-6.762000000000001
-13.132000000000001
-15.203999999999999
-10.713000000000001
-8.589000000000002
-10.665000000000001
-15.917
-15.363999999999999
-7.382
-3.0819999999999976
-1.4899999999999982
-0.852
-0.5410000000000001
-0.3680000000000001
-0.26100000000000007
-0.19300000000000006
-0.14700000000000008
-0.10800000000000004
-0.08400000000000003
-0.06800000000000003
-0.05600000000000002
-0.05300000000000003
-0.03600000000000002
-0.03700000000000001
-0.03300000000000001
-0.030000000000000013
-0.031000000000000014
-0.03900000000000002
-0.045000000000000026
-0.05400000000000003
-0.06400000000000002
-0.08000000000000004
-0.10100000000000005
-0.13000000000000006
-0.17100000000000007
-0.23600000000000004
-0.3350000000000001
-0.4850000000000001
-0.7370000000000001
-1.1859999999999984
-2.1049999999999995
-4.288000000000005
-8.431999999999995
-9.659999999999998
-6.713000000000003
-6.098000000000004
-9.528999999999998
-15.282
-12.774000000000001
-6.934000000000002
-3.4829999999999983
-1.8429999999999986
-1.0679999999999998
-0.6760000000000002
-0.45400000000000007
-0.31700000000000006
-0.232
-0.1750000000000001
-0.13400000000000004
-0.10700000000000003
-0.08400000000000003
-0.07400000000000002
-0.05100000000000003
-0.045000000000000026
-0.04400000000000003
-0.033000000000000015
-0.027000000000000024
-0.03700000000000002
-0.04400000000000002
-0.04800000000000002
-0.060000000000000026
-0.06800000000000002
-0.08500000000000003
-0.10100000000000003
-0.13600000000000004
-0.17200000000000001
-0.21700000000000003
-0.28600000000000003
-0.37100000000000005
-0.4840000000000001
-0.6120000000000001
-0.778
-1.1469999999999985
-1.852999999999998
-2.0719999999999987
-1.6209999999999989
-1.8359999999999987
-3.7249999999999988
-6.811000000000004
-6.481000000000004
-4.120000000000001
-2.5009999999999986
-1.553999999999999
-0.9930000000000001
-0.6680000000000001
-0.4620000000000001
-0.32800000000000007
-0.24700000000000003
-0.18600000000000005
-0.14000000000000004
-0.11300000000000002
-0.09000000000000004
-0.07400000000000002
-0.060000000000000026
-0.05100000000000003
-0.044000000000000025
-0.03700000000000001
-0.029000000000000012
-0.03700000000000001
-0.04600000000000003
-0.053000000000000026
-0.058000000000000024
-0.07100000000000004
-0.08200000000000003
-0.10400000000000004
-0.12100000000000002
-0.14700000000000002
-0.18500000000000005
-0.21700000000000003
-0.251
-0.25500000000000006
-0.20500000000000002
-0.05300000000000002
0.181
0.384
0.473
0.4589999999999999
0.337
-0.07799999999999993
-0.8699999999999989
-1.403999999999999
-1.4429999999999985
-1.2639999999999987
-1.004
-0.7540000000000001
-0.559
-0.41100000000000003
-0.31
-0.23500000000000004
-0.18100000000000005
-0.14300000000000002
-0.11600000000000003
-0.09500000000000001
-0.07700000000000003
-0.06600000000000003
-0.053000000000000026
-0.045000000000000026
-0.04100000000000002
-0.02700000000000001
-0.034000000000000016
-0.042000000000000016
-0.05000000000000002
-0.05400000000000001
-0.06800000000000002
-0.08100000000000003
-0.08800000000000002
-0.10900000000000004
-0.12100000000000002
-0.14200000000000002
-0.15100000000000002
-0.14400000000000002
-0.10900000000000003
-0.006000000000000019
0.17599999999999993
0.432
0.673
0.8130000000000001
0.853
0.8550000000000001
0.785
0.529
0.10499999999999997
-0.2890000000000001
-0.511
-0.562
-0.501
-0.42200000000000004
-0.3340000000000001
-0.269
-0.21200000000000005
-0.17200000000000004
-0.137
-0.11000000000000003
-0.09100000000000003
-0.07400000000000004
-0.06700000000000003
-0.05500000000000002
-0.04800000000000002
-0.04300000000000002
-0.030000000000000006
-0.03200000000000001
-0.041000000000000016
-0.04700000000000002
-0.05400000000000002
-0.06300000000000003
-0.07100000000000004
-0.07900000000000003
-0.08700000000000002
-0.09900000000000003
-0.09900000000000003
-0.09800000000000003
-0.07400000000000004
-0.01900000000000002
0.06700000000000002
0.21799999999999992
0.396
0.571
0.6840000000000002
0.7530000000000001
0.7740000000000001
0.745
0.6039999999999999
0.34400000000000003
0.047
-0.171
-0.28500000000000003
-0.315
-0.29
-0.257
-0.21500000000000005
-0.18200000000000002
-0.14900000000000002
-0.12300000000000001
-0.10600000000000002
-0.08500000000000003
-0.07300000000000002
-0.06400000000000003
-0.057000000000000016
-0.04400000000000002
-0.039000000000000014
-0.027000000000000007
-0.03300000000000001
-0.03700000000000001
-0.039000000000000014
-0.04900000000000001
-0.05200000000000001
-0.061000000000000026
-0.06800000000000002
-0.07400000000000001
-0.06999999999999999
-0.07200000000000004
-0.05400000000000002
-0.031000000000000028
0.018999999999999996
0.09799999999999996
0.20299999999999993
0.324
0.4369999999999999
0.5249999999999999
0.5800000000000001
0.5970000000000001
0.565
0.465
0.309
0.11999999999999998
-0.03400000000000003
-0.131
-0.18300000000000002
-0.195
-0.18300000000000002
-0.171
-0.14400000000000002
-0.12400000000000003
-0.10700000000000003
-0.08700000000000002
-0.07600000000000003
-0.07100000000000002
-0.060000000000000026
-0.04900000000000002
-0.042000000000000016
-0.03600000000000001
-0.02500000000000001
-0.029000000000000005
-0.03500000000000001
-0.03800000000000001
-0.045000000000000005
-0.04600000000000001
-0.049000000000000016
-0.05600000000000002
-0.05400000000000001
-0.05000000000000003
-0.04400000000000003
-0.030000000000000023
-0.005000000000000017
0.043000000000000003
0.09799999999999998
0.17099999999999996
0.25499999999999995
0.335
0.39799999999999985
0.43399999999999994
0.43999999999999995
0.412
0.343
0.23999999999999994
0.12599999999999995
0.021999999999999985
-0.05500000000000003
-0.10300000000000004
-0.125
-0.131
-0.128
-0.11000000000000003
-0.1
-0.09100000000000003
-0.07500000000000002
-0.06800000000000002
-0.06200000000000001
-0.05400000000000001
-0.04500000000000002
-0.040000000000000015
-0.03400000000000001
-0.024000000000000014
-0.02600000000000001
-0.030000000000000006
-0.03200000000000001
-0.03500000000000002
-0.04000000000000001
-0.042000000000000016
-0.038000000000000006
-0.041000000000000016
-0.036000000000000025
-0.027000000000000017
-0.007000000000000017
0.02099999999999999
0.04799999999999999
0.09099999999999998
0.146
0.20699999999999996
0.25599999999999995
0.298
0.32100000000000006
0.32300000000000006
0.301
0.25799999999999995
0.19199999999999998
0.11799999999999995
0.04799999999999999
-0.01600000000000002
-0.054000000000000006
-0.07600000000000001
-0.09
-0.08700000000000001
-0.08600000000000001
-0.08000000000000002
-0.07100000000000001
-0.06800000000000002
-0.06000000000000001
-0.05200000000000001
-0.04300000000000001
-0.03600000000000001
-0.03300000000000001
-0.03400000000000001
-0.02100000000000001
-0.024000000000000014
-0.02600000000000001
-0.026000000000000002
-0.030000000000000013
-0.032000000000000015
-0.033000000000000015
-0.031000000000000017
-0.026000000000000016
-0.022000000000000023
-0.01600000000000002
0.0009999999999999992
0.026999999999999993
0.05299999999999998
0.08599999999999998
0.12499999999999997
0.16299999999999995
0.19999999999999993
0.23199999999999996
0.24599999999999994
0.24499999999999994
0.22899999999999995
0.19999999999999996
0.155
0.10399999999999998
0.05599999999999998
0.012999999999999994
-0.026000000000000013
-0.04300000000000001
-0.054000000000000006
-0.065
-0.065
-0.06100000000000001
-0.06000000000000001
-0.05500000000000001
-0.048000000000000015
-0.04200000000000001
-0.039000000000000014
-0.03300000000000001
-0.031000000000000007
-0.02400000000000001
