-0.0
-0.0
-0.0
-0.0
-0.0
-0.0
-0.0
-0.0
-0.0
-0.0
-0.0
-0.0
-0.0
-0.0
-0.0
-0.0
-0.0
-0.0
-0.0
-0.0
-0.0
-0.0
-0.0
-0.0
-0.0
-0.0
-0.0
-0.0
-0.0
-0.0
-0.0
-0.0
-0.0
-0.0
-0.0
-0.0
-0.0
-0.0
-0.0
-0.0
-0.0
-0.0
-0.0
-0.0
-0.0
-0.0
-0.0
-0.0
-0.0
-0.0
-0.0
-0.0
-0.0
-0.0
-0.0
-0.0
-0.0
-0.0
-0.0
-0.0
-0.0
-0.0
-0.0
-0.0
-0.0
-0.001
-0.002
-0.002
-0.002
-0.002
-0.002
-0.001
-0.0
-0.0
-0.0
-0.0
-0.0
-0.0
-0.0
-0.0
-0.0
-0.0
-0.0
-0.0
-0.0
-0.0
-0.0
-0.0
-0.0
-0.0
-0.0
-0.0
-0.0
-0.0
-0.0
-0.0
-0.0
-0.0
-0.0
-0.0
-0.0
-0.0
-0.0
-0.0
0.002
-0.0
-0.0
-0.002
-0.002
-0.002
-0.002
-0.002
-0.002
-0.002
-0.0
-0.0
-0.0
-0.0
-0.0
-0.0
-0.0
-0.0
-0.0
-0.0
-0.0
-0.0
-0.0
-0.0
-0.0
-0.0
-0.0
-0.0
-0.0
-0.002
-0.002
-0.002
-0.002
-0.002
-0.001
-0.0
-0.0
-0.0
-0.0
0.002
0.002
0.002
-0.0
-0.0
-0.0
-0.0
-0.002
-0.002
-0.002
-0.002
-0.002
-0.002
-0.0
-0.0
-0.0
-0.0
-0.0
-0.0
-0.0
-0.0
-0.0
-0.0
-0.0
-0.0
-0.0
-0.0
-0.0
-0.0
-0.0
-0.002
-0.002
-0.002
-0.002
-0.002
-0.0
-0.0
-0.0
0.002
0.002
0.004
0.002
0.002
0.002
-0.0
-0.0
-0.0
-0.0
-0.0
-0.002
-0.002
-0.002
-0.002
-0.002
-0.0
-0.0
-0.0
-0.0
-0.0
-0.0
-0.0
-0.0
-0.0
-0.0
-0.0
-0.0
-0.0
-0.0
-0.0
-0.0
-0.002
-0.002
-0.002
-0.002
-0.002
-0.0
-0.0
-0.0
-0.0
0.002
0.002
0.004
0.004
0.002
-0.0
-0.002
-0.002
-0.002
-0.002
-0.002
-0.0
-0.002
-0.002
-0.002
-0.002
-0.002
-0.0
-0.0
-0.0
-0.0
-0.0
-0.0
-0.0
-0.0
-0.0
-0.0
-0.0
-0.0
-0.0
-0.0
-0.002
-0.002
-0.002
-0.002
-0.002
-0.0
-0.002
-0.002
-0.002
-0.002
-0.0
0.006
0.008
0.008
0.006
0.004
-0.003
-0.004
-0.004
-0.004
-0.002
-0.002
-0.002
-0.002
-0.002
-0.002
-0.002
-0.0
-0.0
-0.0
-0.0
-0.0
-0.0
-0.0
-0.0
-0.0
-0.0
-0.0
-0.0
-0.0
-0.0
-0.002
-0.002
-0.002
-0.002
-0.002
-0.002
-0.002
-0.002
-0.004
-0.004
-0.0
0.007
0.01
0.012
0.012
0.004
-0.003
-0.007
-0.005
-0.006
-0.004
-0.002
-0.004
-0.002
-0.002
-0.002
-0.0
-0.0
-0.0
-0.0
-0.0
-0.0
-0.0
-0.0
-0.0
-0.0
-0.0
-0.0
-0.0
-0.0
-0.0
-0.002
-0.002
-0.002
-0.002
-0.002
-0.004
-0.002
-0.004
-0.006
-0.008
-0.001
0.013000000000000001
0.022
0.023
0.023
0.013000000000000001
-0.003
-0.009999999999999998
-0.008
-0.006
-0.004
-0.002
-0.004
-0.004
-0.002
-0.002
-0.0
-0.0
-0.0
-0.0
-0.0
-0.0
-0.0
-0.0
-0.0
-0.0
-0.0
-0.0
-0.0
-0.0
-0.0
-0.002
-0.002
-0.002
-0.002
-0.002
-0.004
-0.003
-0.004
-0.008
-0.013000000000000001
-0.01
0.022
0.033
0.03
0.032
0.024
0
-0.008999999999999998
-0.008
-0.006
-0.004
-0.004
-0.002
-0.004
-0.004
-0.002
-0.002
-0.0
-0.0
-0.0
-0.0
-0.0
-0.0
-0.0
-0.0
-0.0
-0.0
-0.0
-0.0
-0.0
-0.002
-0.002
-0.002
-0.002
-0.002
-0.0
-0.002
-0.004
-0.006
-0.01
-0.013
-0.008
0.022
0.036
0.032
0.030000000000000002
0.026
0.008
-0.005000000000000001
-0.007
-0.006
-0.004
-0.004
-0.002
-0.004
-0.004
-0.002
-0.002
-0.0
-0.0
-0.0
-0.0
-0.0
-0.0
-0.0
-0.0
-0.0
-0.0
-0.0
-0.0
-0.0
-0.001
-0.002
-0.002
-0.002
-0.002
-0.0
-0.002
-0.002
-0.004
-0.007
-0.007
-0.002
0.014
0.024
0.022
0.022000000000000002
0.018
0.008
0.002
-0.004
-0.004
-0.004
-0.002
-0.002
-0.004
-0.004
-0.002
-0.0
-0.0
-0.0
-0.0
-0.0
-0.0
-0.0
-0.0
-0.0
-0.0
-0.0
-0.0
-0.0
-0.0
-0.0
-0.002
-0.002
-0.002
-0.002
-0.002
-0.001
-0.002
-0.002
-0.004
-0.002
0.004
0.008
0.012
0.012
0.013999999999999999
0.01
0.008
0.002
-0.002
-0.002
-0.002
-0.002
-0.002
-0.004
-0.004
-0.001
-0.0
-0.0
-0.0
-0.0
-0.0
-0.0
-0.0
-0.0
-0.0
-0.0
-0.0
-0.0
-0.0
-0.0
-0.0
-0.002
-0.002
-0.002
-0.002
-0.002
-0.0
-0.0
-0.002
-0.002
0.001
0.002
0.007
0.008
0.008
0.01
0.01
0.006
0.002
0.001
-0.002
-0.002
-0.002
-0.004
-0.004
-0.002
-0.0
-0.0
-0.0
-0.0
-0.0
-0.0
-0.0
-0.0
-0.0
-0.0
-0.0
-0.0
-0.0
-0.0
-0.0
-0.0
-0.0
-0.002
-0.002
-0.002
-0.002
-0.0
-0.0
-0.0
-0.0
-0.0
0.002
0.002
0.004
0.004
0.006
0.008
0.006
0.004
-0.0
-0.0
-0.0
-0.0
-0.002
-0.002
-0.001
-0.0
-0.0
-0.0
-0.0
-0.0
-0.0
-0.0
-0.0
-0.0
-0.0
-0.0
-0.0
-0.0
-0.0
-0.0
-0.0
-0.0
-0.0
-0.002
-0.002
-0.002
-0.002
-0.0
-0.0
-0.0
0.002
0.002
0.002
0.004
0.004
0.006
0.006
0.004
0.002
0.002
-0.0
-0.0
-0.002
-0.002
-0.001
-0.0
-0.0
-0.0
-0.0
-0.0
-0.0
-0.0
-0.0
-0.0
-0.0
-0.0
-0.0
-0.0
-0.0
-0.0
-0.0
-0.0
-0.0
-0.0
-0.0
-0.002
-0.002
-0.002
-0.002
-0.0
0.002
0.002
0.002
0.002
0.002
0.002
0.004
0.002
0.002
0.002
0.002
-0.0
-0.0
-0.0
-0.0
-0.0
-0.0
-0.0
-0.0
-0.0
-0.0
-0.0
-0.0
-0.0
-0.0
-0.0
-0.0
-0.0
-0.0
-0.0
-0.0
-0.0
-0.0
-0.0
-0.0
-0.0
-0.0
-0.0
-0.0
-0.0
-0.0
-0.0
0.002
0.002
0.002
0.002
0.002
-0.0
-0.0
-0.0
-0.0
-0.0
-0.0
-0.0
-0.0
-0.0
-0.0
-0.0
-0.0
-0.0
-0.0
-0.0
-0.0
-0.0
-0.0
-0.0
-0.0
-0.0
-0.0
-0.0
-0.0
-0.0
-0.0
-0.0
-0.0
-0.0
-0.0
-0.0
-0.0
-0.0
-0.0
-0.0
-0.0
-0.0
-0.0
-0.0
-0.0
-0.0
-0.0
-0.0
-0.0
-0.0
-0.0
-0.0
-0.0
-0.0
-0.0
-0.0
-0.0
-0.0
-0.0
-0.0
-0.0
-0.0
-0.0
-0.0
-0.0
-0.0
-0.0
-0.0
-0.0
-0.0
-0.0
-0.0
-0.0
-0.0
-0.0
-0.0
-0.0
-0.0
-0.0
-0.0
-0.0
-0.0
-0.0
-0.0
-0.0
-0.0
-0.0
-0.0
-0.0
-0.0
-0.0
-0.0
-0.0
-0.0
-0.0
-0.0
-0.0
-0.0
-0.0
-0.0
-0.0
-0.0
-0.0
-0.0
-0.0
-0.0
-0.0
-0.0
-0.0
-0.0
-0.0
-0.0
-0.0
-0.0
-0.0
-0.0
-0.0
-0.0
-0.0
-0.0
-0.0
-0.0
-0.0
-0.0
-0.0
-0.0
-0.0
-0.0
-0.0
-0.0
-0.0
-0.0
-0.0
-0.0
-0.0
-0.0
-0.0
-0.0
-0.0
-0.0
-0.0
-0.0
-0.0
-0.0
-0.0
-0.0
-0.0
-0.0
-0.0
-0.0
-0.0
-0.0
-0.0
-0.0
-0.0
-0.0
-0.0
-0.0
-0.0
-0.0
-0.0
-0.0
-0.0
-0.0
-0.0
-0.0
-0.0
-0.0
-0.0
-0.0
-0.0
-0.0
-0.0
-0.0
-0.0
-0.0
-0.0
-0.0
-0.0
-0.0
-0.0
-0.0
-0.0
-0.0
-0.0
-0.0
-0.0
-0.0
-0.0
-0.0
-0.0
-0.0
-0.0
-0.0
-0.0
-0.0
-0.0
-0.0
-0.0
-0.0
-0.0
-0.0
-0.0
-0.0
-0.0
-0.0
-0.0
-0.0
-0.0
-0.0
-0.0
-0.0
-0.0
-0.0
-0.0
-0.0
-0.0
-0.0
-0.0
-0.0
-0.0
-0.0
-0.0
-0.0
-0.0
-0.0
-0.0
-0.0
-0.0
-0.0
-0.0
-0.0
-0.0
-0.0
-0.0
-0.0
-0.0
-0.0
-0.0
-0.0
-0.0
-0.0
-0.0
-0.0
-0.0
-0.0
0.002
0.002
0.002
0.002
0.002
-0.0
-0.0
-0.0
-0.0
-0.0
-0.0
-0.0
-0.0
-0.0
-0.0
-0.0
-0.0
-0.0
-0.0
-0.0
-0.0
-0.0
-0.0
-0.0
-0.0
-0.0
-0.0
-0.0
-0.0
-0.0
-0.0
-0.0
-0.0
-0.0
-0.0
-0.002
-0.002
-0.002
-0.002
-0.0
0.002
0.002
0.002
0.002
0.002
0.002
0.004
0.002
0.002
0.002
0.002
-0.0
-0.0
-0.0
-0.0
-0.0
-0.0
-0.0
-0.0
-0.0
-0.0
-0.0
-0.0
-0.0
-0.0
-0.0
-0.0
-0.0
-0.0
-0.0
-0.0
-0.0
-0.0
-0.0
-0.0
-0.002
-0.002
-0.002
-0.002
-0.0
-0.0
-0.0
0.002
0.002
0.002
0.004
0.004
0.006
0.006
0.004
0.002
0.002
-0.0
-0.0
-0.002
-0.002
-0.001
-0.0
-0.0
-0.0
-0.0
-0.0
-0.0
-0.0
-0.0
-0.0
-0.0
-0.0
-0.0
-0.0
-0.0
-0.0
-0.0
-0.0
-0.0
-0.002
-0.002
-0.002
-0.002
-0.0
-0.0
-0.0
-0.0
-0.0
0.002
0.002
0.004
0.004
0.006
0.008
0.006
0.004
-0.0
-0.0
-0.0
-0.0
-0.002
-0.002
-0.001
-0.0
-0.0
-0.0
-0.0
-0.0
-0.0
-0.0
-0.0
-0.0
-0.0
-0.0
-0.0
-0.0
-0.0
-0.0
-0.0
-0.002
-0.002
-0.002
-0.002
-0.002
-0.0
-0.0
-0.002
-0.002
0.001
0.002
0.007
0.008
0.008
0.01
0.01
0.006
0.002
0.001
-0.002
-0.002
-0.002
-0.004
-0.004
-0.002
-0.0
-0.0
-0.0
-0.0
-0.0
-0.0
-0.0
-0.0
-0.0
-0.0
-0.0
-0.0
-0.0
-0.0
-0.0
-0.0
-0.002
-0.002
-0.002
-0.002
-0.002
-0.001
-0.002
-0.002
-0.004
-0.002
0.004
0.008
0.012
0.012
0.013999999999999999
0.01
0.008
0.002
-0.002
-0.002
-0.002
-0.002
-0.002
-0.004
-0.004
-0.001
-0.0
-0.0
-0.0
-0.0
-0.0
-0.0
-0.0
-0.0
-0.0
-0.0
-0.0
-0.0
-0.0
-0.0
-0.001
-0.002
-0.002
-0.002
-0.002
-0.0
-0.002
-0.002
-0.004
-0.007
-0.007
-0.002
0.014
0.024
0.022
0.022000000000000002
0.018
0.008
0.002
-0.004
-0.004
-0.004
-0.002
-0.002
-0.004
-0.004
-0.002
-0.0
-0.0
-0.0
-0.0
-0.0
-0.0
-0.0
-0.0
-0.0
-0.0
-0.0
-0.0
-0.0
-0.0
-0.002
-0.002
-0.002
-0.002
-0.002
-0.0
-0.002
-0.004
-0.006
-0.01
-0.013
-0.008
0.022
0.036
0.032
0.030000000000000002
0.026
0.008
-0.005000000000000001
-0.007
-0.006
-0.004
-0.004
-0.002
-0.004
-0.004
-0.002
-0.002
-0.0
-0.0
-0.0
-0.0
-0.0
-0.0
-0.0
-0.0
-0.0
-0.0
-0.0
-0.0
-0.0
-0.0
-0.002
-0.002
-0.002
-0.002
-0.002
-0.004
-0.003
-0.004
-0.008
-0.013000000000000001
-0.01
0.022
0.033
0.03
0.032
0.024
0
-0.008999999999999998
-0.008
-0.006
-0.004
-0.004
-0.002
-0.004
-0.004
-0.002
-0.002
-0.0
-0.0
-0.0
-0.0
-0.0
-0.0
-0.0
-0.0
-0.0
-0.0
-0.0
-0.0
-0.0
-0.0
-0.002
-0.002
-0.002
-0.002
-0.002
-0.004
-0.002
-0.004
-0.006
-0.008
-0.001
0.013000000000000001
0.022
0.023
0.023
0.013000000000000001
-0.003
-0.009999999999999998
-0.008
-0.006
-0.004
-0.002
-0.004
-0.004
-0.002
-0.002
-0.0
-0.0
-0.0
-0.0
-0.0
-0.0
-0.0
-0.0
-0.0
-0.0
-0.0
-0.0
-0.0
-0.0
-0.0
-0.002
-0.002
-0.002
-0.002
-0.002
-0.002
-0.002
-0.002
-0.004
-0.004
-0.0
0.007
0.01
0.012
0.012
0.004
-0.003
-0.007
-0.005
-0.006
-0.004
-0.002
-0.004
-0.002
-0.002
-0.002
-0.0
-0.0
-0.0
-0.0
-0.0
-0.0
-0.0
-0.0
-0.0
-0.0
-0.0
-0.0
-0.0
-0.0
-0.0
-0.002
-0.002
-0.002
-0.002
-0.002
-0.0
-0.002
-0.002
-0.002
-0.002
-0.0
0.006
0.008
0.008
0.006
0.004
-0.003
-0.004
-0.004
-0.004
-0.002
-0.002
-0.002
-0.002
-0.002
-0.002
-0.002
-0.0
-0.0
-0.0
-0.0
-0.0
-0.0
-0.0
-0.0
-0.0
-0.0
-0.0
-0.0
-0.0
-0.0
-0.0
-0.002
-0.002
-0.002
-0.002
-0.002
-0.0
-0.0
-0.0
-0.0
0.002
0.002
0.004
0.004
0.002
-0.0
-0.002
-0.002
-0.002
-0.002
-0.002
-0.0
-0.002
-0.002
-0.002
-0.002
-0.002
-0.0
-0.0
-0.0
-0.0
-0.0
-0.0
-0.0
-0.0
-0.0
-0.0
-0.0
-0.0
-0.0
-0.0
-0.0
-0.0
-0.002
-0.002
-0.002
-0.002
-0.002
-0.0
-0.0
-0.0
0.002
0.002
0.004
0.002
0.002
0.002
-0.0
-0.0
-0.0
-0.0
-0.0
-0.002
-0.002
-0.002
-0.002
-0.002
-0.0
-0.0
-0.0
-0.0
-0.0
-0.0
-0.0
-0.0
-0.0
-0.0
-0.0
-0.0
-0.0
-0.0
-0.0
-0.0
-0.0
-0.0
-0.002
-0.002
-0.002
-0.002
-0.002
-0.001
-0.0
-0.0
-0.0
-0.0
0.002
0.002
0.002
-0.0
-0.0
-0.0
-0.0
-0.002
-0.002
-0.002
-0.002
-0.002
-0.002
-0.0
-0.0
-0.0
-0.0
-0.0
-0.0
-0.0
-0.0
-0.0
-0.0
-0.0
-0.0
-0.0
-0.0
-0.0
-0.0
-0.0
-0.0
-0.0
-0.0
-0.0
-0.0
-0.0
-0.0
-0.0
-0.0
-0.0
-0.0
-0.0
-0.0
0.002
-0.0
-0.0
-0.002
-0.002
-0.002
-0.002
-0.002
-0.002
-0.002
-0.0
-0.0
-0.0
-0.0
-0.0
-0.0
-0.0
-0.0
-0.0
-0.0
-0.0
-0.0
-0.0
-0.0
-0.0
-0.0
-0.0
-0.0
-0.0
-0.0
-0.0
-0.0
-0.0
-0.0
-0.0
-0.0
-0.0
-0.0
-0.0
-0.0
-0.0
-0.0
-0.0
-0.001
-0.002
-0.002
-0.002
-0.002
-0.002
-0.001
-0.0
-0.0
-0.0
-0.0
-0.0
-0.0
-0.0
-0.0
-0.0
-0.0
-0.0
-0.0
-0.0
-0.0
-0.0
-0.0
-0.0
-0.0
-0.0
-0.0
-0.0
-0.0
-0.0
-0.0
-0.0
-0.0
-0.0
-0.0
-0.0
-0.0
-0.0
-0.0
-0.0
-0.0
-0.0
-0.0
-0.0
-0.0
-0.0
-0.0
-0.0
-0.0
-0.0
-0.0
-0.0
-0.0
-0.0
-0.0
-0.0
-0.0
-0.0
