-0.05900000000000011
-0.03900000000000001
-0.030000000000000013
-0.030999999999999986
-0.03
-0.02799999999999994
-0.026999999999999972
-0.014999999999999961
-0.009999999999999964
-0.01599999999999997
0.008999999999999996
0.03800000000000002
0.05099999999999999
0.08199999999999999
0.09899999999999991
0.1379999999999999
0.173
0.182
0.19799999999999995
0.1939999999999999
0.22999999999999998
0.2109999999999998
0.19099999999999998
0.1630000000000001
0.12600000000000006
0.12100000000000005
0.07800000000000007
0.05400000000000007
0.021000000000000064
0.0060000000000000305
-0.007999999999999924
-0.01399999999999997
-0.025999999999999995
-0.02999999999999995
-0.04500000000000001
-0.03900000000000001
-0.036000000000000004
-0.03799999999999999
-0.044000000000000025
-0.043000000000000024
-0.02799999999999998
-0.05300000000000003
-0.051000000000000004
-0.04200000000000003
-0.04899999999999998
-0.03599999999999995
-0.03200000000000003
-0.024999999999999998
-0.015000000000000017
-0.019
-0.01300000000000003
0.0010000000000000295
0.008000000000000035
0.050999999999999934
0.07600000000000001
0.10399999999999995
0.15999999999999992
0.20499999999999996
0.224
0.25299999999999995
0.273
0.26899999999999996
0.2519999999999999
0.2279999999999999
0.18399999999999989
0.137
0.10999999999999993
0.0709999999999999
0.05000000000000002
0.00899999999999998
-0.0009999999999999827
-0.02199999999999998
-0.0370000000000001
-0.04300000000000004
-0.027000000000000024
-0.03800000000000002
-0.04200000000000001
-0.04400000000000004
-0.05400000000000005
-0.03599999999999997
-0.04800000000000004
-0.04900000000000003
-0.05900000000000008
-0.05200000000000007
-0.043000000000000003
-0.05900000000000011
-0.05700000000000008
-0.046000000000000055
-0.037000000000000095
-0.0450000000000001
-0.025000000000000057
-0.022999999999999993
-0.005999999999999976
0.023000000000000034
0.031000000000000125
0.08400000000000005
0.13899999999999996
0.19199999999999998
0.24800000000000003
0.28599999999999987
0.347
0.3570000000000001
0.36500000000000005
0.33099999999999996
0.2829999999999999
0.2299999999999999
0.192
0.10700000000000004
0.06899999999999998
0.028999999999999988
-0.008000000000000038
-0.021999999999999964
-0.042000000000000086
-0.052999999999999985
-0.05400000000000009
-0.05900000000000008
-0.05500000000000006
-0.05899999999999997
-0.050000000000000044
-0.05699999999999998
-0.04500000000000003
-0.05700000000000004
-0.05400000000000007
-0.06000000000000012
-0.0560000000000001
-0.05500000000000008
-0.07000000000000009
-0.07300000000000009
-0.05800000000000017
-0.04900000000000019
-0.05500000000000008
-0.04100000000000009
-0.030000000000000138
-0.02500000000000003
0.01699999999999998
0.05600000000000012
0.09700000000000006
0.16099999999999992
0.23099999999999998
0.2959999999999999
0.39899999999999997
0.46099999999999985
0.4780000000000001
0.47699999999999976
0.4279999999999997
0.3750000000000001
0.30599999999999994
0.21399999999999997
0.134
0.041000000000000016
-0.0010000000000000755
-0.022000000000000075
-0.03999999999999991
-0.061999999999999916
-0.06200000000000008
-0.07000000000000009
-0.05500000000000013
-0.05400000000000005
-0.06700000000000006
-0.06700000000000005
-0.06500000000000006
-0.06800000000000003
-0.056000000000000036
-0.062
-0.0560000000000001
-0.058000000000000045
-0.06
-0.0760000000000001
-0.06700000000000012
-0.07200000000000017
-0.07700000000000005
-0.081
-0.068
-0.051000000000000045
-0.044000000000000004
-0.023000000000000197
0.026000000000000013
0.089
0.17500000000000007
0.2710000000000001
0.4079999999999999
0.5349999999999998
0.6339999999999996
0.7000000000000001
0.7079999999999997
0.6529999999999997
0.5449999999999998
0.41999999999999965
0.27600000000000013
0.16600000000000015
0.05499999999999995
-0.01400000000000005
-0.05900000000000009
-0.08999999999999994
-0.09000000000000002
-0.08399999999999999
-0.08400000000000003
-0.08500000000000013
-0.0740000000000001
-0.08200000000000007
-0.06200000000000001
-0.06699999999999999
-0.06100000000000004
-0.065
-0.06400000000000002
-0.04900000000000004
-0.07000000000000012
-0.07600000000000007
-0.08500000000000008
-0.08300000000000013
-0.0860000000000001
-0.09500000000000007
-0.09200000000000008
-0.10100000000000009
-0.08100000000000014
-0.08900000000000013
-0.0450000000000002
-0.02500000000000031
0.06999999999999998
0.17600000000000002
0.34199999999999986
0.5169999999999998
0.7439999999999999
0.9580000000000016
1.122000000000002
1.1590000000000018
1.0270000000000028
0.8089999999999999
0.6179999999999995
0.44200000000000017
0.22799999999999987
0.041000000000000106
-0.0650000000000002
-0.1170000000000001
-0.14200000000000013
-0.1280000000000001
-0.11600000000000013
-0.10400000000000004
-0.09700000000000009
-0.09200000000000018
-0.0830000000000001
-0.07400000000000002
-0.06500000000000002
-0.05500000000000001
-0.07700000000000004
-0.06500000000000002
-0.07400000000000018
-0.09300000000000003
-0.10000000000000009
-0.09800000000000009
-0.09400000000000014
-0.10600000000000014
-0.11100000000000008
-0.1200000000000001
-0.12900000000000023
-0.1190000000000001
-0.10900000000000015
-0.09400000000000014
-0.07600000000000019
0.011999999999999776
0.17399999999999985
0.41100000000000014
0.6709999999999998
0.9930000000000002
1.4420000000000015
1.8990000000000034
2.031000000000001
1.6090000000000024
0.9730000000000019
0.7119999999999999
0.5849999999999999
0.29700000000000015
0.0009999999999999384
-0.1390000000000001
-0.19300000000000028
-0.19100000000000023
-0.18200000000000016
-0.16600000000000026
-0.14500000000000013
-0.12100000000000008
-0.11100000000000004
-0.09100000000000016
-0.08200000000000005
-0.08399999999999998
-0.07399999999999997
-0.072
-0.06500000000000004
-0.06500000000000011
-0.09600000000000009
-0.09000000000000002
-0.10900000000000015
-0.09900000000000006
-0.11900000000000004
-0.1280000000000001
-0.13400000000000012
-0.15700000000000014
-0.17400000000000013
-0.20600000000000013
-0.19900000000000007
-0.17400000000000027
-0.08900000000000027
0.07599999999999972
0.3559999999999997
0.5440000000000008
0.5150000000000008
1.3470000000000029
3.0800000000000027
3.6780000000000013
1.6990000000000043
-2.1299999999999932
-2.3509999999999973
-0.2259999999999992
0.24299999999999933
-0.007000000000000344
-0.17400000000000013
-0.2400000000000005
-0.24600000000000039
-0.20900000000000019
-0.19000000000000022
-0.1560000000000001
-0.14300000000000002
-0.13900000000000012
-0.1060000000000001
-0.10800000000000007
-0.10900000000000018
-0.08099999999999992
-0.09700000000000004
-0.08900000000000002
-0.07900000000000007
-0.10800000000000015
-0.09300000000000008
-0.1110000000000001
-0.11000000000000004
-0.139
-0.16200000000000014
-0.18800000000000022
-0.21100000000000008
-0.22400000000000028
-0.2540000000000003
-0.27000000000000013
-0.26800000000000046
-0.2170000000000003
-0.06100000000000054
0.09299999999999997
-0.9859999999999951
-5.489000000000006
-5.4729999999999945
2.563000000000007
5.528000000000003
-1.2209999999999974
-20.925000000000015
-18.69300000000002
-3.6739999999999977
-0.21699999999999933
-0.09499999999999995
-0.2190000000000002
-0.2840000000000003
-0.26400000000000046
-0.24500000000000022
-0.21600000000000036
-0.19400000000000026
-0.16099999999999998
-0.15700000000000014
-0.1320000000000001
-0.11100000000000004
-0.10700000000000012
-0.10699999999999998
-0.09800000000000007
-0.08900000000000002
-0.09200000000000011
-0.11200000000000013
-0.10300000000000015
-0.1140000000000001
-0.12700000000000017
-0.15600000000000003
-0.16900000000000015
-0.19900000000000023
-0.2240000000000002
-0.26000000000000023
-0.3080000000000004
-0.3260000000000004
-0.36500000000000027
-0.3630000000000004
-0.2810000000000013
-0.5739999999999997
-4.742000000000001
-24.547000000000004
-30.086
-2.5989999999999998
5.923000000000008
-2.5889999999999955
-29.638000000000012
-25.11099999999998
-4.8319999999999945
-0.44599999999999873
-0.13600000000000018
-0.2769999999999999
-0.3250000000000004
-0.29800000000000054
-0.26700000000000024
-0.2380000000000002
-0.20000000000000012
-0.18300000000000013
-0.16800000000000015
-0.14900000000000016
-0.12600000000000003
-0.10600000000000023
-0.10300000000000004
-0.10800000000000007
-0.10300000000000008
-0.08900000000000016
-0.09500000000000014
-0.11600000000000005
-0.11800000000000005
-0.14700000000000013
-0.17600000000000016
-0.19600000000000017
-0.20200000000000023
-0.2270000000000001
-0.2560000000000001
-0.3140000000000003
-0.34600000000000053
-0.3980000000000003
-0.399
-0.39400000000000057
-0.6859999999999998
-4.0800000000000125
-17.97600000000001
-21.764999999999993
-3.3720000000000003
3.3990000000000067
0.4369999999999969
-6.8219999999999965
-6.294999999999997
-1.648999999999996
-0.24299999999999977
-0.17900000000000027
-0.28
-0.32900000000000035
-0.3170000000000001
-0.2900000000000003
-0.2600000000000002
-0.2260000000000003
-0.19300000000000014
-0.1830000000000001
-0.15900000000000009
-0.12400000000000014
-0.11400000000000018
-0.11300000000000013
-0.10400000000000015
-0.11100000000000008
-0.09100000000000014
-0.10500000000000004
-0.12200000000000005
-0.13300000000000012
-0.15300000000000014
-0.17300000000000004
-0.21200000000000013
-0.2270000000000002
-0.24300000000000022
-0.2750000000000001
-0.3360000000000002
-0.37200000000000055
-0.41100000000000025
-0.4550000000000003
-0.4629999999999995
-0.5499999999999997
-1.3920000000000003
-3.650999999999993
-3.8989999999999925
-0.7639999999999918
1.0810000000000026
0.6290000000000024
-0.665999999999996
-0.9759999999999982
-0.48800000000000066
-0.2350000000000003
-0.22700000000000017
-0.31100000000000017
-0.35000000000000064
-0.32100000000000023
-0.3090000000000003
-0.2700000000000004
-0.2510000000000001
-0.2230000000000002
-0.18900000000000017
-0.1730000000000001
-0.15900000000000034
-0.1460000000000002
-0.1330000000000002
-0.11600000000000016
-0.10900000000000003
-0.1060000000000001
-0.11200000000000004
-0.1180000000000001
-0.15800000000000014
-0.17600000000000005
-0.191
-0.2340000000000002
-0.24100000000000021
-0.26600000000000024
-0.30700000000000016
-0.3640000000000002
-0.40900000000000025
-0.4580000000000001
-0.4910000000000001
-0.5119999999999998
-0.5380000000000004
-0.6869999999999992
-0.9739999999999986
-1.0069999999999955
-0.567
-0.22199999999999973
-0.22099999999999886
-0.371999999999999
-0.42200000000000026
-0.354
-0.304
-0.30000000000000004
-0.3390000000000003
-0.3450000000000003
-0.3460000000000001
-0.3120000000000003
-0.2650000000000004
-0.2490000000000004
-0.25000000000000033
-0.19200000000000006
-0.1850000000000001
-0.18000000000000035
-0.15600000000000028
-0.1310000000000002
-0.12600000000000017
-0.1250000000000001
-0.10100000000000003
-0.12100000000000005
-0.13900000000000012
-0.15200000000000008
-0.17900000000000016
-0.19900000000000012
-0.2220000000000001
-0.2520000000000003
-0.27700000000000036
-0.30000000000000004
-0.3650000000000001
-0.38900000000000046
-0.41900000000000026
-0.4740000000000004
-0.4830000000000002
-0.5310000000000005
-0.5859999999999999
-0.7190000000000003
-0.7850000000000011
-0.773000000000001
-0.7020000000000005
-0.6450000000000006
-0.5680000000000005
-0.49100000000000016
-0.42400000000000015
-0.3880000000000001
-0.395
-0.3800000000000001
-0.3670000000000002
-0.3590000000000003
-0.3320000000000003
-0.2990000000000004
-0.26700000000000024
-0.24100000000000021
-0.2090000000000002
-0.1770000000000002
-0.17100000000000026
-0.16400000000000023
-0.14500000000000018
-0.13500000000000023
-0.11300000000000003
-0.11700000000000009
-0.12000000000000005
-0.15200000000000014
-0.15500000000000003
-0.18300000000000016
-0.19300000000000023
-0.22700000000000012
-0.2380000000000001
-0.27000000000000024
-0.3120000000000003
-0.3420000000000001
-0.3740000000000001
-0.40900000000000036
-0.42900000000000016
-0.49500000000000044
-0.5090000000000001
-0.5820000000000008
-0.6690000000000005
-0.7500000000000007
-0.8060000000000006
-0.7970000000000004
-0.7530000000000004
-0.6760000000000002
-0.5599999999999999
-0.49800000000000005
-0.437
-0.41900000000000004
-0.40800000000000025
-0.40700000000000036
-0.3600000000000003
-0.3390000000000003
-0.3060000000000004
-0.28300000000000036
-0.23700000000000018
-0.22000000000000028
-0.19400000000000023
-0.16500000000000026
-0.1690000000000003
-0.1630000000000002
-0.14700000000000008
-0.13100000000000017
-0.12400000000000008
-0.14200000000000013
-0.15200000000000014
-0.16899999999999998
-0.19600000000000012
-0.19800000000000018
-0.21400000000000016
-0.23800000000000013
-0.28200000000000025
-0.30600000000000027
-0.3300000000000002
-0.3670000000000001
-0.40200000000000025
-0.45700000000000035
-0.46800000000000014
-0.5140000000000003
-0.5820000000000002
-0.6410000000000006
-0.7040000000000003
-0.7740000000000004
-0.7910000000000004
-0.7730000000000005
-0.7060000000000004
-0.6080000000000003
-0.545
-0.48600000000000004
-0.45299999999999996
-0.4270000000000004
-0.40800000000000025
-0.3710000000000002
-0.3420000000000001
-0.3190000000000005
-0.27700000000000025
-0.23700000000000018
-0.23400000000000024
-0.2160000000000002
-0.18300000000000022
-0.1870000000000002
-0.1630000000000002
-0.1490000000000002
-0.12800000000000017
-0.13000000000000017
-0.14100000000000018
-0.15200000000000014
-0.16900000000000015
-0.18400000000000016
-0.20300000000000007
-0.23100000000000023
-0.22000000000000028
-0.2680000000000003
-0.3140000000000004
-0.3410000000000001
-0.3740000000000002
-0.40300000000000014
-0.4370000000000002
-0.4930000000000002
-0.5170000000000003
-0.5780000000000002
-0.6340000000000001
-0.6910000000000002
-0.7330000000000002
-0.7360000000000001
-0.7140000000000001
-0.6810000000000003
-0.6100000000000003
-0.5680000000000001
-0.5110000000000003
-0.4740000000000002
-0.43500000000000005
-0.41900000000000037
-0.3770000000000001
-0.3460000000000002
-0.31400000000000017
-0.27900000000000025
-0.2530000000000002
-0.22400000000000014
-0.21100000000000024
-0.19400000000000012
-0.1750000000000001
-0.1640000000000002
-0.14100000000000018
-0.13300000000000023
-0.13400000000000023
-0.14300000000000018
-0.1500000000000002
-0.1690000000000002
-0.19400000000000012
-0.21900000000000022
-0.24200000000000024
-0.23700000000000035
-0.27500000000000024
-0.3220000000000003
-0.3290000000000003
-0.3510000000000002
-0.39600000000000024
-0.42900000000000016
-0.46800000000000014
-0.5110000000000001
-0.5840000000000001
-0.6120000000000001
-0.6630000000000004
-0.6960000000000003
-0.7160000000000001
-0.677
-0.6650000000000001
-0.6000000000000001
-0.5740000000000003
-0.5090000000000002
-0.46400000000000013
-0.4530000000000002
-0.4009999999999999
-0.3720000000000001
-0.3330000000000003
-0.30100000000000016
-0.28400000000000014
-0.2500000000000001
-0.23700000000000015
-0.20200000000000018
-0.18000000000000016
-0.18000000000000027
-0.17800000000000027
-0.1520000000000002
-0.12500000000000017
-0.12100000000000012
-0.1480000000000002
-0.14700000000000019
-0.15800000000000036
-0.18800000000000022
-0.21400000000000013
-0.24200000000000008
-0.25500000000000006
-0.30500000000000016
-0.3270000000000002
-0.3380000000000002
-0.354
-0.399
-0.43100000000000005
-0.4800000000000001
-0.5120000000000001
-0.56
-0.6030000000000002
-0.6540000000000002
-0.6730000000000002
-0.6849999999999999
-0.687
-0.6460000000000001
-0.5890000000000001
-0.5399999999999999
-0.522
-0.4760000000000001
-0.44599999999999984
-0.3899999999999999
-0.368
-0.3400000000000002
-0.31600000000000017
-0.30800000000000016
-0.26999999999999996
-0.23500000000000004
-0.20000000000000018
-0.1900000000000001
-0.19500000000000028
-0.1630000000000002
-0.14700000000000019
-0.13400000000000017
-0.11700000000000023
-0.12800000000000006
-0.15700000000000025
-0.17300000000000032
-0.19700000000000029
-0.20200000000000007
-0.21700000000000003
-0.274
-0.2920000000000001
-0.3280000000000001
-0.3590000000000002
-0.3770000000000001
-0.40600000000000014
-0.4500000000000002
-0.481
-0.5240000000000001
-0.5410000000000001
-0.5890000000000002
-0.6320000000000001
-0.665
-0.677
-0.6549999999999999
-0.6489999999999999
-0.6020000000000001
-0.561
-0.5279999999999999
-0.4819999999999999
-0.43099999999999994
-0.403
-0.3780000000000001
-0.3590000000000001
-0.313
-0.3000000000000001
-0.271
-0.22999999999999998
-0.19700000000000012
-0.17900000000000027
-0.18300000000000022
-0.1650000000000002
-0.13600000000000012
-0.12800000000000014
-0.11800000000000017
-0.14000000000000012
-0.17600000000000016
-0.19000000000000028
-0.20500000000000035
-0.18700000000000028
-0.24899999999999994
-0.2959999999999999
-0.294
-0.30100000000000016
-0.3520000000000003
-0.3730000000000001
-0.41100000000000025
-0.4470000000000003
-0.4550000000000003
-0.5010000000000002
-0.5730000000000002
-0.5910000000000001
-0.632
-0.6420000000000001
-0.648
-0.6339999999999999
-0.6349999999999999
-0.599
-0.5790000000000002
-0.5050000000000001
-0.4560000000000003
-0.4460000000000002
-0.41200000000000014
-0.37400000000000017
-0.34900000000000025
-0.3000000000000001
-0.2959999999999998
-0.30000000000000004
-0.24499999999999986
-0.19500000000000012
-0.20100000000000035
-0.19000000000000022
-0.1760000000000001
-0.13700000000000007
-0.13200000000000003
-0.11700000000000023
-0.12800000000000006
-0.15700000000000025
-0.17300000000000032
-0.19700000000000029
-0.20200000000000007
-0.21700000000000003
-0.274
-0.2920000000000001
-0.3280000000000001
-0.3590000000000002
-0.3770000000000001
-0.40600000000000014
-0.4500000000000002
-0.481
-0.5240000000000001
-0.5410000000000001
-0.5890000000000002
-0.6320000000000001
-0.665
-0.677
-0.6549999999999999
-0.6489999999999999
-0.6020000000000001
-0.561
-0.5279999999999999
-0.4819999999999999
-0.43099999999999994
-0.403
-0.3780000000000001
-0.3590000000000001
-0.313
-0.3000000000000001
-0.271
-0.22999999999999998
-0.19700000000000012
-0.17900000000000027
-0.18300000000000022
-0.1650000000000002
-0.13600000000000012
-0.12800000000000014
-0.12100000000000012
-0.1480000000000002
-0.14700000000000019
-0.15800000000000036
-0.18800000000000022
-0.21400000000000013
-0.24200000000000008
-0.25500000000000006
-0.30500000000000016
-0.3270000000000002
-0.3380000000000002
-0.354
-0.399
-0.43100000000000005
-0.4800000000000001
-0.5120000000000001
-0.56
-0.6030000000000002
-0.6540000000000002
-0.6730000000000002
-0.6849999999999999
-0.687
-0.6460000000000001
-0.5890000000000001
-0.5399999999999999
-0.522
-0.4760000000000001
-0.44599999999999984
-0.3899999999999999
-0.368
-0.3400000000000002
-0.31600000000000017
-0.30800000000000016
-0.26999999999999996
-0.23500000000000004
-0.20000000000000018
-0.1900000000000001
-0.19500000000000028
-0.1630000000000002
-0.14700000000000019
-0.13400000000000017
-0.13400000000000023
-0.14300000000000018
-0.1500000000000002
-0.1690000000000002
-0.19400000000000012
-0.21900000000000022
-0.24200000000000024
-0.23700000000000035
-0.27500000000000024
-0.3220000000000003
-0.3290000000000003
-0.3510000000000002
-0.39600000000000024
-0.42900000000000016
-0.46800000000000014
-0.5110000000000001
-0.5840000000000001
-0.6120000000000001
-0.6630000000000004
-0.6960000000000003
-0.7160000000000001
-0.677
-0.6650000000000001
-0.6000000000000001
-0.5740000000000003
-0.5090000000000002
-0.46400000000000013
-0.4530000000000002
-0.4009999999999999
-0.3720000000000001
-0.3330000000000003
-0.30100000000000016
-0.28400000000000014
-0.2500000000000001
-0.23700000000000015
-0.20200000000000018
-0.18000000000000016
-0.18000000000000027
-0.17800000000000027
-0.1520000000000002
-0.12500000000000017
-0.13000000000000017
-0.14100000000000018
-0.15200000000000014
-0.16900000000000015
-0.18400000000000016
-0.20300000000000007
-0.23100000000000023
-0.22000000000000028
-0.2680000000000003
-0.3140000000000004
-0.3410000000000001
-0.3740000000000002
-0.40300000000000014
-0.4370000000000002
-0.4930000000000002
-0.5170000000000003
-0.5780000000000002
-0.6340000000000001
-0.6910000000000002
-0.7330000000000002
-0.7360000000000001
-0.7140000000000001
-0.6810000000000003
-0.6100000000000003
-0.5680000000000001
-0.5110000000000003
-0.4740000000000002
-0.43500000000000005
-0.41900000000000037
-0.3770000000000001
-0.3460000000000002
-0.31400000000000017
-0.27900000000000025
-0.2530000000000002
-0.22400000000000014
-0.21100000000000024
-0.19400000000000012
-0.1750000000000001
-0.1640000000000002
-0.14100000000000018
-0.13300000000000023
-0.12400000000000008
-0.14200000000000013
-0.15200000000000014
-0.16899999999999998
-0.19600000000000012
-0.19800000000000018
-0.21400000000000016
-0.23800000000000013
-0.28200000000000025
-0.30600000000000027
-0.3300000000000002
-0.3670000000000001
-0.40200000000000025
-0.45700000000000035
-0.46800000000000014
-0.5140000000000003
-0.5820000000000002
-0.6410000000000006
-0.7040000000000003
-0.7740000000000004
-0.7910000000000004
-0.7730000000000005
-0.7060000000000004
-0.6080000000000003
-0.545
-0.48600000000000004
-0.45299999999999996
-0.4270000000000004
-0.40800000000000025
-0.3710000000000002
-0.3420000000000001
-0.3190000000000005
-0.27700000000000025
-0.23700000000000018
-0.23400000000000024
-0.2160000000000002
-0.18300000000000022
-0.1870000000000002
-0.1630000000000002
-0.1490000000000002
-0.12800000000000017
-0.11700000000000009
-0.12000000000000005
-0.15200000000000014
-0.15500000000000003
-0.18300000000000016
-0.19300000000000023
-0.22700000000000012
-0.2380000000000001
-0.27000000000000024
-0.3120000000000003
-0.3420000000000001
-0.3740000000000001
-0.40900000000000036
-0.42900000000000016
-0.49500000000000044
-0.5090000000000001
-0.5820000000000008
-0.6690000000000005
-0.7500000000000007
-0.8060000000000006
-0.7970000000000004
-0.7530000000000004
-0.6760000000000002
-0.5599999999999999
-0.49800000000000005
-0.437
-0.41900000000000004
-0.40800000000000025
-0.40700000000000036
-0.3600000000000003
-0.3390000000000003
-0.3060000000000004
-0.28300000000000036
-0.23700000000000018
-0.22000000000000028
-0.19400000000000023
-0.16500000000000026
-0.1690000000000003
-0.1630000000000002
-0.14700000000000008
-0.13100000000000017
-0.10100000000000003
-0.12100000000000005
-0.13900000000000012
-0.15200000000000008
-0.17900000000000016
-0.19900000000000012
-0.2220000000000001
-0.2520000000000003
-0.27700000000000036
-0.30000000000000004
-0.3650000000000001
-0.38900000000000046
-0.41900000000000026
-0.4740000000000004
-0.4830000000000002
-0.5310000000000005
-0.5859999999999999
-0.7190000000000003
-0.7850000000000011
-0.773000000000001
-0.7020000000000005
-0.6450000000000006
-0.5680000000000005
-0.49100000000000016
-0.42400000000000015
-0.3880000000000001
-0.395
-0.3800000000000001
-0.3670000000000002
-0.3590000000000003
-0.3320000000000003
-0.2990000000000004
-0.26700000000000024
-0.24100000000000021
-0.2090000000000002
-0.1770000000000002
-0.17100000000000026
-0.16400000000000023
-0.14500000000000018
-0.13500000000000023
-0.11300000000000003
-0.1060000000000001
-0.11200000000000004
-0.1180000000000001
-0.15800000000000014
-0.17600000000000005
-0.191
-0.2340000000000002
-0.24100000000000021
-0.26600000000000024
-0.30700000000000016
-0.3640000000000002
-0.40900000000000025
-0.4580000000000001
-0.4910000000000001
-0.5119999999999998
-0.5380000000000004
-0.6869999999999992
-0.9739999999999986
-1.0069999999999955
-0.567
-0.22199999999999973
-0.22099999999999886
-0.371999999999999
-0.42200000000000026
-0.354
-0.304
-0.30000000000000004
-0.3390000000000003
-0.3450000000000003
-0.3460000000000001
-0.3120000000000003
-0.2650000000000004
-0.2490000000000004
-0.25000000000000033
-0.19200000000000006
-0.1850000000000001
-0.18000000000000035
-0.15600000000000028
-0.1310000000000002
-0.12600000000000017
-0.1250000000000001
-0.09100000000000014
-0.10500000000000004
-0.12200000000000005
-0.13300000000000012
-0.15300000000000014
-0.17300000000000004
-0.21200000000000013
-0.2270000000000002
-0.24300000000000022
-0.2750000000000001
-0.3360000000000002
-0.37200000000000055
-0.41100000000000025
-0.4550000000000003
-0.4629999999999995
-0.5499999999999997
-1.3920000000000003
-3.650999999999993
-3.8989999999999925
-0.7639999999999918
1.0810000000000026
0.6290000000000024
-0.665999999999996
-0.9759999999999982
-0.48800000000000066
-0.2350000000000003
-0.22700000000000017
-0.31100000000000017
-0.35000000000000064
-0.32100000000000023
-0.3090000000000003
-0.2700000000000004
-0.2510000000000001
-0.2230000000000002
-0.18900000000000017
-0.1730000000000001
-0.15900000000000034
-0.1460000000000002
-0.1330000000000002
-0.11600000000000016
-0.10900000000000003
-0.08900000000000016
-0.09500000000000014
-0.11600000000000005
-0.11800000000000005
-0.14700000000000013
-0.17600000000000016
-0.19600000000000017
-0.20200000000000023
-0.2270000000000001
-0.2560000000000001
-0.3140000000000003
-0.34600000000000053
-0.3980000000000003
-0.399
-0.39400000000000057
-0.6859999999999998
-4.0800000000000125
-17.97600000000001
-21.764999999999993
-3.3720000000000003
3.3990000000000067
0.4369999999999969
-6.8219999999999965
-6.294999999999997
-1.648999999999996
-0.24299999999999977
-0.17900000000000027
-0.28
-0.32900000000000035
-0.3170000000000001
-0.2900000000000003
-0.2600000000000002
-0.2260000000000003
-0.19300000000000014
-0.1830000000000001
-0.15900000000000009
-0.12400000000000014
-0.11400000000000018
-0.11300000000000013
-0.10400000000000015
-0.11100000000000008
-0.09200000000000011
-0.11200000000000013
-0.10300000000000015
-0.1140000000000001
-0.12700000000000017
-0.15600000000000003
-0.16900000000000015
-0.19900000000000023
-0.2240000000000002
-0.26000000000000023
-0.3080000000000004
-0.3260000000000004
-0.36500000000000027
-0.3630000000000004
-0.2810000000000013
-0.5739999999999997
-4.742000000000001
-24.547000000000004
-30.086
-2.5989999999999998
5.923000000000008
-2.5889999999999955
-29.638000000000012
-25.11099999999998
-4.8319999999999945
-0.44599999999999873
-0.13600000000000018
-0.2769999999999999
-0.3250000000000004
-0.29800000000000054
-0.26700000000000024
-0.2380000000000002
-0.20000000000000012
-0.18300000000000013
-0.16800000000000015
-0.14900000000000016
-0.12600000000000003
-0.10600000000000023
-0.10300000000000004
-0.10800000000000007
-0.10300000000000008
-0.07900000000000007
-0.10800000000000015
-0.09300000000000008
-0.1110000000000001
-0.11000000000000004
-0.139
-0.16200000000000014
-0.18800000000000022
-0.21100000000000008
-0.22400000000000028
-0.2540000000000003
-0.27000000000000013
-0.26800000000000046
-0.2170000000000003
-0.06100000000000054
0.09299999999999997
-0.9859999999999951
-5.489000000000006
-5.4729999999999945
2.563000000000007
5.528000000000003
-1.2209999999999974
-20.925000000000015
-18.69300000000002
-3.6739999999999977
-0.21699999999999933
-0.09499999999999995
-0.2190000000000002
-0.2840000000000003
-0.26400000000000046
-0.24500000000000022
-0.21600000000000036
-0.19400000000000026
-0.16099999999999998
-0.15700000000000014
-0.1320000000000001
-0.11100000000000004
-0.10700000000000012
-0.10699999999999998
-0.09800000000000007
-0.08900000000000002
-0.06500000000000011
-0.09600000000000009
-0.09000000000000002
-0.10900000000000015
-0.09900000000000006
-0.11900000000000004
-0.1280000000000001
-0.13400000000000012
-0.15700000000000014
-0.17400000000000013
-0.20600000000000013
-0.19900000000000007
-0.17400000000000027
-0.08900000000000027
0.07599999999999972
0.3559999999999997
0.5440000000000008
0.5150000000000008
1.3470000000000029
3.0800000000000027
3.6780000000000013
1.6990000000000043
-2.1299999999999932
-2.3509999999999973
-0.2259999999999992
0.24299999999999933
-0.007000000000000344
-0.17400000000000013
-0.2400000000000005
-0.24600000000000039
-0.20900000000000019
-0.19000000000000022
-0.1560000000000001
-0.14300000000000002
-0.13900000000000012
-0.1060000000000001
-0.10800000000000007
-0.10900000000000018
-0.08099999999999992
-0.09700000000000004
-0.08900000000000002
-0.07400000000000018
-0.09300000000000003
-0.10000000000000009
-0.09800000000000009
-0.09400000000000014
-0.10600000000000014
-0.11100000000000008
-0.1200000000000001
-0.12900000000000023
-0.1190000000000001
-0.10900000000000015
-0.09400000000000014
-0.07600000000000019
0.011999999999999776
0.17399999999999985
0.41100000000000014
0.6709999999999998
0.9930000000000002
1.4420000000000015
1.8990000000000034
2.031000000000001
1.6090000000000024
0.9730000000000019
0.7119999999999999
0.5849999999999999
0.29700000000000015
0.0009999999999999384
-0.1390000000000001
-0.19300000000000028
-0.19100000000000023
-0.18200000000000016
-0.16600000000000026
-0.14500000000000013
-0.12100000000000008
-0.11100000000000004
-0.09100000000000016
-0.08200000000000005
-0.08399999999999998
-0.07399999999999997
-0.072
-0.06500000000000004
-0.04900000000000004
-0.07000000000000012
-0.07600000000000007
-0.08500000000000008
-0.08300000000000013
-0.0860000000000001
-0.09500000000000007
-0.09200000000000008
-0.10100000000000009
-0.08100000000000014
-0.08900000000000013
-0.0450000000000002
-0.02500000000000031
0.06999999999999998
0.17600000000000002
0.34199999999999986
0.5169999999999998
0.7439999999999999
0.9580000000000016
1.122000000000002
1.1590000000000018
1.0270000000000028
0.8089999999999999
0.6179999999999995
0.44200000000000017
0.22799999999999987
0.041000000000000106
-0.0650000000000002
-0.1170000000000001
-0.14200000000000013
-0.1280000000000001
-0.11600000000000013
-0.10400000000000004
-0.09700000000000009
-0.09200000000000018
-0.0830000000000001
-0.07400000000000002
-0.06500000000000002
-0.05500000000000001
-0.07700000000000004
-0.06500000000000002
-0.0560000000000001
-0.058000000000000045
-0.06
-0.0760000000000001
-0.06700000000000012
-0.07200000000000017
-0.07700000000000005
-0.081
-0.068
-0.051000000000000045
-0.044000000000000004
-0.023000000000000197
0.026000000000000013
0.089
0.17500000000000007
0.2710000000000001
0.4079999999999999
0.5349999999999998
0.6339999999999996
0.7000000000000001
0.7079999999999997
0.6529999999999997
0.5449999999999998
0.41999999999999965
0.27600000000000013
0.16600000000000015
0.05499999999999995
-0.01400000000000005
-0.05900000000000009
-0.08999999999999994
-0.09000000000000002
-0.08399999999999999
-0.08400000000000003
-0.08500000000000013
-0.0740000000000001
-0.08200000000000007
-0.06200000000000001
-0.06699999999999999
-0.06100000000000004
-0.065
-0.06400000000000002
-0.06000000000000012
-0.0560000000000001
-0.05500000000000008
-0.07000000000000009
-0.07300000000000009
-0.05800000000000017
-0.04900000000000019
-0.05500000000000008
-0.04100000000000009
-0.030000000000000138
-0.02500000000000003
0.01699999999999998
0.05600000000000012
0.09700000000000006
0.16099999999999992
0.23099999999999998
0.2959999999999999
0.39899999999999997
0.46099999999999985
0.4780000000000001
0.47699999999999976
0.4279999999999997
0.3750000000000001
0.30599999999999994
0.21399999999999997
0.134
0.041000000000000016
-0.0010000000000000755
-0.022000000000000075
-0.03999999999999991
-0.061999999999999916
-0.06200000000000008
-0.07000000000000009
-0.05500000000000013
-0.05400000000000005
-0.06700000000000006
-0.06700000000000005
-0.06500000000000006
-0.06800000000000003
-0.056000000000000036
-0.062
-0.05900000000000008
-0.05200000000000007
-0.043000000000000003
-0.05900000000000011
-0.05700000000000008
-0.046000000000000055
-0.037000000000000095
-0.0450000000000001
-0.025000000000000057
-0.022999999999999993
-0.005999999999999976
0.023000000000000034
0.031000000000000125
0.08400000000000005
0.13899999999999996
0.19199999999999998
0.24800000000000003
0.28599999999999987
0.347
0.3570000000000001
0.36500000000000005
0.33099999999999996
0.2829999999999999
0.2299999999999999
0.192
0.10700000000000004
0.06899999999999998
0.028999999999999988
-0.008000000000000038
-0.021999999999999964
-0.042000000000000086
-0.052999999999999985
-0.05400000000000009
-0.05900000000000008
-0.05500000000000006
-0.05899999999999997
-0.050000000000000044
-0.05699999999999998
-0.04500000000000003
-0.05700000000000004
-0.05400000000000007
-0.05300000000000003
-0.051000000000000004
-0.04200000000000003
-0.04899999999999998
-0.03599999999999995
-0.03200000000000003
-0.024999999999999998
-0.015000000000000017
-0.019
-0.01300000000000003
0.0010000000000000295
0.008000000000000035
0.050999999999999934
0.07600000000000001
0.10399999999999995
0.15999999999999992
0.20499999999999996
0.224
0.25299999999999995
0.273
0.26899999999999996
0.2519999999999999
0.2279999999999999
0.18399999999999989
0.137
0.10999999999999993
0.0709999999999999
0.05000000000000002
0.00899999999999998
-0.0009999999999999827
-0.02199999999999998
-0.0370000000000001
-0.04300000000000004
-0.027000000000000024
-0.03800000000000002
-0.04200000000000001
-0.04400000000000004
-0.05400000000000005
-0.03599999999999997
-0.04800000000000004
-0.04900000000000003
-0.05900000000000011
-0.03900000000000001
-0.030000000000000013
-0.030999999999999986
-0.03
-0.02799999999999994
-0.026999999999999972
-0.014999999999999961
-0.009999999999999964
-0.01599999999999997
0.008999999999999996
0.03800000000000002
0.05099999999999999
0.08199999999999999
0.09899999999999991
0.1379999999999999
0.173
0.182
0.19799999999999995
0.1939999999999999
0.22999999999999998
0.2109999999999998
0.19099999999999998
0.1630000000000001
0.12600000000000006
0.12100000000000005
0.07800000000000007
0.05400000000000007
0.021000000000000064
0.0060000000000000305
-0.007999999999999924
-0.01399999999999997
-0.025999999999999995
-0.02999999999999995
-0.04500000000000001
-0.03900000000000001
-0.036000000000000004
-0.03799999999999999
-0.044000000000000025
-0.043000000000000024
-0.02799999999999998
