-0.054
-0.055
-0.057
-0.057
-0.056
-0.054
-0.05
-0.042
-0.031
-0.014
0.011
0.043
0.086
0.139
0.2
0.267
0.334
0.394
0.441
0.463
0.463
0.436
0.384
0.315
0.236
0.156
0.085
0.026
-0.017
-0.047
-0.066
-0.077
-0.082
-0.083
-0.082
-0.08
-0.076
-0.072
-0.069
-0.065
-0.061
-0.062
-0.065
-0.067
-0.069
-0.07
-0.07
-0.068
-0.062
-0.052
-0.036
-0.011
0.026
0.076
0.143
0.224
0.316
0.409
0.492
0.562
0.599
0.6
0.563
0.49
0.388
0.272
0.158
0.062
-0.012
-0.061
-0.091
-0.107
-0.113
-0.113
-0.11
-0.104
-0.098
-0.092
-0.086
-0.08
-0.074
-0.069
-0.07
-0.074
-0.078
-0.082
-0.085
-0.088
-0.089
-0.086
-0.08
-0.066
-0.042
-0.003
0.056
0.138
0.246
0.373
0.51
0.637
0.736
0.792
0.798
0.747
0.64
0.487
0.311
0.147
0.015
-0.075
-0.128
-0.153
-0.161
-0.159
-0.151
-0.14
-0.129
-0.119
-0.109
-0.1
-0.092
-0.085
-0.078
-0.079
-0.084
-0.09
-0.096
-0.102
-0.107
-0.112
-0.114
-0.113
-0.104
-0.084
-0.046
0.018
0.118
0.259
0.439
0.64
0.831
0.981
1.068
1.083
1.016
0.858
0.62
0.349
0.104
-0.074
-0.179
-0.226
-0.237
-0.229
-0.213
-0.193
-0.174
-0.156
-0.141
-0.127
-0.115
-0.104
-0.095
-0.087
-0.087
-0.094
-0.102
-0.11
-0.119
-0.128
-0.138
-0.146
-0.152
-0.152
-0.141
-0.111
-0.048
0.066
0.247
0.501
0.803
1.098
1.328
1.462
1.492
1.399
1.154
0.775
0.349
-0.01
-0.238
-0.341
-0.363
-0.345
-0.311
-0.274
-0.24
-0.21
-0.184
-0.162
-0.144
-0.129
-0.116
-0.104
-0.095
-0.095
-0.104
-0.113
-0.124
-0.136
-0.149
-0.164
-0.18
-0.196
-0.209
-0.215
-0.203
-0.154
-0.041
0.174
0.515
0.956
1.404
1.764
1.974
2.006
1.81
1.349
0.744
0.154
-0.294
-0.526
-0.58
-0.541
-0.471
-0.4
-0.337
-0.285
-0.244
-0.21
-0.183
-0.16
-0.142
-0.127
-0.114
-0.103
-0.103
-0.112
-0.124
-0.136
-0.151
-0.169
-0.189
-0.213
-0.241
-0.271
-0.3
-0.32
-0.312
-0.236
-0.033
0.344
0.849
1.369
1.909
2.362
2.365
1.544
0.117
-0.698
-0.858
-0.969
-0.994
-0.893
-0.742
-0.6
-0.485
-0.395
-0.327
-0.274
-0.233
-0.2
-0.175
-0.154
-0.136
-0.122
-0.11
-0.109
-0.12
-0.132
-0.147
-0.165
-0.186
-0.211
-0.243
-0.282
-0.33
-0.396
-0.465
-0.533
-0.57
-0.526
-0.429
-0.633
-1.36
-0.731
1.472
1.851
-1.993
-8.94
-8.833
-4.347
-2.284
-1.57
-1.181
-0.899
-0.691
-0.542
-0.433
-0.354
-0.294
-0.248
-0.213
-0.184
-0.162
-0.143
-0.128
-0.115
-0.115
-0.127
-0.14
-0.156
-0.176
-0.199
-0.229
-0.266
-0.315
-0.38
-0.468
-0.587
-0.745
-0.949
-1.239
-2.017
-5.281
-13.933
-15.097
-4.104
-0.534
-10.732
-36.207
-31.464
-10.613
-3.715
-1.94
-1.306
-0.954
-0.723
-0.563
-0.449
-0.367
-0.304
-0.257
-0.22
-0.191
-0.168
-0.149
-0.133
-0.12
-0.119
-0.131
-0.145
-0.161
-0.181
-0.205
-0.235
-0.275
-0.328
-0.4
-0.503
-0.654
-0.881
-1.23
-1.873
-3.721
-11.504
-37.701
-45.266
-13.281
-2.646
-13.231
-45.527
-40.481
-12.227
-3.543
-1.644
-1.129
-0.864
-0.679
-0.543
-0.442
-0.365
-0.306
-0.261
-0.225
-0.197
-0.174
-0.155
-0.139
-0.125
-0.118
-0.129
-0.142
-0.157
-0.175
-0.197
-0.225
-0.26
-0.307
-0.373
-0.468
-0.609
-0.824
-1.163
-1.779
-3.477
-10.166
-31.111
-37.654
-12.043
-1.58
-5.089
-16.064
-15.178
-5.267
-1.457
-0.778
-0.69
-0.628
-0.549
-0.469
-0.398
-0.339
-0.29
-0.252
-0.22
-0.194
-0.173
-0.155
-0.14
-0.127
-0.119
-0.13
-0.141
-0.155
-0.171
-0.19
-0.213
-0.241
-0.279
-0.329
-0.4
-0.5
-0.642
-0.839
-1.117
-1.731
-3.815
-8.671
-9.186
-2.287
1.635
1.3
-0.695
-0.983
0.1
0.341
0.039
-0.23
-0.354
-0.382
-0.365
-0.332
-0.296
-0.263
-0.234
-0.209
-0.188
-0.169
-0.153
-0.14
-0.128
-0.119
-0.128
-0.139
-0.154
-0.167
-0.181
-0.198
-0.218
-0.242
-0.271
-0.306
-0.349
-0.391
-0.409
-0.346
-0.155
0.069
0.233
0.982
2.324
3.068
3.026
2.652
2.229
1.739
1.113
0.526
0.122
-0.103
-0.207
-0.245
-0.25
-0.241
-0.225
-0.208
-0.191
-0.175
-0.161
-0.148
-0.136
-0.126
-0.12
-0.129
-0.137
-0.146
-0.155
-0.164
-0.172
-0.179
-0.185
-0.187
-0.181
-0.161
-0.109
0.01
0.256
0.692
1.315
2.008
2.63
3.028
3.128
3.045
2.826
2.451
1.906
1.294
0.75
0.348
0.092
-0.055
-0.133
-0.17
-0.183
-0.185
-0.18
-0.172
-0.162
-0.152
-0.142
-0.133
-0.124
-0.118
-0.125
-0.131
-0.137
-0.141
-0.144
-0.143
-0.138
-0.126
-0.102
-0.061
0.009
0.124
0.313
0.61
1.041
1.579
2.131
2.561
2.788
2.831
2.746
2.556
2.238
1.797
1.309
0.857
0.497
0.241
0.073
-0.031
-0.092
-0.126
-0.144
-0.151
-0.151
-0.148
-0.143
-0.136
-0.129
-0.121
-0.115
-0.121
-0.125
-0.127
-0.127
-0.124
-0.115
-0.098
-0.069
-0.025
0.044
0.146
0.296
0.511
0.804
1.178
1.599
2.004
2.319
2.501
2.551
2.482
2.315
2.047
1.691
1.296
0.919
0.601
0.355
0.179
0.057
-0.022
-0.073
-0.104
-0.122
-0.13
-0.133
-0.132
-0.129
-0.124
-0.118
-0.113
-0.116
-0.118
-0.118
-0.114
-0.105
-0.089
-0.062
-0.021
0.039
0.126
0.249
0.415
0.634
0.909
1.23
1.568
1.883
2.137
2.289
2.338
2.287
2.145
1.914
1.614
1.284
0.96
0.674
0.44
0.261
0.13
0.038
-0.026
-0.068
-0.095
-0.111
-0.119
-0.123
-0.122
-0.12
-0.116
-0.11
-0.113
-0.113
-0.11
-0.103
-0.09
-0.067
-0.033
0.017
0.088
0.187
0.32
0.493
0.708
0.964
1.247
1.535
1.8
2.009
2.144
2.191
2.148
2.018
1.819
1.557
1.272
0.984
0.725
0.501
0.323
0.187
0.085
0.012
-0.039
-0.073
-0.094
-0.107
-0.114
-0.116
-0.115
-0.113
-0.109
-0.11
-0.109
-0.104
-0.095
-0.078
-0.052
-0.012
0.044
0.123
0.229
0.367
0.541
0.751
0.992
1.251
1.511
1.743
1.929
2.047
2.09
2.055
1.94
1.757
1.525
1.264
1.001
0.758
0.544
0.366
0.226
0.119
0.04
-0.017
-0.056
-0.082
-0.098
-0.107
-0.111
-0.112
-0.11
-0.108
-0.108
-0.106
-0.101
-0.09
-0.071
-0.042
-0.0
0.06
0.143
0.252
0.393
0.568
0.774
1.006
1.253
1.496
1.713
1.883
1.996
2.033
1.997
1.888
1.718
1.501
1.257
1.009
0.775
0.567
0.392
0.25
0.14
0.057
-0.003
-0.045
-0.073
-0.092
-0.103
-0.108
-0.11
-0.109
-0.107
-0.108
-0.106
-0.1
-0.088
-0.069
-0.04
0.004
0.065
0.149
0.26
0.401
0.576
0.782
1.012
1.255
1.493
1.706
1.869
1.979
2.012
1.979
1.87
1.704
1.492
1.254
1.01
0.781
0.575
0.4
0.258
0.147
0.064
0.003
-0.041
-0.07
-0.089
-0.101
-0.107
-0.109
-0.108
-0.108
-0.108
-0.106
-0.101
-0.09
-0.071
-0.042
-0.0
0.06
0.143
0.252
0.393
0.568
0.774
1.006
1.253
1.496
1.713
1.883
1.996
2.033
1.997
1.888
1.718
1.501
1.257
1.009
0.775
0.567
0.392
0.25
0.14
0.057
-0.003
-0.045
-0.073
-0.092
-0.103
-0.108
-0.11
-0.109
-0.109
-0.11
-0.109
-0.104
-0.095
-0.078
-0.052
-0.012
0.044
0.123
0.229
0.367
0.541
0.751
0.992
1.251
1.511
1.743
1.929
2.047
2.09
2.055
1.94
1.757
1.525
1.264
1.001
0.758
0.544
0.366
0.226
0.119
0.04
-0.017
-0.056
-0.082
-0.098
-0.107
-0.111
-0.112
-0.11
-0.11
-0.113
-0.113
-0.11
-0.103
-0.09
-0.067
-0.033
0.017
0.088
0.187
0.32
0.493
0.708
0.964
1.247
1.535
1.8
2.009
2.144
2.191
2.148
2.018
1.819
1.557
1.272
0.984
0.725
0.501
0.323
0.187
0.085
0.012
-0.039
-0.073
-0.094
-0.107
-0.114
-0.116
-0.115
-0.113
-0.113
-0.116
-0.118
-0.118
-0.114
-0.105
-0.089
-0.062
-0.021
0.039
0.126
0.249
0.415
0.634
0.909
1.23
1.568
1.883
2.137
2.289
2.338
2.287
2.145
1.914
1.614
1.284
0.96
0.674
0.44
0.261
0.13
0.038
-0.026
-0.068
-0.095
-0.111
-0.119
-0.123
-0.122
-0.12
-0.116
-0.115
-0.121
-0.125
-0.127
-0.127
-0.124
-0.115
-0.098
-0.069
-0.025
0.044
0.146
0.296
0.511
0.804
1.178
1.599
2.004
2.319
2.501
2.551
2.482
2.315
2.047
1.691
1.296
0.919
0.601
0.355
0.179
0.057
-0.022
-0.073
-0.104
-0.122
-0.13
-0.133
-0.132
-0.129
-0.124
-0.118
-0.118
-0.125
-0.131
-0.137
-0.141
-0.144
-0.143
-0.138
-0.126
-0.102
-0.061
0.009
0.124
0.313
0.61
1.041
1.579
2.131
2.561
2.788
2.831
2.746
2.556
2.238
1.797
1.309
0.857
0.497
0.241
0.073
-0.031
-0.092
-0.126
-0.144
-0.151
-0.151
-0.148
-0.143
-0.136
-0.129
-0.121
-0.12
-0.129
-0.137
-0.146
-0.155
-0.164
-0.172
-0.179
-0.185
-0.187
-0.181
-0.161
-0.109
0.01
0.256
0.692
1.315
2.008
2.63
3.028
3.128
3.045
2.826
2.451
1.906
1.294
0.75
0.348
0.092
-0.055
-0.133
-0.17
-0.183
-0.185
-0.18
-0.172
-0.162
-0.152
-0.142
-0.133
-0.124
-0.119
-0.128
-0.139
-0.154
-0.167
-0.181
-0.198
-0.218
-0.242
-0.271
-0.306
-0.349
-0.391
-0.409
-0.346
-0.155
0.069
0.233
0.982
2.324
3.068
3.026
2.652
2.229
1.739
1.113
0.526
0.122
-0.103
-0.207
-0.245
-0.25
-0.241
-0.225
-0.208
-0.191
-0.175
-0.161
-0.148
-0.136
-0.126
-0.119
-0.13
-0.141
-0.155
-0.171
-0.19
-0.213
-0.241
-0.279
-0.329
-0.4
-0.5
-0.642
-0.839
-1.117
-1.731
-3.815
-8.671
-9.186
-2.287
1.635
1.3
-0.695
-0.983
0.1
0.341
0.039
-0.23
-0.354
-0.382
-0.365
-0.332
-0.296
-0.263
-0.234
-0.209
-0.188
-0.169
-0.153
-0.14
-0.128
-0.118
-0.129
-0.142
-0.157
-0.175
-0.197
-0.225
-0.26
-0.307
-0.373
-0.468
-0.609
-0.824
-1.163
-1.779
-3.477
-10.166
-31.111
-37.654
-12.043
-1.58
-5.089
-16.064
-15.178
-5.267
-1.457
-0.778
-0.69
-0.628
-0.549
-0.469
-0.398
-0.339
-0.29
-0.252
-0.22
-0.194
-0.173
-0.155
-0.14
-0.127
-0.119
-0.131
-0.145
-0.161
-0.181
-0.205
-0.235
-0.275
-0.328
-0.4
-0.503
-0.654
-0.881
-1.23
-1.873
-3.721
-11.504
-37.701
-45.266
-13.281
-2.646
-13.231
-45.527
-40.481
-12.227
-3.543
-1.644
-1.129
-0.864
-0.679
-0.543
-0.442
-0.365
-0.306
-0.261
-0.225
-0.197
-0.174
-0.155
-0.139
-0.125
-0.115
-0.127
-0.14
-0.156
-0.176
-0.199
-0.229
-0.266
-0.315
-0.38
-0.468
-0.587
-0.745
-0.949
-1.239
-2.017
-5.281
-13.933
-15.097
-4.104
-0.534
-10.732
-36.207
-31.464
-10.613
-3.715
-1.94
-1.306
-0.954
-0.723
-0.563
-0.449
-0.367
-0.304
-0.257
-0.22
-0.191
-0.168
-0.149
-0.133
-0.12
-0.109
-0.12
-0.132
-0.147
-0.165
-0.186
-0.211
-0.243
-0.282
-0.33
-0.396
-0.465
-0.533
-0.57
-0.526
-0.429
-0.633
-1.36
-0.731
1.472
1.851
-1.993
-8.94
-8.833
-4.347
-2.284
-1.57
-1.181
-0.899
-0.691
-0.542
-0.433
-0.354
-0.294
-0.248
-0.213
-0.184
-0.162
-0.143
-0.128
-0.115
-0.103
-0.112
-0.124
-0.136
-0.151
-0.169
-0.189
-0.213
-0.241
-0.271
-0.3
-0.32
-0.312
-0.236
-0.033
0.344
0.849
1.369
1.909
2.362
2.365
1.544
0.117
-0.698
-0.858
-0.969
-0.994
-0.893
-0.742
-0.6
-0.485
-0.395
-0.327
-0.274
-0.233
-0.2
-0.175
-0.154
-0.136
-0.122
-0.11
-0.095
-0.104
-0.113
-0.124
-0.136
-0.149
-0.164
-0.18
-0.196
-0.209
-0.215
-0.203
-0.154
-0.041
0.174
0.515
0.956
1.404
1.764
1.974
2.006
1.81
1.349
0.744
0.154
-0.294
-0.526
-0.58
-0.541
-0.471
-0.4
-0.337
-0.285
-0.244
-0.21
-0.183
-0.16
-0.142
-0.127
-0.114
-0.103
-0.087
-0.094
-0.102
-0.11
-0.119
-0.128
-0.138
-0.146
-0.152
-0.152
-0.141
-0.111
-0.048
0.066
0.247
0.501
0.803
1.098
1.328
1.462
1.492
1.399
1.154
0.775
0.349
-0.01
-0.238
-0.341
-0.363
-0.345
-0.311
-0.274
-0.24
-0.21
-0.184
-0.162
-0.144
-0.129
-0.116
-0.104
-0.095
-0.079
-0.084
-0.09
-0.096
-0.102
-0.107
-0.112
-0.114
-0.113
-0.104
-0.084
-0.046
0.018
0.118
0.259
0.439
0.64
0.831
0.981
1.068
1.083
1.016
0.858
0.62
0.349
0.104
-0.074
-0.179
-0.226
-0.237
-0.229
-0.213
-0.193
-0.174
-0.156
-0.141
-0.127
-0.115
-0.104
-0.095
-0.087
-0.07
-0.074
-0.078
-0.082
-0.085
-0.088
-0.089
-0.086
-0.08
-0.066
-0.042
-0.003
0.056
0.138
0.246
0.373
0.51
0.637
0.736
0.792
0.798
0.747
0.64
0.487
0.311
0.147
0.015
-0.075
-0.128
-0.153
-0.161
-0.159
-0.151
-0.14
-0.129
-0.119
-0.109
-0.1
-0.092
-0.085
-0.078
-0.062
-0.065
-0.067
-0.069
-0.07
-0.07
-0.068
-0.062
-0.052
-0.036
-0.011
0.026
0.076
0.143
0.224
0.316
0.409
0.492
0.562
0.599
0.6
0.563
0.49
0.388
0.272
0.158
0.062
-0.012
-0.061
-0.091
-0.107
-0.113
-0.113
-0.11
-0.104
-0.098
-0.092
-0.086
-0.08
-0.074
-0.069
-0.054
-0.055
-0.057
-0.057
-0.056
-0.054
-0.05
-0.042
-0.031
-0.014
0.011
0.043
0.086
0.139
0.2
0.267
0.334
0.394
0.441
0.463
0.463
0.436
0.384
0.315
0.236
0.156
0.085
0.026
-0.017
-0.047
-0.066
-0.077
-0.082
-0.083
-0.082
-0.08
-0.076
-0.072
-0.069
-0.065
-0.061
