-0.14
-0.134
-0.126
-0.114
-0.099
-0.08
-0.056
-0.027
0.006
0.044
0.085
0.13
0.175
0.221
0.265
0.306
0.345
0.384
0.422
0.46
0.498
0.534
0.564
0.582
0.584
0.567
0.529
0.473
0.407
0.334
0.262
0.194
0.132
0.078
0.032
-0.006
-0.038
-0.063
-0.082
-0.097
-0.108
-0.169
-0.166
-0.159
-0.149
-0.135
-0.116
-0.092
-0.063
-0.027
0.014
0.061
0.11
0.161
0.211
0.256
0.298
0.335
0.372
0.411
0.455
0.506
0.56
0.612
0.652
0.671
0.659
0.615
0.545
0.459
0.366
0.276
0.192
0.119
0.057
0.005
-0.036
-0.069
-0.094
-0.113
-0.127
-0.137
-0.203
-0.202
-0.198
-0.191
-0.179
-0.162
-0.139
-0.108
-0.071
-0.026
0.025
0.081
0.137
0.19
0.235
0.27
0.296
0.321
0.352
0.398
0.462
0.544
0.636
0.721
0.775
0.778
0.728
0.636
0.521
0.399
0.284
0.182
0.096
0.025
-0.031
-0.075
-0.109
-0.133
-0.151
-0.162
-0.17
-0.242
-0.245
-0.245
-0.241
-0.232
-0.218
-0.197
-0.168
-0.129
-0.082
-0.025
0.038
0.101
0.156
0.195
0.212
0.208
0.197
0.2
0.233
0.308
0.429
0.594
0.77
0.903
0.941
0.881
0.751
0.59
0.428
0.281
0.157
0.056
-0.022
-0.082
-0.127
-0.159
-0.181
-0.195
-0.204
-0.208
-0.285
-0.293
-0.298
-0.299
-0.296
-0.286
-0.27
-0.243
-0.206
-0.156
-0.094
-0.023
0.05
0.11
0.138
0.116
0.042
-0.055
-0.129
-0.142
-0.077
0.088
0.381
0.758
1.067
1.179
1.096
0.896
0.662
0.443
0.256
0.108
-0.005
-0.089
-0.149
-0.192
-0.22
-0.238
-0.248
-0.252
-0.251
-0.334
-0.347
-0.358
-0.367
-0.371
-0.369
-0.359
-0.339
-0.306
-0.256
-0.19
-0.107
-0.018
0.056
0.075
-0.015
-0.241
-0.543
-0.787
-0.899
-0.896
-0.749
-0.269
0.576
1.326
1.58
1.414
1.074
0.723
0.426
0.196
0.026
-0.096
-0.181
-0.238
-0.274
-0.296
-0.306
-0.309
-0.307
-0.3
-0.387
-0.408
-0.427
-0.445
-0.459
-0.468
-0.469
-0.46
-0.436
-0.392
-0.325
-0.231
-0.116
-0.008
0.022
-0.165
-0.714
-1.52
-2.124
-2.328
-2.444
-2.637
-2.146
-0.144
1.751
2.216
1.811
1.221
0.714
0.336
0.071
-0.109
-0.228
-0.305
-0.351
-0.376
-0.386
-0.387
-0.38
-0.369
-0.355
-0.446
-0.475
-0.505
-0.534
-0.561
-0.585
-0.603
-0.61
-0.603
-0.574
-0.51
-0.409
-0.262
-0.085
0.024
-0.243
-1.483
-3.72
-5.077
-4.816
-4.787
-6.115
-6.962
-2.356
2.241
2.887
2.025
1.141
0.511
0.099
-0.163
-0.324
-0.42
-0.473
-0.497
-0.503
-0.497
-0.482
-0.463
-0.441
-0.418
-0.508
-0.547
-0.588
-0.631
-0.675
-0.718
-0.758
-0.79
-0.81
-0.81
-0.777
-0.691
-0.527
-0.264
0.059
0.092
-1.484
-5.875
-7.634
-5.938
-5.178
-4.494
-1.987
4.644
5.842
3.67
1.83
0.717
0.078
-0.287
-0.493
-0.603
-0.656
-0.671
-0.665
-0.645
-0.617
-0.585
-0.551
-0.516
-0.482
-0.574
-0.625
-0.68
-0.739
-0.803
-0.869
-0.938
-1.005
-1.066
-1.115
-1.137
-1.108
-0.989
-0.711
-0.155
0.84
2.27
4.708
7.109
-0.641
-4.224
0.467
11.451
9.277
3.891
1.546
0.31
-0.326
-0.676
-0.853
-0.93
-0.949
-0.934
-0.898
-0.851
-0.799
-0.746
-0.693
-0.641
-0.592
-0.547
-0.646
-0.71
-0.781
-0.86
-0.947
-1.042
-1.147
-1.259
-1.377
-1.5
-1.614
-1.706
-1.745
-1.67
-1.347
-0.47
1.317
2.862
-1.803
-9.021
-12.306
-14.035
-19.08
-18.227
-8.84
-4.003
-2.476
-1.977
-1.754
-1.61
-1.49
-1.376
-1.269
-1.166
-1.068
-0.976
-0.892
-0.814
-0.742
-0.677
-0.618
-0.716
-0.794
-0.881
-0.98
-1.091
-1.218
-1.363
-1.525
-1.709
-1.917
-2.15
-2.408
-2.689
-3.011
-3.432
-4.313
-7.381
-16.33
-25.568
-25.012
-23.342
-24.056
-25.547
-21.982
-13.961
-8.116
-5.157
-3.714
-2.933
-2.449
-2.107
-1.845
-1.632
-1.452
-1.298
-1.164
-1.044
-0.939
-0.846
-0.764
-0.69
-0.785
-0.876
-0.98
-1.096
-1.235
-1.395
-1.58
-1.796
-2.048
-2.347
-2.707
-3.145
-3.697
-4.438
-5.577
-7.675
-11.947
-19.065
-25.205
-26.488
-25.53
-24.534
-22.987
-19.387
-14.342
-9.945
-6.993
-5.166
-4.025
-3.269
-2.732
-2.326
-2.009
-1.75
-1.536
-1.355
-1.2
-1.066
-0.951
-0.851
-0.764
-0.849
-0.954
-1.075
-1.215
-1.38
-1.573
-1.801
-2.071
-2.395
-2.788
-3.272
-3.88
-4.662
-5.725
-7.249
-9.567
-13.067
-17.502
-21.363
-23.28
-23.43
-22.441
-20.447
-17.456
-13.959
-10.689
-8.116
-6.247
-4.938
-4.001
-3.311
-2.784
-2.371
-2.039
-1.767
-1.541
-1.351
-1.19
-1.053
-0.934
-0.832
-0.912
-1.029
-1.167
-1.328
-1.517
-1.741
-2.01
-2.331
-2.723
-3.198
-3.79
-4.526
-5.467
-6.69
-8.318
-10.459
-13.177
-16.168
-18.796
-20.437
-20.866
-20.207
-18.57
-16.252
-13.607
-11.036
-8.803
-7.022
-5.657
-4.621
-3.82
-3.2
-2.707
-2.309
-1.985
-1.717
-1.493
-1.305
-1.147
-1.012
-0.897
-0.968
-1.098
-1.249
-1.43
-1.642
-1.895
-2.201
-2.568
-3.013
-3.559
-4.225
-5.053
-6.082
-7.365
-8.954
-10.872
-13.056
-15.286
-17.209
-18.502
-18.935
-18.477
-17.239
-15.43
-13.32
-11.178
-9.223
-7.567
-6.206
-5.119
-4.252
-3.558
-3.002
-2.55
-2.181
-1.877
-1.622
-1.41
-1.233
-1.083
-0.955
-1.017
-1.157
-1.321
-1.517
-1.751
-2.029
-2.364
-2.77
-3.258
-3.855
-4.582
-5.461
-6.534
-7.815
-9.324
-11.043
-12.877
-14.658
-16.177
-17.194
-17.573
-17.235
-16.256
-14.806
-13.062
-11.231
-9.491
-7.939
-6.617
-5.506
-4.6
-3.856
-3.251
-2.756
-2.35
-2.015
-1.735
-1.503
-1.308
-1.145
-1.006
-1.056
-1.204
-1.38
-1.588
-1.838
-2.136
-2.495
-2.929
-3.451
-4.085
-4.849
-5.766
-6.843
-8.109
-9.542
-11.107
-12.711
-14.22
-15.472
-16.314
-16.634
-16.364
-15.552
-14.317
-12.831
-11.221
-9.635
-8.187
-6.895
-5.789
-4.858
-4.086
-3.447
-2.921
-2.488
-2.126
-1.826
-1.578
-1.37
-1.195
-1.048
-1.085
-1.24
-1.423
-1.641
-1.901
-2.214
-2.592
-3.044
-3.59
-4.247
-5.032
-5.962
-7.05
-8.291
-9.668
-11.121
-12.582
-13.92
-15.029
-15.744
-16.0
-15.776
-15.085
-14.008
-12.658
-11.191
-9.723
-8.336
-7.077
-5.976
-5.037
-4.247
-3.586
-3.039
-2.585
-2.207
-1.894
-1.634
-1.416
-1.234
-1.079
-1.102
-1.26
-1.449
-1.673
-1.941
-2.262
-2.648
-3.113
-3.674
-4.34
-5.136
-6.077
-7.167
-8.397
-9.736
-11.132
-12.517
-13.762
-14.765
-15.435
-15.655
-15.444
-14.803
-13.79
-12.545
-11.161
-9.763
-8.418
-7.179
-6.085
-5.139
-4.342
-3.672
-3.112
-2.643
-2.257
-1.937
-1.669
-1.445
-1.257
-1.098
-1.107
-1.266
-1.456
-1.683
-1.953
-2.279
-2.667
-3.134
-3.699
-4.372
-5.176
-6.119
-7.209
-8.437
-9.764
-11.155
-12.496
-13.719
-14.695
-15.33
-15.549
-15.33
-14.695
-13.717
-12.494
-11.154
-9.76
-8.437
-7.208
-6.118
-5.174
-4.373
-3.7
-3.135
-2.666
-2.278
-1.952
-1.682
-1.455
-1.266
-1.106
-1.102
-1.26
-1.449
-1.673
-1.941
-2.262
-2.648
-3.113
-3.674
-4.34
-5.136
-6.077
-7.167
-8.397
-9.736
-11.132
-12.517
-13.762
-14.765
-15.435
-15.655
-15.444
-14.803
-13.79
-12.545
-11.161
-9.763
-8.418
-7.179
-6.085
-5.139
-4.342
-3.672
-3.112
-2.643
-2.257
-1.937
-1.669
-1.445
-1.257
-1.098
-1.085
-1.24
-1.423
-1.641
-1.901
-2.214
-2.592
-3.044
-3.59
-4.247
-5.032
-5.962
-7.05
-8.291
-9.668
-11.121
-12.582
-13.92
-15.029
-15.744
-16.0
-15.776
-15.085
-14.008
-12.658
-11.191
-9.723
-8.336
-7.077
-5.976
-5.037
-4.247
-3.586
-3.039
-2.585
-2.207
-1.894
-1.634
-1.416
-1.234
-1.079
-1.056
-1.204
-1.38
-1.588
-1.838
-2.136
-2.495
-2.929
-3.451
-4.085
-4.849
-5.766
-6.843
-8.109
-9.542
-11.107
-12.711
-14.22
-15.472
-16.314
-16.634
-16.364
-15.552
-14.317
-12.831
-11.221
-9.635
-8.187
-6.895
-5.789
-4.858
-4.086
-3.447
-2.921
-2.488
-2.126
-1.826
-1.578
-1.37
-1.195
-1.048
-1.017
-1.157
-1.321
-1.517
-1.751
-2.029
-2.364
-2.77
-3.258
-3.855
-4.582
-5.461
-6.534
-7.815
-9.324
-11.043
-12.877
-14.658
-16.177
-17.194
-17.573
-17.235
-16.256
-14.806
-13.062
-11.231
-9.491
-7.939
-6.617
-5.506
-4.6
-3.856
-3.251
-2.756
-2.35
-2.015
-1.735
-1.503
-1.308
-1.145
-1.006
-0.968
-1.098
-1.249
-1.43
-1.642
-1.895
-2.201
-2.568
-3.013
-3.559
-4.225
-5.053
-6.082
-7.365
-8.954
-10.872
-13.056
-15.286
-17.209
-18.502
-18.935
-18.477
-17.239
-15.43
-13.32
-11.178
-9.223
-7.567
-6.206
-5.119
-4.252
-3.558
-3.002
-2.55
-2.181
-1.877
-1.622
-1.41
-1.233
-1.083
-0.955
-0.912
-1.029
-1.167
-1.328
-1.517
-1.741
-2.01
-2.331
-2.723
-3.198
-3.79
-4.526
-5.467
-6.69
-8.318
-10.459
-13.177
-16.168
-18.796
-20.437
-20.866
-20.207
-18.57
-16.252
-13.607
-11.036
-8.803
-7.022
-5.657
-4.621
-3.82
-3.2
-2.707
-2.309
-1.985
-1.717
-1.493
-1.305
-1.147
-1.012
-0.897
-0.849
-0.954
-1.075
-1.215
-1.38
-1.573
-1.801
-2.071
-2.395
-2.788
-3.272
-3.88
-4.662
-5.725
-7.249
-9.567
-13.067
-17.502
-21.363
-23.28
-23.43
-22.441
-20.447
-17.456
-13.959
-10.689
-8.116
-6.247
-4.938
-4.001
-3.311
-2.784
-2.371
-2.039
-1.767
-1.541
-1.351
-1.19
-1.053
-0.934
-0.832
-0.785
-0.876
-0.98
-1.096
-1.235
-1.395
-1.58
-1.796
-2.048
-2.347
-2.707
-3.145
-3.697
-4.438
-5.577
-7.675
-11.947
-19.065
-25.205
-26.488
-25.53
-24.534
-22.987
-19.387
-14.342
-9.945
-6.993
-5.166
-4.025
-3.269
-2.732
-2.326
-2.009
-1.75
-1.536
-1.355
-1.2
-1.066
-0.951
-0.851
-0.764
-0.716
-0.794
-0.881
-0.98
-1.091
-1.218
-1.363
-1.525
-1.709
-1.917
-2.15
-2.408
-2.689
-3.011
-3.432
-4.313
-7.381
-16.33
-25.568
-25.012
-23.342
-24.056
-25.547
-21.982
-13.961
-8.116
-5.157
-3.714
-2.933
-2.449
-2.107
-1.845
-1.632
-1.452
-1.298
-1.164
-1.044
-0.939
-0.846
-0.764
-0.69
-0.646
-0.71
-0.781
-0.86
-0.947
-1.042
-1.147
-1.259
-1.377
-1.5
-1.614
-1.706
-1.745
-1.67
-1.347
-0.47
1.317
2.862
-1.803
-9.021
-12.306
-14.035
-19.08
-18.227
-8.84
-4.003
-2.476
-1.977
-1.754
-1.61
-1.49
-1.376
-1.269
-1.166
-1.068
-0.976
-0.892
-0.814
-0.742
-0.677
-0.618
-0.574
-0.625
-0.68
-0.739
-0.803
-0.869
-0.938
-1.005
-1.066
-1.115
-1.137
-1.108
-0.989
-0.711
-0.155
0.84
2.27
4.708
7.109
-0.641
-4.224
0.467
11.451
9.277
3.891
1.546
0.31
-0.326
-0.676
-0.853
-0.93
-0.949
-0.934
-0.898
-0.851
-0.799
-0.746
-0.693
-0.641
-0.592
-0.547
-0.508
-0.547
-0.588
-0.631
-0.675
-0.718
-0.758
-0.79
-0.81
-0.81
-0.777
-0.691
-0.527
-0.264
0.059
0.092
-1.484
-5.875
-7.634
-5.938
-5.178
-4.494
-1.987
4.644
5.842
3.67
1.83
0.717
0.078
-0.287
-0.493
-0.603
-0.656
-0.671
-0.665
-0.645
-0.617
-0.585
-0.551
-0.516
-0.482
-0.446
-0.475
-0.505
-0.534
-0.561
-0.585
-0.603
-0.61
-0.603
-0.574
-0.51
-0.409
-0.262
-0.085
0.024
-0.243
-1.483
-3.72
-5.077
-4.816
-4.787
-6.115
-6.962
-2.356
2.241
2.887
2.025
1.141
0.511
0.099
-0.163
-0.324
-0.42
-0.473
-0.497
-0.503
-0.497
-0.482
-0.463
-0.441
-0.418
-0.387
-0.408
-0.427
-0.445
-0.459
-0.468
-0.469
-0.46
-0.436
-0.392
-0.325
-0.231
-0.116
-0.008
0.022
-0.165
-0.714
-1.52
-2.124
-2.328
-2.444
-2.637
-2.146
-0.144
1.751
2.216
1.811
1.221
0.714
0.336
0.071
-0.109
-0.228
-0.305
-0.351
-0.376
-0.386
-0.387
-0.38
-0.369
-0.355
-0.334
-0.347
-0.358
-0.367
-0.371
-0.369
-0.359
-0.339
-0.306
-0.256
-0.19
-0.107
-0.018
0.056
0.075
-0.015
-0.241
-0.543
-0.787
-0.899
-0.896
-0.749
-0.269
0.576
1.326
1.58
1.414
1.074
0.723
0.426
0.196
0.026
-0.096
-0.181
-0.238
-0.274
-0.296
-0.306
-0.309
-0.307
-0.3
-0.285
-0.293
-0.298
-0.299
-0.296
-0.286
-0.27
-0.243
-0.206
-0.156
-0.094
-0.023
0.05
0.11
0.138
0.116
0.042
-0.055
-0.129
-0.142
-0.077
0.088
0.381
0.758
1.067
1.179
1.096
0.896
0.662
0.443
0.256
0.108
-0.005
-0.089
-0.149
-0.192
-0.22
-0.238
-0.248
-0.252
-0.251
-0.242
-0.245
-0.245
-0.241
-0.232
-0.218
-0.197
-0.168
-0.129
-0.082
-0.025
0.038
0.101
0.156
0.195
0.212
0.208
0.197
0.2
0.233
0.308
0.429
0.594
0.77
0.903
0.941
0.881
0.751
0.59
0.428
0.281
0.157
0.056
-0.022
-0.082
-0.127
-0.159
-0.181
-0.195
-0.204
-0.208
-0.203
-0.202
-0.198
-0.191
-0.179
-0.162
-0.139
-0.108
-0.071
-0.026
0.025
0.081
0.137
0.19
0.235
0.27
0.296
0.321
0.352
0.398
0.462
0.544
0.636
0.721
0.775
0.778
0.728
0.636
0.521
0.399
0.284
0.182
0.096
0.025
-0.031
-0.075
-0.109
-0.133
-0.151
-0.162
-0.17
-0.169
-0.166
-0.159
-0.149
-0.135
-0.116
-0.092
-0.063
-0.027
0.014
0.061
0.11
0.161
0.211
0.256
0.298
0.335
0.372
0.411
0.455
0.506
0.56
0.612
0.652
0.671
0.659
0.615
0.545
0.459
0.366
0.276
0.192
0.119
0.057
0.005
-0.036
-0.069
-0.094
-0.113
-0.127
-0.137
-0.14
-0.134
-0.126
-0.114
-0.099
-0.08
-0.056
-0.027
0.006
0.044
0.085
0.13
0.175
0.221
0.265
0.306
0.345
0.384
0.422
0.46
0.498
0.534
0.564
0.582
0.584
0.567
0.529
0.473
0.407
0.334
0.262
0.194
0.132
0.078
0.032
-0.006
-0.038
-0.063
-0.082
-0.097
-0.108
