-0.279
-0.273
-0.266
-0.2510000000000003
-0.22600000000000026
-0.1910000000000003
-0.15000000000000016
-0.09400000000000039
-0.014000000000000158
0.07599999999999982
0.1869999999999998
0.31599999999999984
0.47299999999999986
0.6469999999999998
0.8289999999999998
1.028
1.2139999999999997
1.3879999999999997
1.5259999999999998
1.6209999999999996
1.6589999999999998
1.6529999999999998
1.5769999999999995
1.4529999999999998
1.2889999999999997
1.102
0.8969999999999999
0.7019999999999997
0.5179999999999996
0.35699999999999976
0.2299999999999998
0.10800000000000001
0.010999999999999628
-0.06200000000000023
-0.11800000000000027
-0.16700000000000031
-0.20000000000000023
-0.22700000000000017
-0.24600000000000005
-0.2510000000000001
-0.2610000000000001
-0.3360000000000001
-0.3360000000000002
-0.32900000000000007
-0.3180000000000003
-0.30000000000000027
-0.2680000000000003
-0.23000000000000023
-0.17100000000000026
-0.09200000000000044
0.004999999999999751
0.1259999999999997
0.2799999999999996
0.46399999999999986
0.6719999999999999
0.9139999999999998
1.1649999999999998
1.4089999999999998
1.6369999999999996
1.8289999999999997
1.9539999999999997
2.0189999999999997
2.0079999999999996
1.9089999999999996
1.7389999999999999
1.519
1.256
0.988
0.7399999999999999
0.5119999999999998
0.31999999999999973
0.15699999999999978
0.034
-0.067
-0.14000000000000015
-0.20100000000000015
-0.2460000000000001
-0.272
-0.29400000000000015
-0.30800000000000016
-0.31400000000000017
-0.31500000000000017
-0.39800000000000013
-0.40100000000000025
-0.40600000000000025
-0.3990000000000003
-0.38000000000000034
-0.3620000000000002
-0.3210000000000002
-0.276
-0.19800000000000015
-0.09300000000000047
0.04199999999999951
0.20799999999999966
0.4239999999999997
0.6869999999999996
0.9919999999999997
1.3149999999999997
1.6519999999999997
1.9589999999999999
2.2129999999999996
2.397
2.487999999999999
2.4829999999999997
2.36
2.122
1.8089999999999997
1.4399999999999997
1.0819999999999996
0.7489999999999997
0.46899999999999953
0.2439999999999997
0.07299999999999969
-0.0730000000000002
-0.16900000000000007
-0.2480000000000001
-0.29800000000000026
-0.3390000000000001
-0.3600000000000002
-0.3790000000000002
-0.3770000000000001
-0.3780000000000001
-0.3740000000000002
-0.4630000000000003
-0.47800000000000037
-0.4870000000000004
-0.4880000000000004
-0.4850000000000003
-0.4740000000000003
-0.4440000000000003
-0.39900000000000024
-0.33600000000000063
-0.2340000000000003
-0.0940000000000005
0.09399999999999967
0.3460000000000001
0.6670000000000003
1.0539999999999996
1.4940000000000002
1.956
2.381
2.728
2.9749999999999996
3.114
3.1319999999999992
2.981
2.653
2.1809999999999996
1.6579999999999995
1.1539999999999997
0.7189999999999998
0.3819999999999997
0.11899999999999969
-0.07200000000000031
-0.21300000000000016
-0.3140000000000002
-0.3800000000000002
-0.42100000000000015
-0.4500000000000003
-0.4650000000000001
-0.46800000000000025
-0.46500000000000025
-0.45400000000000024
-0.44200000000000006
-0.5420000000000003
-0.5590000000000002
-0.5820000000000003
-0.5960000000000004
-0.6050000000000005
-0.6040000000000003
-0.5890000000000003
-0.5610000000000002
-0.5050000000000002
-0.41300000000000037
-0.273
-0.08000000000000015
0.20699999999999988
0.5889999999999995
1.0929999999999993
1.6849999999999994
2.3309999999999995
2.940999999999999
3.4109999999999996
3.738
3.9429999999999996
4.0169999999999995
3.8689999999999993
3.4069999999999996
2.683
1.8849999999999996
1.1689999999999996
0.609
0.20299999999999985
-0.0800000000000004
-0.27900000000000047
-0.40800000000000025
-0.49000000000000027
-0.5410000000000003
-0.5710000000000003
-0.5740000000000002
-0.5790000000000001
-0.5700000000000002
-0.5540000000000003
-0.5400000000000003
-0.5150000000000001
-0.6200000000000003
-0.6490000000000004
-0.6810000000000006
-0.7120000000000005
-0.7350000000000004
-0.7550000000000003
-0.7610000000000002
-0.7530000000000006
-0.7199999999999999
-0.6470000000000007
-0.526
-0.334
-0.02500000000000021
0.4160000000000001
1.0520000000000003
1.8859999999999997
2.848
3.737999999999999
4.351
4.691
4.953
5.2219999999999995
5.229
4.579000000000001
3.361
2.0819999999999994
1.0579999999999996
0.3579999999999998
-0.10000000000000023
-0.384
-0.5550000000000003
-0.6670000000000004
-0.7200000000000002
-0.7400000000000003
-0.7410000000000004
-0.7380000000000002
-0.7140000000000001
-0.6890000000000002
-0.6600000000000001
-0.6280000000000002
-0.5980000000000002
-0.7030000000000004
-0.7530000000000003
-0.7960000000000004
-0.8370000000000003
-0.8820000000000003
-0.9230000000000002
-0.9560000000000001
-0.9780000000000005
-0.9760000000000003
-0.9449999999999997
-0.864
-0.6970000000000001
-0.41000000000000075
0.07699999999999955
0.8579999999999997
2.0350000000000006
3.5609999999999995
4.995
5.704000000000001
5.738999999999999
5.9110000000000005
6.706999999999999
7.407
6.494
4.182
2.0409999999999995
0.653
-0.142
-0.585
-0.8079999999999998
-0.9280000000000004
-0.9739999999999998
-0.9870000000000007
-0.9680000000000002
-0.9450000000000006
-0.9070000000000004
-0.8620000000000003
-0.8180000000000003
-0.7690000000000002
-0.7280000000000002
-0.6860000000000003
-0.7960000000000004
-0.8530000000000004
-0.9160000000000004
-0.9770000000000001
-1.0450000000000004
-1.1120000000000008
-1.176
-1.2360000000000002
-1.285
-1.3050000000000006
-1.2970000000000002
-1.2089999999999999
-0.9969999999999993
-0.5540000000000002
0.29599999999999965
1.8430000000000004
4.355999999999999
7.08
7.733
6.3210000000000015
5.699
7.433999999999999
10.448
9.147999999999998
4.387999999999999
1.1820000000000002
-0.3209999999999998
-0.9850000000000008
-1.2680000000000005
-1.373
-1.384
-1.3560000000000003
-1.3030000000000006
-1.2360000000000004
-1.165
-1.0930000000000004
-1.0210000000000001
-0.9550000000000004
-0.8950000000000004
-0.8300000000000004
-0.7730000000000002
-0.8910000000000005
-0.9610000000000007
-1.0420000000000007
-1.1290000000000004
-1.218
-1.32
-1.4260000000000002
-1.5290000000000001
-1.6320000000000001
-1.7289999999999994
-1.8059999999999994
-1.840000000000001
-1.7799999999999998
-1.5280000000000005
-0.875
0.6980000000000005
4.205
9.628
9.784
4.292999999999998
1.6699999999999993
3.0149999999999992
8.253
6.7940000000000005
0.8439999999999995
-1.4610000000000007
-2.1020000000000003
-2.226
-2.1729999999999996
-2.0580000000000003
-1.926
-1.791
-1.6529999999999998
-1.53
-1.4120000000000001
-1.3029999999999995
-1.1980000000000004
-1.106
-1.0210000000000004
-0.9370000000000004
-0.8710000000000003
-0.9840000000000008
-1.0740000000000005
-1.1730000000000007
-1.2840000000000003
-1.403
-1.5400000000000005
-1.6860000000000002
-1.8369999999999997
-2.013000000000001
-2.1989999999999985
-2.3889999999999993
-2.5839999999999996
-2.7560000000000007
-2.874999999999999
-2.8359999999999994
-2.3979999999999997
-0.9010000000000007
2.048999999999999
-0.7710000000000004
-5.912000000000002
-7.941999999999998
-10.471000000000002
-16.467000000000002
-15.119
-8.566
-5.7040000000000015
-4.437
-3.7459999999999996
-3.2359999999999998
-2.8449999999999998
-2.535000000000001
-2.2710000000000004
-2.0429999999999993
-1.8449999999999995
-1.6679999999999997
-1.521
-1.3840000000000003
-1.2630000000000003
-1.1530000000000002
-1.0520000000000005
-0.9650000000000004
-1.0800000000000003
-1.182
-1.3030000000000004
-1.4349999999999996
-1.582
-1.751
-1.9420000000000002
-2.1539999999999995
-2.3959999999999986
-2.6799999999999997
-2.992
-3.3680000000000008
-3.8120000000000007
-4.375000000000002
-5.174000000000001
-6.602
-10.115999999999998
-19.529000000000003
-26.166
-19.921000000000003
-17.509000000000004
-19.698000000000004
-24.791999999999998
-22.505
-14.301000000000002
-9.187
-6.628000000000002
-5.200999999999999
-4.284
-3.639000000000001
-3.1460000000000012
-2.7550000000000003
-2.438
-2.1699999999999995
-1.938
-1.7449999999999999
-1.5679999999999996
-1.4189999999999998
-1.2849999999999997
-1.1709999999999996
-1.0610000000000004
-1.1729999999999998
-1.2930000000000004
-1.4310000000000003
-1.5899999999999996
-1.7680000000000007
-1.9719999999999998
-2.2019999999999986
-2.4739999999999993
-2.789
-3.1630000000000003
-3.6049999999999995
-4.142000000000001
-4.832000000000002
-5.771000000000002
-7.167999999999999
-9.574
-14.120999999999999
-21.37
-25.372
-22.902
-20.865
-20.839
-21.195000000000004
-18.993999999999996
-14.556
-10.668
-8.069999999999999
-6.376000000000001
-5.217
-4.375000000000002
-3.738
-3.2310000000000003
-2.8220000000000005
-2.4880000000000004
-2.203
-1.9629999999999999
-1.7529999999999997
-1.5760000000000003
-1.4189999999999996
-1.2759999999999998
-1.1579999999999997
-1.2619999999999998
-1.401
-1.5549999999999997
-1.7369999999999999
-1.943
-2.181999999999999
-2.458999999999999
-2.7799999999999994
-3.1610000000000005
-3.614
-4.167
-4.845999999999998
-5.704000000000002
-6.845000000000002
-8.459
-10.808000000000002
-14.193999999999999
-18.110000000000003
-20.58
-20.743
-20.114
-19.501
-18.539
-16.610000000000003
-13.862
-11.127
-8.909000000000002
-7.2330000000000005
-5.97
-5.015000000000001
-4.273000000000001
-3.6790000000000007
-3.193000000000001
-2.791
-2.461
-2.177
-1.937
-1.7200000000000002
-1.5399999999999998
-1.3869999999999998
-1.248
-1.3519999999999999
-1.4969999999999997
-1.68
-1.8810000000000002
-2.114
-2.387
-2.691
-3.0690000000000004
-3.5070000000000006
-4.024
-4.6530000000000005
-5.418000000000001
-6.371999999999998
-7.5870000000000015
-9.141
-11.140000000000004
-13.531
-15.948
-17.703
-18.453
-18.438000000000002
-17.918000000000003
-16.890999999999995
-15.306
-13.31
-11.241000000000001
-9.38
-7.8180000000000005
-6.556
-5.5470000000000015
-4.734999999999999
-4.071000000000001
-3.526
-3.073
-2.696
-2.371999999999999
-2.0980000000000008
-1.863
-1.66
-1.4899999999999995
-1.3359999999999996
-1.4229999999999996
-1.5919999999999996
-1.7820000000000005
-2.005
-2.259
-2.5599999999999983
-2.902
-3.3179999999999996
-3.8000000000000003
-4.373
-5.056
-5.876000000000002
-6.869999999999998
-8.063000000000002
-9.495
-11.160000000000002
-12.97
-14.697000000000001
-16.034000000000002
-16.799999999999997
-16.975
-16.615000000000002
-15.767000000000003
-14.483000000000004
-12.915000000000004
-11.243
-9.642999999999999
-8.215000000000002
-6.9910000000000005
-5.966
-5.119000000000001
-4.411
-3.819
-3.3260000000000014
-2.902999999999999
-2.5539999999999994
-2.253999999999999
-1.9979999999999998
-1.7740000000000002
-1.5859999999999999
-1.412
-1.4929999999999997
-1.6740000000000004
-1.881
-2.1109999999999998
-2.395
-2.7159999999999997
-3.0920000000000005
-3.5299999999999994
-4.053
-4.661999999999999
-5.374999999999998
-6.2200000000000015
-7.2109999999999985
-8.360000000000003
-9.665000000000003
-11.094000000000001
-12.554999999999996
-13.909
-14.985999999999999
-15.661
-15.869
-15.616000000000003
-14.934999999999997
-13.890999999999996
-12.602999999999998
-11.186
-9.780000000000001
-8.468999999999998
-7.305000000000001
-6.288000000000001
-5.422000000000001
-4.692
-4.061999999999999
-3.5359999999999996
-3.0920000000000005
-2.712
-2.3869999999999996
-2.106
-1.8699999999999997
-1.6609999999999994
-1.485
-1.5530000000000004
-1.7389999999999999
-1.955
-2.2139999999999995
-2.5020000000000007
-2.8479999999999994
-3.2490000000000014
-3.7110000000000007
-4.252000000000001
-4.890000000000001
-5.623
-6.48
-7.45
-8.546999999999999
-9.743999999999998
-11.001999999999999
-12.255999999999998
-13.379999999999995
-14.283999999999999
-14.861
-15.063000000000004
-14.870000000000001
-14.311
-13.437
-12.333000000000004
-11.102
-9.842999999999998
-8.629000000000001
-7.521000000000001
-6.527000000000001
-5.660000000000001
-4.909000000000002
-4.265000000000001
-3.710000000000001
-3.2410000000000005
-2.8429999999999995
-2.4970000000000003
-2.2009999999999996
-1.9479999999999997
-1.7349999999999997
-1.5430000000000004
-1.5939999999999999
-1.79
-2.0220000000000002
-2.2849999999999997
-2.591999999999999
-2.9520000000000004
-3.3609999999999998
-3.8480000000000008
-4.409000000000002
-5.058000000000001
-5.803000000000003
-6.656
-7.614000000000001
-8.661
-9.780999999999999
-10.931000000000004
-12.035999999999996
-13.020999999999999
-13.808999999999996
-14.311999999999996
-14.495000000000003
-14.341000000000006
-13.850999999999997
-13.086999999999994
-12.115
-11.010999999999997
-9.861000000000004
-8.729999999999999
-7.660000000000002
-6.6960000000000015
-5.8309999999999995
-5.0760000000000005
-4.420999999999999
-3.851000000000001
-3.3609999999999993
-2.948
-2.5909999999999997
-2.278
-2.018
-1.7890000000000001
-1.5929999999999997
-1.6269999999999998
-1.829
-2.0679999999999996
-2.3440000000000003
-2.657
-3.023
-3.448999999999999
-3.9430000000000014
-4.518000000000001
-5.176000000000003
-5.930000000000001
-6.776999999999999
-7.712999999999999
-8.736999999999998
-9.798
-10.869000000000002
-11.890999999999998
-12.790000000000003
-13.496000000000002
-13.953000000000001
-14.112000000000002
-13.969999999999997
-13.528
-12.836
-11.944999999999997
-10.926999999999998
-9.846999999999998
-8.775999999999998
-7.751000000000003
-6.803000000000001
-5.949
-5.1880000000000015
-4.526000000000001
-3.9510000000000005
-3.456000000000001
-3.0229999999999997
-2.6530000000000014
-2.337
-2.064
-1.8289999999999995
-1.6249999999999998
-1.6470000000000002
-1.8570000000000004
-2.0939999999999994
-2.3699999999999997
-2.6949999999999994
-3.0640000000000005
-3.504000000000001
-4.002
-4.583
-5.246000000000002
-6.0020000000000024
-6.844
-7.778
-8.772999999999998
-9.807999999999998
-10.842
-11.806999999999999
-12.658000000000003
-13.319999999999997
-13.743000000000004
-13.891999999999998
-13.756
-13.339
-12.685
-11.838000000000001
-10.867999999999997
-9.836
-8.799999999999999
-7.797
-6.861000000000001
-6.014000000000001
-5.256000000000003
-4.584999999999999
-4.006000000000001
-3.5030000000000006
-3.068000000000002
-2.695
-2.3689999999999998
-2.093
-1.853
-1.6450000000000002
-1.651
-1.858000000000001
-2.1070000000000007
-2.3799999999999994
-2.7139999999999995
-3.078000000000001
-3.515
-4.024
-4.6000000000000005
-5.271
-6.029000000000002
-6.873000000000002
-7.801
-8.792999999999997
-9.821000000000002
-10.836999999999998
-11.792999999999996
-12.625000000000002
-13.270000000000001
-13.68399999999999
-13.815000000000007
-13.684
-13.273999999999996
-12.624999999999996
-11.796000000000001
-10.840000000000002
-9.822000000000001
-8.794999999999995
-7.801
-6.875
-6.032999999999999
-5.275
-4.6080000000000005
-4.028999999999999
-3.516
-3.0800000000000014
-2.715
-2.3819999999999997
-2.1109999999999998
-1.8610000000000002
-1.654
-1.6470000000000002
-1.8570000000000004
-2.0939999999999994
-2.3699999999999997
-2.6949999999999994
-3.0640000000000005
-3.504000000000001
-4.002
-4.583
-5.246000000000002
-6.0020000000000024
-6.844
-7.778
-8.772999999999998
-9.807999999999998
-10.842
-11.806999999999999
-12.658000000000003
-13.319999999999997
-13.743000000000004
-13.891999999999998
-13.756
-13.339
-12.685
-11.838000000000001
-10.867999999999997
-9.836
-8.799999999999999
-7.797
-6.861000000000001
-6.014000000000001
-5.256000000000003
-4.584999999999999
-4.006000000000001
-3.5030000000000006
-3.068000000000002
-2.695
-2.3689999999999998
-2.093
-1.853
-1.6450000000000002
-1.6269999999999998
-1.829
-2.0679999999999996
-2.3440000000000003
-2.657
-3.023
-3.448999999999999
-3.9430000000000014
-4.518000000000001
-5.176000000000003
-5.930000000000001
-6.776999999999999
-7.712999999999999
-8.736999999999998
-9.798
-10.869000000000002
-11.890999999999998
-12.790000000000003
-13.496000000000002
-13.953000000000001
-14.112000000000002
-13.969999999999997
-13.528
-12.836
-11.944999999999997
-10.926999999999998
-9.846999999999998
-8.775999999999998
-7.751000000000003
-6.803000000000001
-5.949
-5.1880000000000015
-4.526000000000001
-3.9510000000000005
-3.456000000000001
-3.0229999999999997
-2.6530000000000014
-2.337
-2.064
-1.8289999999999995
-1.6249999999999998
-1.5939999999999999
-1.79
-2.0220000000000002
-2.2849999999999997
-2.591999999999999
-2.9520000000000004
-3.3609999999999998
-3.8480000000000008
-4.409000000000002
-5.058000000000001
-5.803000000000003
-6.656
-7.614000000000001
-8.661
-9.780999999999999
-10.931000000000004
-12.035999999999996
-13.020999999999999
-13.808999999999996
-14.311999999999996
-14.495000000000003
-14.341000000000006
-13.850999999999997
-13.086999999999994
-12.115
-11.010999999999997
-9.861000000000004
-8.729999999999999
-7.660000000000002
-6.6960000000000015
-5.8309999999999995
-5.0760000000000005
-4.420999999999999
-3.851000000000001
-3.3609999999999993
-2.948
-2.5909999999999997
-2.278
-2.018
-1.7890000000000001
-1.5929999999999997
-1.5530000000000004
-1.7389999999999999
-1.955
-2.2139999999999995
-2.5020000000000007
-2.8479999999999994
-3.2490000000000014
-3.7110000000000007
-4.252000000000001
-4.890000000000001
-5.623
-6.48
-7.45
-8.546999999999999
-9.743999999999998
-11.001999999999999
-12.255999999999998
-13.379999999999995
-14.283999999999999
-14.861
-15.063000000000004
-14.870000000000001
-14.311
-13.437
-12.333000000000004
-11.102
-9.842999999999998
-8.629000000000001
-7.521000000000001
-6.527000000000001
-5.660000000000001
-4.909000000000002
-4.265000000000001
-3.710000000000001
-3.2410000000000005
-2.8429999999999995
-2.4970000000000003
-2.2009999999999996
-1.9479999999999997
-1.7349999999999997
-1.5430000000000004
-1.4929999999999997
-1.6740000000000004
-1.881
-2.1109999999999998
-2.395
-2.7159999999999997
-3.0920000000000005
-3.5299999999999994
-4.053
-4.661999999999999
-5.374999999999998
-6.2200000000000015
-7.2109999999999985
-8.360000000000003
-9.665000000000003
-11.094000000000001
-12.554999999999996
-13.909
-14.985999999999999
-15.661
-15.869
-15.616000000000003
-14.934999999999997
-13.890999999999996
-12.602999999999998
-11.186
-9.780000000000001
-8.468999999999998
-7.305000000000001
-6.288000000000001
-5.422000000000001
-4.692
-4.061999999999999
-3.5359999999999996
-3.0920000000000005
-2.712
-2.3869999999999996
-2.106
-1.8699999999999997
-1.6609999999999994
-1.485
-1.4229999999999996
-1.5919999999999996
-1.7820000000000005
-2.005
-2.259
-2.5599999999999983
-2.902
-3.3179999999999996
-3.8000000000000003
-4.373
-5.056
-5.876000000000002
-6.869999999999998
-8.063000000000002
-9.495
-11.160000000000002
-12.97
-14.697000000000001
-16.034000000000002
-16.799999999999997
-16.975
-16.615000000000002
-15.767000000000003
-14.483000000000004
-12.915000000000004
-11.243
-9.642999999999999
-8.215000000000002
-6.9910000000000005
-5.966
-5.119000000000001
-4.411
-3.819
-3.3260000000000014
-2.902999999999999
-2.5539999999999994
-2.253999999999999
-1.9979999999999998
-1.7740000000000002
-1.5859999999999999
-1.412
-1.3519999999999999
-1.4969999999999997
-1.68
-1.8810000000000002
-2.114
-2.387
-2.691
-3.0690000000000004
-3.5070000000000006
-4.024
-4.6530000000000005
-5.418000000000001
-6.371999999999998
-7.5870000000000015
-9.141
-11.140000000000004
-13.531
-15.948
-17.703
-18.453
-18.438000000000002
-17.918000000000003
-16.890999999999995
-15.306
-13.31
-11.241000000000001
-9.38
-7.8180000000000005
-6.556
-5.5470000000000015
-4.734999999999999
-4.071000000000001
-3.526
-3.073
-2.696
-2.371999999999999
-2.0980000000000008
-1.863
-1.66
-1.4899999999999995
-1.3359999999999996
-1.2619999999999998
-1.401
-1.5549999999999997
-1.7369999999999999
-1.943
-2.181999999999999
-2.458999999999999
-2.7799999999999994
-3.1610000000000005
-3.614
-4.167
-4.845999999999998
-5.704000000000002
-6.845000000000002
-8.459
-10.808000000000002
-14.193999999999999
-18.110000000000003
-20.58
-20.743
-20.114
-19.501
-18.539
-16.610000000000003
-13.862
-11.127
-8.909000000000002
-7.2330000000000005
-5.97
-5.015000000000001
-4.273000000000001
-3.6790000000000007
-3.193000000000001
-2.791
-2.461
-2.177
-1.937
-1.7200000000000002
-1.5399999999999998
-1.3869999999999998
-1.248
-1.1729999999999998
-1.2930000000000004
-1.4310000000000003
-1.5899999999999996
-1.7680000000000007
-1.9719999999999998
-2.2019999999999986
-2.4739999999999993
-2.789
-3.1630000000000003
-3.6049999999999995
-4.142000000000001
-4.832000000000002
-5.771000000000002
-7.167999999999999
-9.574
-14.120999999999999
-21.37
-25.372
-22.902
-20.865
-20.839
-21.195000000000004
-18.993999999999996
-14.556
-10.668
-8.069999999999999
-6.376000000000001
-5.217
-4.375000000000002
-3.738
-3.2310000000000003
-2.8220000000000005
-2.4880000000000004
-2.203
-1.9629999999999999
-1.7529999999999997
-1.5760000000000003
-1.4189999999999996
-1.2759999999999998
-1.1579999999999997
-1.0800000000000003
-1.182
-1.3030000000000004
-1.4349999999999996
-1.582
-1.751
-1.9420000000000002
-2.1539999999999995
-2.3959999999999986
-2.6799999999999997
-2.992
-3.3680000000000008
-3.8120000000000007
-4.375000000000002
-5.174000000000001
-6.602
-10.115999999999998
-19.529000000000003
-26.166
-19.921000000000003
-17.509000000000004
-19.698000000000004
-24.791999999999998
-22.505
-14.301000000000002
-9.187
-6.628000000000002
-5.200999999999999
-4.284
-3.639000000000001
-3.1460000000000012
-2.7550000000000003
-2.438
-2.1699999999999995
-1.938
-1.7449999999999999
-1.5679999999999996
-1.4189999999999998
-1.2849999999999997
-1.1709999999999996
-1.0610000000000004
-0.9840000000000008
-1.0740000000000005
-1.1730000000000007
-1.2840000000000003
-1.403
-1.5400000000000005
-1.6860000000000002
-1.8369999999999997
-2.013000000000001
-2.1989999999999985
-2.3889999999999993
-2.5839999999999996
-2.7560000000000007
-2.874999999999999
-2.8359999999999994
-2.3979999999999997
-0.9010000000000007
2.048999999999999
-0.7710000000000004
-5.912000000000002
-7.941999999999998
-10.471000000000002
-16.467000000000002
-15.119
-8.566
-5.7040000000000015
-4.437
-3.7459999999999996
-3.2359999999999998
-2.8449999999999998
-2.535000000000001
-2.2710000000000004
-2.0429999999999993
-1.8449999999999995
-1.6679999999999997
-1.521
-1.3840000000000003
-1.2630000000000003
-1.1530000000000002
-1.0520000000000005
-0.9650000000000004
-0.8910000000000005
-0.9610000000000007
-1.0420000000000007
-1.1290000000000004
-1.218
-1.32
-1.4260000000000002
-1.5290000000000001
-1.6320000000000001
-1.7289999999999994
-1.8059999999999994
-1.840000000000001
-1.7799999999999998
-1.5280000000000005
-0.875
0.6980000000000005
4.205
9.628
9.784
4.292999999999998
1.6699999999999993
3.0149999999999992
8.253
6.7940000000000005
0.8439999999999995
-1.4610000000000007
-2.1020000000000003
-2.226
-2.1729999999999996
-2.0580000000000003
-1.926
-1.791
-1.6529999999999998
-1.53
-1.4120000000000001
-1.3029999999999995
-1.1980000000000004
-1.106
-1.0210000000000004
-0.9370000000000004
-0.8710000000000003
-0.7960000000000004
-0.8530000000000004
-0.9160000000000004
-0.9770000000000001
-1.0450000000000004
-1.1120000000000008
-1.176
-1.2360000000000002
-1.285
-1.3050000000000006
-1.2970000000000002
-1.2089999999999999
-0.9969999999999993
-0.5540000000000002
0.29599999999999965
1.8430000000000004
4.355999999999999
7.08
7.733
6.3210000000000015
5.699
7.433999999999999
10.448
9.147999999999998
4.387999999999999
1.1820000000000002
-0.3209999999999998
-0.9850000000000008
-1.2680000000000005
-1.373
-1.384
-1.3560000000000003
-1.3030000000000006
-1.2360000000000004
-1.165
-1.0930000000000004
-1.0210000000000001
-0.9550000000000004
-0.8950000000000004
-0.8300000000000004
-0.7730000000000002
-0.7030000000000004
-0.7530000000000003
-0.7960000000000004
-0.8370000000000003
-0.8820000000000003
-0.9230000000000002
-0.9560000000000001
-0.9780000000000005
-0.9760000000000003
-0.9449999999999997
-0.864
-0.6970000000000001
-0.41000000000000075
0.07699999999999955
0.8579999999999997
2.0350000000000006
3.5609999999999995
4.995
5.704000000000001
5.738999999999999
5.9110000000000005
6.706999999999999
7.407
6.494
4.182
2.0409999999999995
0.653
-0.142
-0.585
-0.8079999999999998
-0.9280000000000004
-0.9739999999999998
-0.9870000000000007
-0.9680000000000002
-0.9450000000000006
-0.9070000000000004
-0.8620000000000003
-0.8180000000000003
-0.7690000000000002
-0.7280000000000002
-0.6860000000000003
-0.6200000000000003
-0.6490000000000004
-0.6810000000000006
-0.7120000000000005
-0.7350000000000004
-0.7550000000000003
-0.7610000000000002
-0.7530000000000006
-0.7199999999999999
-0.6470000000000007
-0.526
-0.334
-0.02500000000000021
0.4160000000000001
1.0520000000000003
1.8859999999999997
2.848
3.737999999999999
4.351
4.691
4.953
5.2219999999999995
5.229
4.579000000000001
3.361
2.0819999999999994
1.0579999999999996
0.3579999999999998
-0.10000000000000023
-0.384
-0.5550000000000003
-0.6670000000000004
-0.7200000000000002
-0.7400000000000003
-0.7410000000000004
-0.7380000000000002
-0.7140000000000001
-0.6890000000000002
-0.6600000000000001
-0.6280000000000002
-0.5980000000000002
-0.5420000000000003
-0.5590000000000002
-0.5820000000000003
-0.5960000000000004
-0.6050000000000005
-0.6040000000000003
-0.5890000000000003
-0.5610000000000002
-0.5050000000000002
-0.41300000000000037
-0.273
-0.08000000000000015
0.20699999999999988
0.5889999999999995
1.0929999999999993
1.6849999999999994
2.3309999999999995
2.940999999999999
3.4109999999999996
3.738
3.9429999999999996
4.0169999999999995
3.8689999999999993
3.4069999999999996
2.683
1.8849999999999996
1.1689999999999996
0.609
0.20299999999999985
-0.0800000000000004
-0.27900000000000047
-0.40800000000000025
-0.49000000000000027
-0.5410000000000003
-0.5710000000000003
-0.5740000000000002
-0.5790000000000001
-0.5700000000000002
-0.5540000000000003
-0.5400000000000003
-0.5150000000000001
-0.4630000000000003
-0.47800000000000037
-0.4870000000000004
-0.4880000000000004
-0.4850000000000003
-0.4740000000000003
-0.4440000000000003
-0.39900000000000024
-0.33600000000000063
-0.2340000000000003
-0.0940000000000005
0.09399999999999967
0.3460000000000001
0.6670000000000003
1.0539999999999996
1.4940000000000002
1.956
2.381
2.728
2.9749999999999996
3.114
3.1319999999999992
2.981
2.653
2.1809999999999996
1.6579999999999995
1.1539999999999997
0.7189999999999998
0.3819999999999997
0.11899999999999969
-0.07200000000000031
-0.21300000000000016
-0.3140000000000002
-0.3800000000000002
-0.42100000000000015
-0.4500000000000003
-0.4650000000000001
-0.46800000000000025
-0.46500000000000025
-0.45400000000000024
-0.44200000000000006
-0.39800000000000013
-0.40100000000000025
-0.40600000000000025
-0.3990000000000003
-0.38000000000000034
-0.3620000000000002
-0.3210000000000002
-0.276
-0.19800000000000015
-0.09300000000000047
0.04199999999999951
0.20799999999999966
0.4239999999999997
0.6869999999999996
0.9919999999999997
1.3149999999999997
1.6519999999999997
1.9589999999999999
2.2129999999999996
2.397
2.487999999999999
2.4829999999999997
2.36
2.122
1.8089999999999997
1.4399999999999997
1.0819999999999996
0.7489999999999997
0.46899999999999953
0.2439999999999997
0.07299999999999969
-0.0730000000000002
-0.16900000000000007
-0.2480000000000001
-0.29800000000000026
-0.3390000000000001
-0.3600000000000002
-0.3790000000000002
-0.3770000000000001
-0.3780000000000001
-0.3740000000000002
-0.3360000000000001
-0.3360000000000002
-0.32900000000000007
-0.3180000000000003
-0.30000000000000027
-0.2680000000000003
-0.23000000000000023
-0.17100000000000026
-0.09200000000000044
0.004999999999999751
0.1259999999999997
0.2799999999999996
0.46399999999999986
0.6719999999999999
0.9139999999999998
1.1649999999999998
1.4089999999999998
1.6369999999999996
1.8289999999999997
1.9539999999999997
2.0189999999999997
2.0079999999999996
1.9089999999999996
1.7389999999999999
1.519
1.256
0.988
0.7399999999999999
0.5119999999999998
0.31999999999999973
0.15699999999999978
0.034
-0.067
-0.14000000000000015
-0.20100000000000015
-0.2460000000000001
-0.272
-0.29400000000000015
-0.30800000000000016
-0.31400000000000017
-0.31500000000000017
-0.279
-0.273
-0.266
-0.2510000000000003
-0.22600000000000026
-0.1910000000000003
-0.15000000000000016
-0.09400000000000039
-0.014000000000000158
0.07599999999999982
0.1869999999999998
0.31599999999999984
0.47299999999999986
0.6469999999999998
0.8289999999999998
1.028
1.2139999999999997
1.3879999999999997
1.5259999999999998
1.6209999999999996
1.6589999999999998
1.6529999999999998
1.5769999999999995
1.4529999999999998
1.2889999999999997
1.102
0.8969999999999999
0.7019999999999997
0.5179999999999996
0.35699999999999976
0.2299999999999998
0.10800000000000001
0.010999999999999628
-0.06200000000000023
-0.11800000000000027
-0.16700000000000031
-0.20000000000000023
-0.22700000000000017
-0.24600000000000005
-0.2510000000000001
-0.2610000000000001
