0.35799999999999976
0.3500000000000001
0.3489999999999992
0.31799999999999945
0.3099999999999999
0.2660000000000001
0.2080000000000005
0.15100000000000022
0.08599999999999969
-0.03500000000000062
-0.14900000000000072
-0.34499999999999925
-0.5199999999999974
-0.7899999999999966
-1.0489999999999935
-1.33599999999999
-1.61099999999999
-1.8809999999999885
-2.0919999999999934
-2.1859999999999955
-2.2399999999999936
-2.205999999999992
-2.0789999999999957
-1.851999999999992
-1.5929999999999889
-1.2999999999999947
-0.9899999999999967
-0.7249999999999958
-0.4719999999999977
-0.2889999999999988
-0.10700000000000054
-0.0059999999999998796
0.1010000000000002
0.18099999999999988
0.2409999999999999
0.284
0.2969999999999998
0.34299999999999997
0.3410000000000004
0.3650000000000003
0.3490000000000002
0.41900000000000015
0.43499999999999983
0.42900000000000016
0.4179999999999997
0.39499999999999946
0.3499999999999997
0.3249999999999997
0.26899999999999896
0.18399999999999928
0.06599999999999978
-0.07000000000000114
-0.2749999999999998
-0.5029999999999987
-0.8129999999999953
-1.1259999999999966
-1.5069999999999955
-1.8929999999999918
-2.237999999999989
-2.516999999999993
-2.7049999999999894
-2.7989999999999884
-2.7219999999999946
-2.56799999999999
-2.2379999999999876
-1.8599999999999925
-1.431999999999993
-1.040999999999991
-0.7009999999999962
-0.42499999999999843
-0.17900000000000038
0.001999999999999576
0.12300000000000001
0.22200000000000053
0.2909999999999995
0.34099999999999964
0.38799999999999996
0.41700000000000037
0.4059999999999997
0.42899999999999994
0.4109999999999998
0.4139999999999998
0.4899999999999999
0.5049999999999994
0.5099999999999995
0.5089999999999992
0.4979999999999999
0.48599999999999943
0.44799999999999895
0.4099999999999993
0.31599999999999917
0.21499999999999972
0.05299999999999903
-0.15300000000000102
-0.4449999999999985
-0.8009999999999968
-1.2199999999999946
-1.710999999999993
-2.2229999999999857
-2.7029999999999927
-3.1229999999999847
-3.390999999999983
-3.5069999999999837
-3.451999999999993
-3.1909999999999914
-2.738999999999999
-2.186999999999992
-1.5829999999999949
-1.0759999999999939
-0.6279999999999961
-0.2829999999999989
-0.02300000000000193
0.17399999999999924
0.29699999999999976
0.3719999999999994
0.4449999999999999
0.4639999999999993
0.5009999999999999
0.5029999999999996
0.5139999999999995
0.5089999999999998
0.5019999999999997
0.48199999999999976
0.5819999999999999
0.5950000000000005
0.6200000000000004
0.6069999999999997
0.640999999999999
0.6260000000000006
0.5969999999999996
0.5630000000000002
0.5039999999999992
0.3889999999999982
0.24100000000000016
0.025999999999999468
-0.2950000000000003
-0.7039999999999952
-1.2579999999999973
-1.9089999999999938
-2.6339999999999857
-3.3289999999999824
-3.9020000000000077
-4.288000000000011
-4.499000000000002
-4.4640000000000235
-4.128000000000016
-3.472999999999975
-2.6089999999999827
-1.7179999999999902
-0.9809999999999911
-0.42999999999999805
-0.04100000000000078
0.22199999999999975
0.4209999999999998
0.5099999999999997
0.5799999999999992
0.607
0.6079999999999992
0.6269999999999993
0.6059999999999999
0.6179999999999997
0.5930000000000002
0.5710000000000005
0.5369999999999998
0.665000000000001
0.6930000000000006
0.706
0.7270000000000011
0.7610000000000022
0.7770000000000031
0.761000000000004
0.7429999999999988
0.7169999999999978
0.6389999999999991
0.4989999999999992
0.2969999999999995
-0.02800000000000106
-0.5219999999999972
-1.2229999999999897
-2.1369999999999907
-3.1659999999999853
-4.170999999999996
-4.945999999999988
-5.462999999999991
-5.792000000000028
-5.855000000000033
-5.496000000000006
-4.501000000000006
-3.0899999999999896
-1.764999999999993
-0.767999999999993
-0.06600000000000081
0.3389999999999983
0.5719999999999992
0.713
0.7980000000000024
0.8140000000000017
0.8130000000000033
0.8250000000000036
0.7920000000000017
0.7540000000000014
0.7120000000000019
0.6840000000000003
0.6680000000000008
0.6320000000000005
0.7350000000000018
0.7890000000000043
0.8320000000000053
0.8750000000000081
0.9150000000000083
0.9550000000000078
0.9780000000000063
1.0140000000000085
0.9920000000000054
0.9620000000000041
0.8570000000000041
0.6830000000000006
0.3510000000000001
-0.1789999999999996
-1.0329999999999901
-2.2959999999999936
-3.8450000000000024
-5.347000000000001
-6.362000000000038
-6.833000000000038
-7.260000000000041
-7.782000000000039
-7.681000000000013
-6.07100000000001
-3.58199999999999
-1.4679999999999942
-0.13899999999999973
0.5689999999999988
0.899000000000002
1.0430000000000055
1.1160000000000094
1.1130000000000084
1.1020000000000083
1.0560000000000067
1.0240000000000082
0.97500000000001
0.9090000000000087
0.8650000000000063
0.8080000000000033
0.7560000000000037
0.7150000000000017
0.827000000000007
0.8770000000000079
0.9380000000000085
1.0170000000000103
1.077000000000009
1.1440000000000083
1.2040000000000095
1.2600000000000118
1.3010000000000095
1.3510000000000102
1.2830000000000128
1.1790000000000107
0.961000000000005
0.4499999999999989
-0.501999999999996
-2.209999999999992
-4.765000000000012
-7.3350000000000435
-8.41000000000001
-8.033999999999995
-8.247000000000002
-10.062999999999992
-11.507999999999997
-8.76700000000002
-3.7590000000000154
-0.41399999999999004
1.0160000000000011
1.5210000000000137
1.6640000000000128
1.647000000000015
1.5830000000000142
1.521000000000011
1.405000000000012
1.3280000000000118
1.2400000000000098
1.1540000000000092
1.0800000000000096
1.0070000000000097
0.9380000000000083
0.8620000000000078
0.8180000000000058
0.9320000000000112
1.009000000000008
1.066000000000009
1.1510000000000113
1.2530000000000083
1.3500000000000063
1.4420000000000086
1.5410000000000135
1.6580000000000112
1.7340000000000129
1.7850000000000137
1.8270000000000126
1.7780000000000173
1.4560000000000102
0.6270000000000004
-1.4499999999999877
-5.686000000000042
-10.956999999999967
-11.597999999999994
-7.865999999999963
-6.574999999999981
-10.650000000000015
-17.082000000000015
-12.161000000000014
-2.1539999999999724
2.019000000000013
2.8390000000000195
2.789000000000016
2.562000000000013
2.3160000000000154
2.1110000000000166
1.9320000000000062
1.748000000000012
1.5900000000000158
1.4620000000000126
1.3680000000000117
1.2510000000000094
1.1350000000000127
1.0490000000000121
0.9870000000000069
0.9080000000000088
1.032000000000011
1.1120000000000092
1.1840000000000148
1.3100000000000116
1.4080000000000104
1.5540000000000118
1.683000000000017
1.8430000000000129
2.0060000000000104
2.1860000000000066
2.3950000000000133
2.605000000000016
2.8190000000000124
2.9320000000000177
2.7310000000000128
1.3790000000000093
-3.619999999999972
-13.206999999999962
-11.999000000000043
-1.8920000000000072
1.8529999999999966
1.3000000000000007
-3.247999999999971
1.426000000000012
7.0679999999999925
6.589000000000012
5.213999999999999
4.237000000000012
3.5469999999999975
3.026000000000015
2.676000000000023
2.3790000000000115
2.1140000000000168
1.9080000000000124
1.7170000000000147
1.5530000000000137
1.4240000000000153
1.2920000000000107
1.1800000000000097
1.1020000000000076
1.0090000000000068
1.11900000000001
1.2120000000000084
1.3200000000000116
1.4600000000000122
1.600000000000011
1.7510000000000217
1.9390000000000132
2.1530000000000173
2.3700000000000134
2.6540000000000203
2.9970000000000154
3.389999999999984
3.920999999999973
4.590999999999997
5.552000000000001
6.887999999999995
7.882000000000022
8.43300000000002
16.963999999999906
16.569999999999986
14.945999999999948
22.276999999999912
36.63300000000002
27.619000000000028
15.032999999999939
9.700000000000031
6.957000000000028
5.4430000000000165
4.4400000000000075
3.7299999999999893
3.2170000000000036
2.809000000000008
2.485000000000019
2.229000000000012
1.9910000000000139
1.7820000000000134
1.6130000000000184
1.461000000000017
1.3080000000000105
1.1990000000000123
1.1200000000000128
1.2050000000000118
1.3230000000000126
1.4560000000000144
1.614000000000015
1.7820000000000134
1.9670000000000174
2.1900000000000226
2.432000000000017
2.73500000000002
3.120000000000007
3.5549999999999793
4.128000000000009
4.882999999999998
6.010999999999994
7.813000000000053
11.059999999999999
16.89999999999988
26.406999999999954
31.852000000000036
23.65899999999999
19.106000000000016
20.142999999999954
19.719000000000044
13.808999999999985
11.113000000000008
9.281000000000022
7.515999999999995
6.132999999999998
5.095000000000013
4.3100000000000085
3.7139999999999946
3.202999999999995
2.8110000000000155
2.5090000000000177
2.2210000000000143
2.000000000000015
1.7780000000000091
1.5990000000000175
1.4330000000000136
1.3170000000000126
1.1830000000000152
1.2940000000000136
1.4320000000000124
1.5910000000000133
1.7390000000000183
1.9600000000000155
2.147000000000026
2.4220000000000197
2.729000000000022
3.0520000000000156
3.49799999999999
4.021999999999987
4.692999999999995
5.599000000000017
6.807000000000002
8.62199999999998
11.246000000000025
14.289999999999955
15.72700000000001
15.721999999999978
16.092999999999936
15.713999999999976
14.584999999999908
12.147999999999962
9.881999999999959
9.257999999999992
8.641000000000036
7.620999999999985
6.547999999999989
5.566999999999993
4.772999999999995
4.111999999999996
3.5609999999999897
3.1130000000000058
2.74900000000001
2.471000000000008
2.1940000000000106
1.9610000000000096
1.7670000000000146
1.5730000000000162
1.4220000000000113
1.280000000000014
1.4040000000000128
1.5260000000000138
1.6900000000000208
1.903000000000014
2.1250000000000173
2.35200000000002
2.652000000000018
2.9830000000000085
3.380000000000012
3.848999999999986
4.4279999999999955
5.152999999999973
6.046999999999998
7.2059999999999995
8.656999999999966
10.315000000000019
11.70799999999994
12.2319999999999
12.556999999999919
13.437999999999997
13.86999999999994
13.177000000000003
11.670999999999978
10.307000000000007
9.401
8.628999999999975
7.74000000000003
6.819000000000019
5.917
5.1360000000000054
4.4669999999999925
3.8839999999999977
3.4100000000000037
3.0060000000000158
2.6570000000000165
2.369000000000017
2.104000000000014
1.8760000000000077
1.6790000000000165
1.508000000000013
1.3650000000000153
1.4790000000000163
1.6340000000000174
1.8050000000000181
2.008000000000023
2.24700000000002
2.512000000000021
2.832000000000019
3.2070000000000065
3.6299999999999946
4.140999999999992
4.715999999999986
5.437000000000005
6.293000000000023
7.298000000000006
8.434999999999988
9.612999999999996
10.644999999999966
11.380999999999965
12.034999999999986
12.65099999999992
12.860999999999953
12.45699999999996
11.550999999999949
10.556999999999974
9.624000000000008
8.753999999999975
7.8880000000000114
7.021000000000014
6.178000000000004
5.414999999999994
4.727999999999995
4.134000000000002
3.6600000000000095
3.2049999999999965
2.8350000000000257
2.5360000000000187
2.2420000000000204
2.015000000000012
1.804000000000013
1.6270000000000138
1.4490000000000123
1.5510000000000141
1.7110000000000214
1.9070000000000125
2.1380000000000203
2.3780000000000174
2.686000000000021
3.008000000000019
3.379999999999999
3.830999999999981
4.335999999999997
4.945999999999995
5.638000000000008
6.420000000000012
7.306999999999999
8.25600000000001
9.227000000000011
10.096999999999968
10.892000000000023
11.555999999999967
12.010999999999962
12.154000000000046
11.909000000000049
11.285
10.54199999999998
9.704000000000024
8.846000000000007
7.996999999999973
7.173000000000019
6.372999999999996
5.635000000000006
4.967
4.337999999999991
3.8259999999999956
3.382000000000004
2.9840000000000195
2.6750000000000216
2.387000000000017
2.1040000000000147
1.8920000000000152
1.6940000000000177
1.5320000000000162
1.5970000000000188
1.7750000000000234
1.9770000000000196
2.233000000000023
2.4900000000000237
2.7900000000000147
3.1559999999999913
3.5390000000000077
3.989
4.525999999999992
5.073999999999989
5.771999999999995
6.485999999999991
7.316999999999978
8.147000000000011
8.984999999999966
9.756999999999993
10.461999999999962
11.040000000000026
11.418000000000054
11.543000000000013
11.393000000000036
10.94300000000001
10.336000000000004
9.60299999999998
8.845999999999972
8.067999999999998
7.267999999999985
6.502000000000018
5.7809999999999935
5.1329999999999885
4.518999999999995
3.9830000000000005
3.5459999999999985
3.1540000000000075
2.794000000000016
2.4820000000000153
2.198000000000022
1.9600000000000157
1.7670000000000166
1.590000000000016
1.6320000000000197
1.8340000000000227
2.031000000000019
2.293000000000027
2.584000000000021
2.891000000000012
3.252999999999995
3.6520000000000077
4.115999999999986
4.64299999999999
5.228999999999991
5.874999999999986
6.563999999999982
7.304999999999981
8.090999999999958
8.82599999999999
9.520999999999933
10.14399999999997
10.643999999999945
10.983999999999961
11.07899999999999
10.964000000000002
10.661999999999981
10.126999999999986
9.50199999999996
8.806999999999974
8.085999999999968
7.317
6.596999999999992
5.877999999999994
5.235000000000007
4.658999999999992
4.1179999999999914
3.6529999999999916
3.280999999999986
2.9030000000000205
2.5650000000000235
2.3010000000000166
2.0450000000000155
1.8240000000000178
1.632000000000014
1.6640000000000186
1.8840000000000177
2.0920000000000187
2.3570000000000277
2.6580000000000266
2.9720000000000106
3.345999999999983
3.7379999999999987
4.222999999999996
4.736000000000001
5.30399999999999
5.942999999999989
6.625999999999985
7.317999999999999
8.030999999999981
8.713999999999986
9.362999999999934
9.90299999999996
10.348000000000004
10.677999999999962
10.75399999999992
10.661999999999962
10.390000000000008
9.964999999999964
9.392999999999954
8.74299999999995
8.061999999999967
7.345999999999984
6.637999999999987
5.958999999999987
5.325000000000005
4.75000000000001
4.2089999999999925
3.7539999999999862
3.322999999999986
2.955000000000013
2.6490000000000333
2.3680000000000203
2.1080000000000214
1.8820000000000225
1.687000000000015
1.7060000000000235
1.908000000000015
2.141000000000026
2.40700000000003
2.6980000000000235
3.027999999999992
3.3759999999999897
3.8039999999999985
4.258000000000008
4.791000000000005
5.355999999999995
5.986999999999963
6.6409999999999645
7.3029999999999795
7.984999999999931
8.638999999999937
9.260999999999962
9.76500000000002
10.176999999999985
10.441999999999968
10.548999999999946
10.443000000000001
10.205999999999984
9.805000000000014
9.283999999999997
8.69399999999997
8.018999999999982
7.338999999999987
6.664999999999999
6.023000000000012
5.381000000000028
4.799000000000001
4.2780000000000005
3.8079999999999994
3.3799999999999897
3.021000000000002
2.723000000000021
2.3830000000000235
2.136000000000022
1.9240000000000217
1.6810000000000196
1.7130000000000183
1.9230000000000158
2.171000000000029
2.4340000000000277
2.7090000000000214
3.0499999999999674
3.4429999999999796
3.8529999999999993
4.285000000000013
4.812000000000034
5.400999999999998
6.015999999999965
6.6569999999999565
7.313000000000018
7.977999999999997
8.616999999999987
9.190000000000003
9.69199999999999
10.085999999999993
10.347999999999955
10.449999999999987
10.349000000000014
10.090999999999989
9.72499999999999
9.217999999999986
8.65100000000001
7.964999999999973
7.336999999999998
6.67399999999998
6.015999999999997
5.414000000000017
4.835000000000015
4.295000000000004
3.8579999999999965
3.439999999999988
3.0629999999999806
2.724000000000024
2.4380000000000255
2.1790000000000207
1.9150000000000174
1.7140000000000186
1.710000000000019
1.9260000000000108
2.189000000000028
2.451000000000028
2.730000000000024
3.0459999999999776
3.4379999999999695
3.8569999999999887
4.300000000000011
4.850000000000004
5.409999999999986
5.997999999999991
6.643999999999957
7.331999999999964
7.981999999999971
8.606000000000034
9.18900000000002
9.665999999999928
10.065999999999953
10.302999999999994
10.342999999999993
10.29199999999998
10.067999999999937
9.656999999999945
9.182000000000004
8.61500000000003
7.987999999999979
7.3169999999999735
6.653999999999958
6.020999999999989
5.405999999999986
4.849999999999994
4.311000000000012
3.8439999999999976
3.4349999999999694
3.0519999999999867
2.7280000000000206
2.4480000000000337
2.194000000000027
1.9190000000000107
1.7110000000000158
1.7130000000000183
1.9230000000000158
2.171000000000029
2.4340000000000277
2.7090000000000214
3.0499999999999674
3.4429999999999796
3.8529999999999993
4.285000000000013
4.812000000000034
5.400999999999998
6.015999999999965
6.6569999999999565
7.313000000000018
7.977999999999997
8.616999999999987
9.190000000000003
9.69199999999999
10.085999999999993
10.347999999999955
10.449999999999987
10.349000000000014
10.090999999999989
9.72499999999999
9.217999999999986
8.65100000000001
7.964999999999973
7.336999999999998
6.67399999999998
6.015999999999997
5.414000000000017
4.835000000000015
4.295000000000004
3.8579999999999965
3.439999999999988
3.0629999999999806
2.724000000000024
2.4380000000000255
2.1790000000000207
1.9150000000000174
1.7140000000000186
1.7060000000000235
1.908000000000015
2.141000000000026
2.40700000000003
2.6980000000000235
3.027999999999992
3.3759999999999897
3.8039999999999985
4.258000000000008
4.791000000000005
5.355999999999995
5.986999999999963
6.6409999999999645
7.3029999999999795
7.984999999999931
8.638999999999937
9.260999999999962
9.76500000000002
10.176999999999985
10.441999999999968
10.548999999999946
10.443000000000001
10.205999999999984
9.805000000000014
9.283999999999997
8.69399999999997
8.018999999999982
7.338999999999987
6.664999999999999
6.023000000000012
5.381000000000028
4.799000000000001
4.2780000000000005
3.8079999999999994
3.3799999999999897
3.021000000000002
2.723000000000021
2.3830000000000235
2.136000000000022
1.9240000000000217
1.6810000000000196
1.6640000000000186
1.8840000000000177
2.0920000000000187
2.3570000000000277
2.6580000000000266
2.9720000000000106
3.345999999999983
3.7379999999999987
4.222999999999996
4.736000000000001
5.30399999999999
5.942999999999989
6.625999999999985
7.317999999999999
8.030999999999981
8.713999999999986
9.362999999999934
9.90299999999996
10.348000000000004
10.677999999999962
10.75399999999992
10.661999999999962
10.390000000000008
9.964999999999964
9.392999999999954
8.74299999999995
8.061999999999967
7.345999999999984
6.637999999999987
5.958999999999987
5.325000000000005
4.75000000000001
4.2089999999999925
3.7539999999999862
3.322999999999986
2.955000000000013
2.6490000000000333
2.3680000000000203
2.1080000000000214
1.8820000000000225
1.687000000000015
1.6320000000000197
1.8340000000000227
2.031000000000019
2.293000000000027
2.584000000000021
2.891000000000012
3.252999999999995
3.6520000000000077
4.115999999999986
4.64299999999999
5.228999999999991
5.874999999999986
6.563999999999982
7.304999999999981
8.090999999999958
8.82599999999999
9.520999999999933
10.14399999999997
10.643999999999945
10.983999999999961
11.07899999999999
10.964000000000002
10.661999999999981
10.126999999999986
9.50199999999996
8.806999999999974
8.085999999999968
7.317
6.596999999999992
5.877999999999994
5.235000000000007
4.658999999999992
4.1179999999999914
3.6529999999999916
3.280999999999986
2.9030000000000205
2.5650000000000235
2.3010000000000166
2.0450000000000155
1.8240000000000178
1.632000000000014
1.5970000000000188
1.7750000000000234
1.9770000000000196
2.233000000000023
2.4900000000000237
2.7900000000000147
3.1559999999999913
3.5390000000000077
3.989
4.525999999999992
5.073999999999989
5.771999999999995
6.485999999999991
7.316999999999978
8.147000000000011
8.984999999999966
9.756999999999993
10.461999999999962
11.040000000000026
11.418000000000054
11.543000000000013
11.393000000000036
10.94300000000001
10.336000000000004
9.60299999999998
8.845999999999972
8.067999999999998
7.267999999999985
6.502000000000018
5.7809999999999935
5.1329999999999885
4.518999999999995
3.9830000000000005
3.5459999999999985
3.1540000000000075
2.794000000000016
2.4820000000000153
2.198000000000022
1.9600000000000157
1.7670000000000166
1.590000000000016
1.5510000000000141
1.7110000000000214
1.9070000000000125
2.1380000000000203
2.3780000000000174
2.686000000000021
3.008000000000019
3.379999999999999
3.830999999999981
4.335999999999997
4.945999999999995
5.638000000000008
6.420000000000012
7.306999999999999
8.25600000000001
9.227000000000011
10.096999999999968
10.892000000000023
11.555999999999967
12.010999999999962
12.154000000000046
11.909000000000049
11.285
10.54199999999998
9.704000000000024
8.846000000000007
7.996999999999973
7.173000000000019
6.372999999999996
5.635000000000006
4.967
4.337999999999991
3.8259999999999956
3.382000000000004
2.9840000000000195
2.6750000000000216
2.387000000000017
2.1040000000000147
1.8920000000000152
1.6940000000000177
1.5320000000000162
1.4790000000000163
1.6340000000000174
1.8050000000000181
2.008000000000023
2.24700000000002
2.512000000000021
2.832000000000019
3.2070000000000065
3.6299999999999946
4.140999999999992
4.715999999999986
5.437000000000005
6.293000000000023
7.298000000000006
8.434999999999988
9.612999999999996
10.644999999999966
11.380999999999965
12.034999999999986
12.65099999999992
12.860999999999953
12.45699999999996
11.550999999999949
10.556999999999974
9.624000000000008
8.753999999999975
7.8880000000000114
7.021000000000014
6.178000000000004
5.414999999999994
4.727999999999995
4.134000000000002
3.6600000000000095
3.2049999999999965
2.8350000000000257
2.5360000000000187
2.2420000000000204
2.015000000000012
1.804000000000013
1.6270000000000138
1.4490000000000123
1.4040000000000128
1.5260000000000138
1.6900000000000208
1.903000000000014
2.1250000000000173
2.35200000000002
2.652000000000018
2.9830000000000085
3.380000000000012
3.848999999999986
4.4279999999999955
5.152999999999973
6.046999999999998
7.2059999999999995
8.656999999999966
10.315000000000019
11.70799999999994
12.2319999999999
12.556999999999919
13.437999999999997
13.86999999999994
13.177000000000003
11.670999999999978
10.307000000000007
9.401
8.628999999999975
7.74000000000003
6.819000000000019
5.917
5.1360000000000054
4.4669999999999925
3.8839999999999977
3.4100000000000037
3.0060000000000158
2.6570000000000165
2.369000000000017
2.104000000000014
1.8760000000000077
1.6790000000000165
1.508000000000013
1.3650000000000153
1.2940000000000136
1.4320000000000124
1.5910000000000133
1.7390000000000183
1.9600000000000155
2.147000000000026
2.4220000000000197
2.729000000000022
3.0520000000000156
3.49799999999999
4.021999999999987
4.692999999999995
5.599000000000017
6.807000000000002
8.62199999999998
11.246000000000025
14.289999999999955
15.72700000000001
15.721999999999978
16.092999999999936
15.713999999999976
14.584999999999908
12.147999999999962
9.881999999999959
9.257999999999992
8.641000000000036
7.620999999999985
6.547999999999989
5.566999999999993
4.772999999999995
4.111999999999996
3.5609999999999897
3.1130000000000058
2.74900000000001
2.471000000000008
2.1940000000000106
1.9610000000000096
1.7670000000000146
1.5730000000000162
1.4220000000000113
1.280000000000014
1.2050000000000118
1.3230000000000126
1.4560000000000144
1.614000000000015
1.7820000000000134
1.9670000000000174
2.1900000000000226
2.432000000000017
2.73500000000002
3.120000000000007
3.5549999999999793
4.128000000000009
4.882999999999998
6.010999999999994
7.813000000000053
11.059999999999999
16.89999999999988
26.406999999999954
31.852000000000036
23.65899999999999
19.106000000000016
20.142999999999954
19.719000000000044
13.808999999999985
11.113000000000008
9.281000000000022
7.515999999999995
6.132999999999998
5.095000000000013
4.3100000000000085
3.7139999999999946
3.202999999999995
2.8110000000000155
2.5090000000000177
2.2210000000000143
2.000000000000015
1.7780000000000091
1.5990000000000175
1.4330000000000136
1.3170000000000126
1.1830000000000152
1.11900000000001
1.2120000000000084
1.3200000000000116
1.4600000000000122
1.600000000000011
1.7510000000000217
1.9390000000000132
2.1530000000000173
2.3700000000000134
2.6540000000000203
2.9970000000000154
3.389999999999984
3.920999999999973
4.590999999999997
5.552000000000001
6.887999999999995
7.882000000000022
8.43300000000002
16.963999999999906
16.569999999999986
14.945999999999948
22.276999999999912
36.63300000000002
27.619000000000028
15.032999999999939
9.700000000000031
6.957000000000028
5.4430000000000165
4.4400000000000075
3.7299999999999893
3.2170000000000036
2.809000000000008
2.485000000000019
2.229000000000012
1.9910000000000139
1.7820000000000134
1.6130000000000184
1.461000000000017
1.3080000000000105
1.1990000000000123
1.1200000000000128
1.032000000000011
1.1120000000000092
1.1840000000000148
1.3100000000000116
1.4080000000000104
1.5540000000000118
1.683000000000017
1.8430000000000129
2.0060000000000104
2.1860000000000066
2.3950000000000133
2.605000000000016
2.8190000000000124
2.9320000000000177
2.7310000000000128
1.3790000000000093
-3.619999999999972
-13.206999999999962
-11.999000000000043
-1.8920000000000072
1.8529999999999966
1.3000000000000007
-3.247999999999971
1.426000000000012
7.0679999999999925
6.589000000000012
5.213999999999999
4.237000000000012
3.5469999999999975
3.026000000000015
2.676000000000023
2.3790000000000115
2.1140000000000168
1.9080000000000124
1.7170000000000147
1.5530000000000137
1.4240000000000153
1.2920000000000107
1.1800000000000097
1.1020000000000076
1.0090000000000068
0.9320000000000112
1.009000000000008
1.066000000000009
1.1510000000000113
1.2530000000000083
1.3500000000000063
1.4420000000000086
1.5410000000000135
1.6580000000000112
1.7340000000000129
1.7850000000000137
1.8270000000000126
1.7780000000000173
1.4560000000000102
0.6270000000000004
-1.4499999999999877
-5.686000000000042
-10.956999999999967
-11.597999999999994
-7.865999999999963
-6.574999999999981
-10.650000000000015
-17.082000000000015
-12.161000000000014
-2.1539999999999724
2.019000000000013
2.8390000000000195
2.789000000000016
2.562000000000013
2.3160000000000154
2.1110000000000166
1.9320000000000062
1.748000000000012
1.5900000000000158
1.4620000000000126
1.3680000000000117
1.2510000000000094
1.1350000000000127
1.0490000000000121
0.9870000000000069
0.9080000000000088
0.827000000000007
0.8770000000000079
0.9380000000000085
1.0170000000000103
1.077000000000009
1.1440000000000083
1.2040000000000095
1.2600000000000118
1.3010000000000095
1.3510000000000102
1.2830000000000128
1.1790000000000107
0.961000000000005
0.4499999999999989
-0.501999999999996
-2.209999999999992
-4.765000000000012
-7.3350000000000435
-8.41000000000001
-8.033999999999995
-8.247000000000002
-10.062999999999992
-11.507999999999997
-8.76700000000002
-3.7590000000000154
-0.41399999999999004
1.0160000000000011
1.5210000000000137
1.6640000000000128
1.647000000000015
1.5830000000000142
1.521000000000011
1.405000000000012
1.3280000000000118
1.2400000000000098
1.1540000000000092
1.0800000000000096
1.0070000000000097
0.9380000000000083
0.8620000000000078
0.8180000000000058
0.7350000000000018
0.7890000000000043
0.8320000000000053
0.8750000000000081
0.9150000000000083
0.9550000000000078
0.9780000000000063
1.0140000000000085
0.9920000000000054
0.9620000000000041
0.8570000000000041
0.6830000000000006
0.3510000000000001
-0.1789999999999996
-1.0329999999999901
-2.2959999999999936
-3.8450000000000024
-5.347000000000001
-6.362000000000038
-6.833000000000038
-7.260000000000041
-7.782000000000039
-7.681000000000013
-6.07100000000001
-3.58199999999999
-1.4679999999999942
-0.13899999999999973
0.5689999999999988
0.899000000000002
1.0430000000000055
1.1160000000000094
1.1130000000000084
1.1020000000000083
1.0560000000000067
1.0240000000000082
0.97500000000001
0.9090000000000087
0.8650000000000063
0.8080000000000033
0.7560000000000037
0.7150000000000017
0.665000000000001
0.6930000000000006
0.706
0.7270000000000011
0.7610000000000022
0.7770000000000031
0.761000000000004
0.7429999999999988
0.7169999999999978
0.6389999999999991
0.4989999999999992
0.2969999999999995
-0.02800000000000106
-0.5219999999999972
-1.2229999999999897
-2.1369999999999907
-3.1659999999999853
-4.170999999999996
-4.945999999999988
-5.462999999999991
-5.792000000000028
-5.855000000000033
-5.496000000000006
-4.501000000000006
-3.0899999999999896
-1.764999999999993
-0.767999999999993
-0.06600000000000081
0.3389999999999983
0.5719999999999992
0.713
0.7980000000000024
0.8140000000000017
0.8130000000000033
0.8250000000000036
0.7920000000000017
0.7540000000000014
0.7120000000000019
0.6840000000000003
0.6680000000000008
0.6320000000000005
0.5819999999999999
0.5950000000000005
0.6200000000000004
0.6069999999999997
0.640999999999999
0.6260000000000006
0.5969999999999996
0.5630000000000002
0.5039999999999992
0.3889999999999982
0.24100000000000016
0.025999999999999468
-0.2950000000000003
-0.7039999999999952
-1.2579999999999973
-1.9089999999999938
-2.6339999999999857
-3.3289999999999824
-3.9020000000000077
-4.288000000000011
-4.499000000000002
-4.4640000000000235
-4.128000000000016
-3.472999999999975
-2.6089999999999827
-1.7179999999999902
-0.9809999999999911
-0.42999999999999805
-0.04100000000000078
0.22199999999999975
0.4209999999999998
0.5099999999999997
0.5799999999999992
0.607
0.6079999999999992
0.6269999999999993
0.6059999999999999
0.6179999999999997
0.5930000000000002
0.5710000000000005
0.5369999999999998
0.4899999999999999
0.5049999999999994
0.5099999999999995
0.5089999999999992
0.4979999999999999
0.48599999999999943
0.44799999999999895
0.4099999999999993
0.31599999999999917
0.21499999999999972
0.05299999999999903
-0.15300000000000102
-0.4449999999999985
-0.8009999999999968
-1.2199999999999946
-1.710999999999993
-2.2229999999999857
-2.7029999999999927
-3.1229999999999847
-3.390999999999983
-3.5069999999999837
-3.451999999999993
-3.1909999999999914
-2.738999999999999
-2.186999999999992
-1.5829999999999949
-1.0759999999999939
-0.6279999999999961
-0.2829999999999989
-0.02300000000000193
0.17399999999999924
0.29699999999999976
0.3719999999999994
0.4449999999999999
0.4639999999999993
0.5009999999999999
0.5029999999999996
0.5139999999999995
0.5089999999999998
0.5019999999999997
0.48199999999999976
0.41900000000000015
0.43499999999999983
0.42900000000000016
0.4179999999999997
0.39499999999999946
0.3499999999999997
0.3249999999999997
0.26899999999999896
0.18399999999999928
0.06599999999999978
-0.07000000000000114
-0.2749999999999998
-0.5029999999999987
-0.8129999999999953
-1.1259999999999966
-1.5069999999999955
-1.8929999999999918
-2.237999999999989
-2.516999999999993
-2.7049999999999894
-2.7989999999999884
-2.7219999999999946
-2.56799999999999
-2.2379999999999876
-1.8599999999999925
-1.431999999999993
-1.040999999999991
-0.7009999999999962
-0.42499999999999843
-0.17900000000000038
0.001999999999999576
0.12300000000000001
0.22200000000000053
0.2909999999999995
0.34099999999999964
0.38799999999999996
0.41700000000000037
0.4059999999999997
0.42899999999999994
0.4109999999999998
0.4139999999999998
0.35799999999999976
0.3500000000000001
0.3489999999999992
0.31799999999999945
0.3099999999999999
0.2660000000000001
0.2080000000000005
0.15100000000000022
0.08599999999999969
-0.03500000000000062
-0.14900000000000072
-0.34499999999999925
-0.5199999999999974
-0.7899999999999966
-1.0489999999999935
-1.33599999999999
-1.61099999999999
-1.8809999999999885
-2.0919999999999934
-2.1859999999999955
-2.2399999999999936
-2.205999999999992
-2.0789999999999957
-1.851999999999992
-1.5929999999999889
-1.2999999999999947
-0.9899999999999967
-0.7249999999999958
-0.4719999999999977
-0.2889999999999988
-0.10700000000000054
-0.0059999999999998796
0.1010000000000002
0.18099999999999988
0.2409999999999999
0.284
0.2969999999999998
0.34299999999999997
0.3410000000000004
0.3650000000000003
0.3490000000000002
