-0.20800000000000005
-0.20800000000000005
-0.20300000000000012
-0.19400000000000003
-0.17999999999999997
-0.157
-0.135
-0.097
-0.05700000000000003
0.0009999999999999948
0.06899999999999988
0.1499999999999999
0.2450000000000001
0.35500000000000004
0.47700000000000004
0.609
0.7410000000000001
0.8589999999999999
0.9710000000000008
1.0470000000000002
1.092
1.1040000000000005
1.0659999999999996
0.9930000000000007
0.888
0.7579999999999999
0.6260000000000001
0.494
0.373
0.25899999999999995
0.16299999999999995
0.0869999999999999
0.015000000000000001
-0.04000000000000004
-0.07700000000000004
-0.11100000000000003
-0.13600000000000007
-0.15500000000000003
-0.169
-0.17999999999999997
-0.18199999999999997
-0.2520000000000001
-0.2470000000000001
-0.24500000000000016
-0.2420000000000001
-0.227
-0.215
-0.18999999999999997
-0.15700000000000006
-0.116
-0.06000000000000007
0.011999999999999875
0.09999999999999992
0.21399999999999983
0.3359999999999999
0.4850000000000002
0.6370000000000001
0.809
0.9600000000000004
1.1070000000000002
1.2110000000000005
1.279
1.2940000000000003
1.2530000000000006
1.1550000000000005
1.0120000000000002
0.8420000000000001
0.6739999999999999
0.513
0.3589999999999999
0.22999999999999995
0.12099999999999987
0.031999999999999945
-0.035000000000000024
-0.094
-0.133
-0.16599999999999995
-0.185
-0.20400000000000001
-0.21900000000000008
-0.21999999999999997
-0.22299999999999998
-0.29200000000000015
-0.30000000000000004
-0.30100000000000005
-0.29800000000000004
-0.29600000000000004
-0.287
-0.265
-0.23600000000000002
-0.19500000000000003
-0.14700000000000008
-0.0670000000000001
0.022999999999999934
0.1429999999999998
0.2889999999999999
0.4580000000000001
0.653
0.8589999999999999
1.063
1.2439999999999996
1.3859999999999997
1.4839999999999998
1.515
1.4719999999999993
1.3489999999999998
1.1629999999999996
0.9350000000000003
0.7090000000000002
0.5040000000000002
0.3260000000000002
0.1759999999999999
0.056999999999999995
-0.04000000000000002
-0.10800000000000005
-0.16400000000000006
-0.20400000000000004
-0.22999999999999993
-0.25299999999999995
-0.26
-0.2650000000000001
-0.27
-0.26800000000000007
-0.3410000000000001
-0.354
-0.36
-0.366
-0.3680000000000001
-0.36400000000000005
-0.3560000000000001
-0.3340000000000001
-0.30400000000000005
-0.256
-0.1830000000000001
-0.09299999999999994
0.0379999999999998
0.2039999999999999
0.40399999999999997
0.6379999999999999
0.8860000000000007
1.1410000000000002
1.3539999999999994
1.5389999999999995
1.67
1.746
1.7220000000000004
1.5750000000000004
1.3130000000000002
1.0100000000000002
0.7170000000000002
0.46400000000000013
0.25200000000000006
0.08799999999999988
-0.04200000000000002
-0.13300000000000012
-0.2050000000000002
-0.2540000000000001
-0.287
-0.308
-0.3190000000000001
-0.325
-0.325
-0.322
-0.31500000000000006
-0.39
-0.4089999999999999
-0.427
-0.44000000000000006
-0.45300000000000007
-0.45799999999999996
-0.45299999999999996
-0.4450000000000001
-0.42599999999999993
-0.3929999999999999
-0.33099999999999996
-0.24200000000000013
-0.12000000000000005
0.044999999999999755
0.26800000000000024
0.556
0.8650000000000002
1.159
1.3860000000000001
1.5689999999999997
1.749999999999999
1.9259999999999995
1.9889999999999997
1.8270000000000006
1.4680000000000002
1.0460000000000005
0.6650000000000003
0.35500000000000015
0.12499999999999978
-0.04600000000000025
-0.17200000000000026
-0.2650000000000001
-0.327
-0.364
-0.38399999999999995
-0.4000000000000002
-0.4060000000000001
-0.4040000000000002
-0.39300000000000007
-0.38099999999999995
-0.36700000000000005
-0.45199999999999996
-0.479
-0.5
-0.5220000000000002
-0.5460000000000002
-0.5590000000000002
-0.5800000000000001
-0.587
-0.58
-0.5630000000000002
-0.5230000000000001
-0.463
-0.35000000000000003
-0.18600000000000005
0.04600000000000001
0.37300000000000033
0.7580000000000002
1.0800000000000003
1.2099999999999995
1.2379999999999995
1.4020000000000008
1.8070000000000006
2.1780000000000004
2.084000000000001
1.5590000000000004
0.9659999999999994
0.5039999999999999
0.162
-0.07599999999999996
-0.24500000000000016
-0.3530000000000002
-0.43000000000000016
-0.476
-0.5040000000000001
-0.511
-0.5080000000000001
-0.4980000000000001
-0.4830000000000002
-0.4660000000000002
-0.44600000000000006
-0.42200000000000004
-0.51
-0.543
-0.578
-0.611
-0.649
-0.6820000000000002
-0.7200000000000002
-0.7430000000000001
-0.7650000000000001
-0.7750000000000001
-0.7679999999999999
-0.7419999999999999
-0.676
-0.549
-0.3370000000000002
0.012000000000000177
0.48399999999999976
0.8150000000000001
0.5580000000000005
-0.03399999999999981
-0.11299999999999966
0.725000000000001
1.9489999999999994
2.127
1.325999999999999
0.6000000000000009
0.13800000000000007
-0.17299999999999993
-0.37300000000000005
-0.51
-0.591
-0.6390000000000001
-0.6570000000000003
-0.6590000000000001
-0.6490000000000001
-0.6230000000000001
-0.6050000000000001
-0.5740000000000001
-0.5490000000000002
-0.5170000000000001
-0.486
-0.5730000000000001
-0.6170000000000001
-0.661
-0.709
-0.76
-0.8160000000000002
-0.8680000000000001
-0.9219999999999998
-0.9780000000000001
-1.0189999999999997
-1.031
-1.0490000000000002
-1.0459999999999992
-1.0010000000000003
-0.892
-0.6360000000000002
-0.14299999999999968
0.14400000000000035
-1.2260000000000004
-3.257999999999999
-3.9009999999999994
-2.88
-0.33099999999999935
0.6550000000000002
0.017000000000000265
-0.3150000000000004
-0.5050000000000002
-0.6699999999999999
-0.791
-0.8620000000000001
-0.8960000000000001
-0.899
-0.8790000000000003
-0.8470000000000002
-0.8130000000000002
-0.7630000000000001
-0.7230000000000001
-0.68
-0.639
-0.5960000000000002
-0.555
-0.6360000000000001
-0.686
-0.744
-0.806
-0.8700000000000001
-0.9450000000000001
-1.0209999999999995
-1.0980000000000003
-1.1860000000000004
-1.2859999999999996
-1.3679999999999994
-1.4630000000000007
-1.5629999999999995
-1.6629999999999996
-1.8049999999999993
-1.9919999999999995
-2.079999999999999
-2.2889999999999997
-5.4120000000000035
-8.330000000000002
-8.705999999999998
-8.792000000000007
-7.000999999999999
-3.5839999999999996
-2.0869999999999993
-1.4859999999999998
-1.3139999999999998
-1.3030000000000006
-1.3019999999999998
-1.2869999999999993
-1.2459999999999998
-1.1820000000000004
-1.1230000000000007
-1.051
-0.9860000000000002
-0.9150000000000003
-0.8500000000000002
-0.7830000000000001
-0.7290000000000001
-0.672
-0.621
-0.7070000000000001
-0.764
-0.8380000000000001
-0.9140000000000001
-1.0019999999999996
-1.094
-1.2030000000000007
-1.317
-1.4459999999999993
-1.5859999999999994
-1.7510000000000001
-1.9249999999999992
-2.145999999999999
-2.4320000000000004
-2.8789999999999996
-3.647999999999998
-4.713999999999999
-5.768
-9.093999999999994
-11.296000000000003
-11.232999999999997
-11.345000000000002
-8.719999999999999
-3.2149999999999994
-2.5759999999999996
-2.4459999999999997
-2.2259999999999995
-2.04
-1.8949999999999991
-1.7590000000000006
-1.6310000000000002
-1.4979999999999998
-1.3779999999999994
-1.2630000000000003
-1.1650000000000005
-1.066
-0.9759999999999999
-0.8910000000000003
-0.8170000000000002
-0.7500000000000001
-0.687
-0.782
-0.8530000000000001
-0.9390000000000001
-1.0369999999999997
-1.1400000000000001
-1.2650000000000003
-1.404
-1.5559999999999996
-1.7369999999999997
-1.9440000000000006
-2.1810000000000005
-2.4730000000000003
-2.8320000000000003
-3.3039999999999994
-3.9829999999999997
-4.928000000000001
-5.477000000000002
-4.037000000000002
-7.495999999999998
-12.761999999999997
-13.897
-14.483000000000004
-13.995999999999999
-9.527999999999997
-5.6419999999999995
-4.0969999999999995
-3.388
-2.9239999999999995
-2.583000000000001
-2.298999999999998
-2.055000000000001
-1.851
-1.6620000000000004
-1.4960000000000002
-1.3529999999999998
-1.2210000000000003
-1.1129999999999993
-1.0050000000000006
-0.9149999999999999
-0.8330000000000001
-0.764
-0.8440000000000001
-0.9340000000000002
-1.0329999999999997
-1.1460000000000004
-1.2750000000000006
-1.4190000000000003
-1.5849999999999989
-1.7829999999999993
-2.004999999999999
-2.2730000000000006
-2.587000000000001
-2.974
-3.4489999999999985
-4.063000000000002
-4.883999999999998
-5.990999999999998
-7.545
-10.679999999999998
-15.921999999999999
-18.211000000000013
-18.197999999999997
-17.802000000000007
-16.494000000000007
-12.856999999999998
-8.668
-6.074999999999998
-4.697000000000001
-3.867999999999998
-3.2920000000000007
-2.8469999999999995
-2.4949999999999997
-2.194
-1.947
-1.732
-1.5440000000000003
-1.385
-1.2489999999999997
-1.118
-1.0070000000000001
-0.909
-0.8290000000000001
-0.912
-1.0100000000000002
-1.1210000000000007
-1.246000000000001
-1.399
-1.5710000000000004
-1.7679999999999996
-2.0029999999999992
-2.275
-2.5900000000000007
-2.979999999999998
-3.4509999999999983
-4.039000000000001
-4.788
-5.772000000000001
-7.188
-9.464
-13.169999999999995
-17.185999999999993
-19.188
-19.285999999999994
-18.203999999999997
-16.112
-13.077999999999998
-9.890000000000002
-7.441000000000002
-5.8229999999999995
-4.741000000000002
-3.9680000000000004
-3.382999999999999
-2.9229999999999983
-2.5439999999999983
-2.2250000000000005
-1.9669999999999999
-1.7389999999999994
-1.5379999999999996
-1.3780000000000001
-1.2330000000000003
-1.1010000000000009
-0.9920000000000003
-0.891
-0.9750000000000001
-1.0820000000000003
-1.205
-1.3509999999999995
-1.5229999999999997
-1.7149999999999994
-1.941
-2.209
-2.5209999999999995
-2.896999999999999
-3.3479999999999994
-3.898999999999997
-4.572000000000002
-5.423999999999999
-6.539000000000001
-8.046
-10.168999999999995
-12.931999999999999
-15.694999999999993
-17.47
-17.874000000000002
-16.985
-15.123000000000006
-12.711999999999998
-10.274999999999997
-8.207
-6.628000000000001
-5.445000000000002
-4.5619999999999985
-3.868999999999998
-3.3189999999999995
-2.866999999999999
-2.4919999999999987
-2.185
-1.9219999999999993
-1.6929999999999998
-1.5030000000000003
-1.3339999999999999
-1.192
-1.064
-0.9590000000000001
-1.0260000000000007
-1.1450000000000002
-1.285
-1.4469999999999996
-1.6329999999999998
-1.8489999999999995
-2.1039999999999988
-2.401
-2.755999999999999
-3.176999999999998
-3.675999999999999
-4.284999999999999
-5.028000000000002
-5.939999999999999
-7.081
-8.520999999999999
-10.30999999999999
-12.348000000000003
-14.293999999999995
-15.649000000000017
-16.066999999999997
-15.490999999999994
-14.113999999999997
-12.29
-10.373999999999997
-8.629000000000001
-7.164
-5.983000000000001
-5.04
-4.276999999999999
-3.666
-3.1580000000000004
-2.7349999999999985
-2.3810000000000002
-2.084000000000002
-1.8299999999999994
-1.6139999999999999
-1.4339999999999995
-1.2739999999999998
-1.1309999999999998
-1.0159999999999998
-1.0780000000000007
-1.2070000000000003
-1.359
-1.5330000000000001
-1.7339999999999995
-1.9680000000000002
-2.2520000000000016
-2.572
-2.953000000000002
-3.4100000000000015
-3.9529999999999994
-4.605999999999996
-5.385000000000001
-6.313
-7.431
-8.757
-10.257
-11.838999999999997
-13.264000000000001
-14.271999999999998
-14.622
-14.252
-13.258999999999999
-11.880000000000003
-10.34
-8.846999999999998
-7.509000000000002
-6.364000000000001
-5.407999999999997
-4.612000000000001
-3.950999999999999
-3.4040000000000004
-2.9439999999999995
-2.5590000000000006
-2.2319999999999998
-1.9540000000000006
-1.719
-1.5139999999999993
-1.3440000000000007
-1.197
-1.065
-1.119
-1.257
-1.4130000000000003
-1.5999999999999996
-1.8199999999999996
-2.067999999999999
-2.3629999999999987
-2.7120000000000006
-3.121000000000001
-3.6059999999999994
-4.175000000000002
-4.852
-5.647000000000003
-6.579
-7.651999999999999
-8.858
-10.146000000000004
-11.427999999999995
-12.536
-13.315
-13.598999999999998
-13.336999999999998
-12.590999999999996
-11.497999999999994
-10.238
-8.941999999999991
-7.724
-6.627999999999998
-5.684999999999998
-4.869999999999999
-4.184
-3.6089999999999995
-3.1159999999999974
-2.7050000000000005
-2.3539999999999996
-2.055000000000001
-1.8089999999999995
-1.5919999999999996
-1.4070000000000003
-1.2479999999999998
-1.1090000000000002
-1.1519999999999995
-1.296
-1.4650000000000007
-1.654
-1.8809999999999998
-2.1469999999999994
-2.4620000000000006
-2.8270000000000026
-3.252
-3.7600000000000002
-4.347999999999999
-5.038999999999999
-5.838999999999999
-6.756999999999999
-7.7850000000000055
-8.890000000000008
-10.036999999999995
-11.128
-12.042999999999996
-12.661999999999999
-12.898999999999996
-12.697000000000003
-12.100000000000001
-11.193999999999997
-10.109000000000004
-8.960999999999997
-7.835999999999995
-6.801
-5.867000000000001
-5.051999999999998
-4.360999999999999
-3.76
-3.252
-2.8189999999999995
-2.4499999999999993
-2.14
-1.8769999999999996
-1.651
-1.4549999999999998
-1.2900000000000007
-1.1469999999999998
-1.1780000000000004
-1.3240000000000003
-1.498
-1.7009999999999992
-1.9300000000000002
-2.2090000000000014
-2.527000000000001
-2.9039999999999995
-3.345
-3.8659999999999988
-4.471999999999997
-5.170000000000001
-5.97
-6.872
-7.857000000000001
-8.902
-9.948
-10.918999999999997
-11.717000000000004
-12.247000000000002
-12.442999999999998
-12.264999999999999
-11.755999999999995
-10.966000000000001
-10.0
-8.950000000000006
-7.902999999999999
-6.902
-5.991999999999999
-5.1819999999999995
-4.472999999999996
-3.866000000000002
-3.346999999999999
-2.898999999999999
-2.5220000000000007
-2.2020000000000004
-1.9270000000000003
-1.692
-1.493
-1.3210000000000002
-1.1720000000000006
-1.1900000000000002
-1.3400000000000012
-1.5199999999999991
-1.7240000000000002
-1.9579999999999997
-2.238999999999999
-2.5650000000000013
-2.9549999999999996
-3.4090000000000003
-3.931999999999999
-4.541999999999998
-5.247
-6.045000000000001
-6.938
-7.901999999999996
-8.908999999999997
-9.897000000000006
-10.800000000000006
-11.534000000000002
-12.023000000000007
-12.185999999999998
-12.033000000000001
-11.552999999999997
-10.823999999999996
-9.922999999999996
-8.929
-7.920999999999995
-6.948999999999997
-6.050999999999999
-5.253000000000001
-4.543
-3.9290000000000007
-3.405
-2.952000000000001
-2.5660000000000007
-2.2409999999999988
-1.9579999999999997
-1.7200000000000002
-1.5150000000000001
-1.3400000000000003
-1.1900000000000004
-1.1970000000000003
-1.346000000000001
-1.5269999999999988
-1.7320000000000004
-1.9659999999999993
-2.2519999999999993
-2.583000000000001
-2.9710000000000005
-3.426000000000001
-3.9549999999999983
-4.566999999999998
-5.274999999999999
-6.074
-6.965000000000001
-7.920999999999997
-8.912999999999998
-9.887000000000004
-10.771000000000004
-11.48000000000001
-11.943999999999992
-12.113000000000003
-11.942999999999993
-11.482000000000005
-10.770000000000007
-9.885000000000009
-8.912999999999997
-7.920999999999999
-6.961000000000006
-6.070999999999999
-5.269999999999995
-4.562999999999999
-3.951999999999999
-3.426
-2.964
-2.584000000000001
-2.2529999999999997
-1.969999999999999
-1.7260000000000009
-1.5239999999999991
-1.3410000000000006
-1.1960000000000004
-1.1900000000000002
-1.3400000000000012
-1.5199999999999991
-1.7240000000000002
-1.9579999999999997
-2.238999999999999
-2.5650000000000013
-2.9549999999999996
-3.4090000000000003
-3.931999999999999
-4.541999999999998
-5.247
-6.045000000000001
-6.938
-7.901999999999996
-8.908999999999997
-9.897000000000006
-10.800000000000006
-11.534000000000002
-12.023000000000007
-12.185999999999998
-12.033000000000001
-11.552999999999997
-10.823999999999996
-9.922999999999996
-8.929
-7.920999999999995
-6.948999999999997
-6.050999999999999
-5.253000000000001
-4.543
-3.9290000000000007
-3.405
-2.952000000000001
-2.5660000000000007
-2.2409999999999988
-1.9579999999999997
-1.7200000000000002
-1.5150000000000001
-1.3400000000000003
-1.1900000000000004
-1.1780000000000004
-1.3240000000000003
-1.498
-1.7009999999999992
-1.9300000000000002
-2.2090000000000014
-2.527000000000001
-2.9039999999999995
-3.345
-3.8659999999999988
-4.471999999999997
-5.170000000000001
-5.97
-6.872
-7.857000000000001
-8.902
-9.948
-10.918999999999997
-11.717000000000004
-12.247000000000002
-12.442999999999998
-12.264999999999999
-11.755999999999995
-10.966000000000001
-10.0
-8.950000000000006
-7.902999999999999
-6.902
-5.991999999999999
-5.1819999999999995
-4.472999999999996
-3.866000000000002
-3.346999999999999
-2.898999999999999
-2.5220000000000007
-2.2020000000000004
-1.9270000000000003
-1.692
-1.493
-1.3210000000000002
-1.1720000000000006
-1.1519999999999995
-1.296
-1.4650000000000007
-1.654
-1.8809999999999998
-2.1469999999999994
-2.4620000000000006
-2.8270000000000026
-3.252
-3.7600000000000002
-4.347999999999999
-5.038999999999999
-5.838999999999999
-6.756999999999999
-7.7850000000000055
-8.890000000000008
-10.036999999999995
-11.128
-12.042999999999996
-12.661999999999999
-12.898999999999996
-12.697000000000003
-12.100000000000001
-11.193999999999997
-10.109000000000004
-8.960999999999997
-7.835999999999995
-6.801
-5.867000000000001
-5.051999999999998
-4.360999999999999
-3.76
-3.252
-2.8189999999999995
-2.4499999999999993
-2.14
-1.8769999999999996
-1.651
-1.4549999999999998
-1.2900000000000007
-1.1469999999999998
-1.119
-1.257
-1.4130000000000003
-1.5999999999999996
-1.8199999999999996
-2.067999999999999
-2.3629999999999987
-2.7120000000000006
-3.121000000000001
-3.6059999999999994
-4.175000000000002
-4.852
-5.647000000000003
-6.579
-7.651999999999999
-8.858
-10.146000000000004
-11.427999999999995
-12.536
-13.315
-13.598999999999998
-13.336999999999998
-12.590999999999996
-11.497999999999994
-10.238
-8.941999999999991
-7.724
-6.627999999999998
-5.684999999999998
-4.869999999999999
-4.184
-3.6089999999999995
-3.1159999999999974
-2.7050000000000005
-2.3539999999999996
-2.055000000000001
-1.8089999999999995
-1.5919999999999996
-1.4070000000000003
-1.2479999999999998
-1.1090000000000002
-1.0780000000000007
-1.2070000000000003
-1.359
-1.5330000000000001
-1.7339999999999995
-1.9680000000000002
-2.2520000000000016
-2.572
-2.953000000000002
-3.4100000000000015
-3.9529999999999994
-4.605999999999996
-5.385000000000001
-6.313
-7.431
-8.757
-10.257
-11.838999999999997
-13.264000000000001
-14.271999999999998
-14.622
-14.252
-13.258999999999999
-11.880000000000003
-10.34
-8.846999999999998
-7.509000000000002
-6.364000000000001
-5.407999999999997
-4.612000000000001
-3.950999999999999
-3.4040000000000004
-2.9439999999999995
-2.5590000000000006
-2.2319999999999998
-1.9540000000000006
-1.719
-1.5139999999999993
-1.3440000000000007
-1.197
-1.065
-1.0260000000000007
-1.1450000000000002
-1.285
-1.4469999999999996
-1.6329999999999998
-1.8489999999999995
-2.1039999999999988
-2.401
-2.755999999999999
-3.176999999999998
-3.675999999999999
-4.284999999999999
-5.028000000000002
-5.939999999999999
-7.081
-8.520999999999999
-10.30999999999999
-12.348000000000003
-14.293999999999995
-15.649000000000017
-16.066999999999997
-15.490999999999994
-14.113999999999997
-12.29
-10.373999999999997
-8.629000000000001
-7.164
-5.983000000000001
-5.04
-4.276999999999999
-3.666
-3.1580000000000004
-2.7349999999999985
-2.3810000000000002
-2.084000000000002
-1.8299999999999994
-1.6139999999999999
-1.4339999999999995
-1.2739999999999998
-1.1309999999999998
-1.0159999999999998
-0.9750000000000001
-1.0820000000000003
-1.205
-1.3509999999999995
-1.5229999999999997
-1.7149999999999994
-1.941
-2.209
-2.5209999999999995
-2.896999999999999
-3.3479999999999994
-3.898999999999997
-4.572000000000002
-5.423999999999999
-6.539000000000001
-8.046
-10.168999999999995
-12.931999999999999
-15.694999999999993
-17.47
-17.874000000000002
-16.985
-15.123000000000006
-12.711999999999998
-10.274999999999997
-8.207
-6.628000000000001
-5.445000000000002
-4.5619999999999985
-3.868999999999998
-3.3189999999999995
-2.866999999999999
-2.4919999999999987
-2.185
-1.9219999999999993
-1.6929999999999998
-1.5030000000000003
-1.3339999999999999
-1.192
-1.064
-0.9590000000000001
-0.912
-1.0100000000000002
-1.1210000000000007
-1.246000000000001
-1.399
-1.5710000000000004
-1.7679999999999996
-2.0029999999999992
-2.275
-2.5900000000000007
-2.979999999999998
-3.4509999999999983
-4.039000000000001
-4.788
-5.772000000000001
-7.188
-9.464
-13.169999999999995
-17.185999999999993
-19.188
-19.285999999999994
-18.203999999999997
-16.112
-13.077999999999998
-9.890000000000002
-7.441000000000002
-5.8229999999999995
-4.741000000000002
-3.9680000000000004
-3.382999999999999
-2.9229999999999983
-2.5439999999999983
-2.2250000000000005
-1.9669999999999999
-1.7389999999999994
-1.5379999999999996
-1.3780000000000001
-1.2330000000000003
-1.1010000000000009
-0.9920000000000003
-0.891
-0.8440000000000001
-0.9340000000000002
-1.0329999999999997
-1.1460000000000004
-1.2750000000000006
-1.4190000000000003
-1.5849999999999989
-1.7829999999999993
-2.004999999999999
-2.2730000000000006
-2.587000000000001
-2.974
-3.4489999999999985
-4.063000000000002
-4.883999999999998
-5.990999999999998
-7.545
-10.679999999999998
-15.921999999999999
-18.211000000000013
-18.197999999999997
-17.802000000000007
-16.494000000000007
-12.856999999999998
-8.668
-6.074999999999998
-4.697000000000001
-3.867999999999998
-3.2920000000000007
-2.8469999999999995
-2.4949999999999997
-2.194
-1.947
-1.732
-1.5440000000000003
-1.385
-1.2489999999999997
-1.118
-1.0070000000000001
-0.909
-0.8290000000000001
-0.782
-0.8530000000000001
-0.9390000000000001
-1.0369999999999997
-1.1400000000000001
-1.2650000000000003
-1.404
-1.5559999999999996
-1.7369999999999997
-1.9440000000000006
-2.1810000000000005
-2.4730000000000003
-2.8320000000000003
-3.3039999999999994
-3.9829999999999997
-4.928000000000001
-5.477000000000002
-4.037000000000002
-7.495999999999998
-12.761999999999997
-13.897
-14.483000000000004
-13.995999999999999
-9.527999999999997
-5.6419999999999995
-4.0969999999999995
-3.388
-2.9239999999999995
-2.583000000000001
-2.298999999999998
-2.055000000000001
-1.851
-1.6620000000000004
-1.4960000000000002
-1.3529999999999998
-1.2210000000000003
-1.1129999999999993
-1.0050000000000006
-0.9149999999999999
-0.8330000000000001
-0.764
-0.7070000000000001
-0.764
-0.8380000000000001
-0.9140000000000001
-1.0019999999999996
-1.094
-1.2030000000000007
-1.317
-1.4459999999999993
-1.5859999999999994
-1.7510000000000001
-1.9249999999999992
-2.145999999999999
-2.4320000000000004
-2.8789999999999996
-3.647999999999998
-4.713999999999999
-5.768
-9.093999999999994
-11.296000000000003
-11.232999999999997
-11.345000000000002
-8.719999999999999
-3.2149999999999994
-2.5759999999999996
-2.4459999999999997
-2.2259999999999995
-2.04
-1.8949999999999991
-1.7590000000000006
-1.6310000000000002
-1.4979999999999998
-1.3779999999999994
-1.2630000000000003
-1.1650000000000005
-1.066
-0.9759999999999999
-0.8910000000000003
-0.8170000000000002
-0.7500000000000001
-0.687
-0.6360000000000001
-0.686
-0.744
-0.806
-0.8700000000000001
-0.9450000000000001
-1.0209999999999995
-1.0980000000000003
-1.1860000000000004
-1.2859999999999996
-1.3679999999999994
-1.4630000000000007
-1.5629999999999995
-1.6629999999999996
-1.8049999999999993
-1.9919999999999995
-2.079999999999999
-2.2889999999999997
-5.4120000000000035
-8.330000000000002
-8.705999999999998
-8.792000000000007
-7.000999999999999
-3.5839999999999996
-2.0869999999999993
-1.4859999999999998
-1.3139999999999998
-1.3030000000000006
-1.3019999999999998
-1.2869999999999993
-1.2459999999999998
-1.1820000000000004
-1.1230000000000007
-1.051
-0.9860000000000002
-0.9150000000000003
-0.8500000000000002
-0.7830000000000001
-0.7290000000000001
-0.672
-0.621
-0.5730000000000001
-0.6170000000000001
-0.661
-0.709
-0.76
-0.8160000000000002
-0.8680000000000001
-0.9219999999999998
-0.9780000000000001
-1.0189999999999997
-1.031
-1.0490000000000002
-1.0459999999999992
-1.0010000000000003
-0.892
-0.6360000000000002
-0.14299999999999968
0.14400000000000035
-1.2260000000000004
-3.257999999999999
-3.9009999999999994
-2.88
-0.33099999999999935
0.6550000000000002
0.017000000000000265
-0.3150000000000004
-0.5050000000000002
-0.6699999999999999
-0.791
-0.8620000000000001
-0.8960000000000001
-0.899
-0.8790000000000003
-0.8470000000000002
-0.8130000000000002
-0.7630000000000001
-0.7230000000000001
-0.68
-0.639
-0.5960000000000002
-0.555
-0.51
-0.543
-0.578
-0.611
-0.649
-0.6820000000000002
-0.7200000000000002
-0.7430000000000001
-0.7650000000000001
-0.7750000000000001
-0.7679999999999999
-0.7419999999999999
-0.676
-0.549
-0.3370000000000002
0.012000000000000177
0.48399999999999976
0.8150000000000001
0.5580000000000005
-0.03399999999999981
-0.11299999999999966
0.725000000000001
1.9489999999999994
2.127
1.325999999999999
0.6000000000000009
0.13800000000000007
-0.17299999999999993
-0.37300000000000005
-0.51
-0.591
-0.6390000000000001
-0.6570000000000003
-0.6590000000000001
-0.6490000000000001
-0.6230000000000001
-0.6050000000000001
-0.5740000000000001
-0.5490000000000002
-0.5170000000000001
-0.486
-0.45199999999999996
-0.479
-0.5
-0.5220000000000002
-0.5460000000000002
-0.5590000000000002
-0.5800000000000001
-0.587
-0.58
-0.5630000000000002
-0.5230000000000001
-0.463
-0.35000000000000003
-0.18600000000000005
0.04600000000000001
0.37300000000000033
0.7580000000000002
1.0800000000000003
1.2099999999999995
1.2379999999999995
1.4020000000000008
1.8070000000000006
2.1780000000000004
2.084000000000001
1.5590000000000004
0.9659999999999994
0.5039999999999999
0.162
-0.07599999999999996
-0.24500000000000016
-0.3530000000000002
-0.43000000000000016
-0.476
-0.5040000000000001
-0.511
-0.5080000000000001
-0.4980000000000001
-0.4830000000000002
-0.4660000000000002
-0.44600000000000006
-0.42200000000000004
-0.39
-0.4089999999999999
-0.427
-0.44000000000000006
-0.45300000000000007
-0.45799999999999996
-0.45299999999999996
-0.4450000000000001
-0.42599999999999993
-0.3929999999999999
-0.33099999999999996
-0.24200000000000013
-0.12000000000000005
0.044999999999999755
0.26800000000000024
0.556
0.8650000000000002
1.159
1.3860000000000001
1.5689999999999997
1.749999999999999
1.9259999999999995
1.9889999999999997
1.8270000000000006
1.4680000000000002
1.0460000000000005
0.6650000000000003
0.35500000000000015
0.12499999999999978
-0.04600000000000025
-0.17200000000000026
-0.2650000000000001
-0.327
-0.364
-0.38399999999999995
-0.4000000000000002
-0.4060000000000001
-0.4040000000000002
-0.39300000000000007
-0.38099999999999995
-0.36700000000000005
-0.3410000000000001
-0.354
-0.36
-0.366
-0.3680000000000001
-0.36400000000000005
-0.3560000000000001
-0.3340000000000001
-0.30400000000000005
-0.256
-0.1830000000000001
-0.09299999999999994
0.0379999999999998
0.2039999999999999
0.40399999999999997
0.6379999999999999
0.8860000000000007
1.1410000000000002
1.3539999999999994
1.5389999999999995
1.67
1.746
1.7220000000000004
1.5750000000000004
1.3130000000000002
1.0100000000000002
0.7170000000000002
0.46400000000000013
0.25200000000000006
0.08799999999999988
-0.04200000000000002
-0.13300000000000012
-0.2050000000000002
-0.2540000000000001
-0.287
-0.308
-0.3190000000000001
-0.325
-0.325
-0.322
-0.31500000000000006
-0.29200000000000015
-0.30000000000000004
-0.30100000000000005
-0.29800000000000004
-0.29600000000000004
-0.287
-0.265
-0.23600000000000002
-0.19500000000000003
-0.14700000000000008
-0.0670000000000001
0.022999999999999934
0.1429999999999998
0.2889999999999999
0.4580000000000001
0.653
0.8589999999999999
1.063
1.2439999999999996
1.3859999999999997
1.4839999999999998
1.515
1.4719999999999993
1.3489999999999998
1.1629999999999996
0.9350000000000003
0.7090000000000002
0.5040000000000002
0.3260000000000002
0.1759999999999999
0.056999999999999995
-0.04000000000000002
-0.10800000000000005
-0.16400000000000006
-0.20400000000000004
-0.22999999999999993
-0.25299999999999995
-0.26
-0.2650000000000001
-0.27
-0.26800000000000007
-0.2520000000000001
-0.2470000000000001
-0.24500000000000016
-0.2420000000000001
-0.227
-0.215
-0.18999999999999997
-0.15700000000000006
-0.116
-0.06000000000000007
0.011999999999999875
0.09999999999999992
0.21399999999999983
0.3359999999999999
0.4850000000000002
0.6370000000000001
0.809
0.9600000000000004
1.1070000000000002
1.2110000000000005
1.279
1.2940000000000003
1.2530000000000006
1.1550000000000005
1.0120000000000002
0.8420000000000001
0.6739999999999999
0.513
0.3589999999999999
0.22999999999999995
0.12099999999999987
0.031999999999999945
-0.035000000000000024
-0.094
-0.133
-0.16599999999999995
-0.185
-0.20400000000000001
-0.21900000000000008
-0.21999999999999997
-0.22299999999999998
-0.20800000000000005
-0.20800000000000005
-0.20300000000000012
-0.19400000000000003
-0.17999999999999997
-0.157
-0.135
-0.097
-0.05700000000000003
0.0009999999999999948
0.06899999999999988
0.1499999999999999
0.2450000000000001
0.35500000000000004
0.47700000000000004
0.609
0.7410000000000001
0.8589999999999999
0.9710000000000008
1.0470000000000002
1.092
1.1040000000000005
1.0659999999999996
0.9930000000000007
0.888
0.7579999999999999
0.6260000000000001
0.494
0.373
0.25899999999999995
0.16299999999999995
0.0869999999999999
0.015000000000000001
-0.04000000000000004
-0.07700000000000004
-0.11100000000000003
-0.13600000000000007
-0.15500000000000003
-0.169
-0.17999999999999997
-0.18199999999999997
