0.32199999999999995
0.3260000000000003
0.32599999999999985
0.31599999999999956
0.2790000000000004
0.23799999999999993
0.19799999999999998
0.13099999999999928
0.07399999999999932
-0.0360000000000008
-0.1350000000000006
-0.29199999999999937
-0.4899999999999989
-0.7149999999999938
-0.9499999999999892
-1.1889999999999887
-1.4509999999999899
-1.6789999999999885
-1.8639999999999852
-1.9659999999999898
-2.019999999999991
-2.0109999999999935
-1.89999999999999
-1.6949999999999938
-1.4449999999999967
-1.1859999999999962
-0.9359999999999904
-0.6889999999999922
-0.45699999999999735
-0.2799999999999998
-0.13600000000000065
-0.013000000000000334
0.07000000000000009
0.15400000000000028
0.20700000000000057
0.2500000000000004
0.2730000000000001
0.29299999999999987
0.30599999999999966
0.29400000000000026
0.28600000000000014
0.38600000000000023
0.3870000000000001
0.4069999999999997
0.3829999999999999
0.3509999999999994
0.32100000000000006
0.27799999999999936
0.2420000000000001
0.1719999999999992
0.0829999999999995
-0.06800000000000134
-0.24000000000000077
-0.46099999999999774
-0.7239999999999945
-1.0259999999999894
-1.3649999999999913
-1.6829999999999925
-2.012999999999993
-2.249999999999994
-2.4329999999999874
-2.5009999999999812
-2.4879999999999844
-2.3289999999999837
-2.0439999999999876
-1.7079999999999909
-1.3259999999999927
-0.9499999999999943
-0.6549999999999934
-0.40599999999999875
-0.19100000000000047
-0.014000000000000337
0.08799999999999891
0.17700000000000024
0.244
0.30900000000000005
0.33099999999999985
0.3599999999999999
0.3620000000000003
0.34499999999999964
0.3490000000000004
0.35499999999999987
0.4490000000000005
0.4580000000000001
0.4609999999999994
0.4599999999999992
0.44599999999999884
0.421999999999999
0.4059999999999987
0.35899999999999915
0.2929999999999997
0.19199999999999923
0.033999999999999385
-0.14599999999999974
-0.38599999999999884
-0.7119999999999916
-1.0829999999999895
-1.5259999999999907
-1.9639999999999915
-2.4059999999999944
-2.7769999999999904
-3.052999999999982
-3.178999999999979
-3.135999999999979
-2.9059999999999793
-2.495999999999983
-2.0199999999999885
-1.4839999999999898
-0.9979999999999901
-0.5979999999999924
-0.26899999999999913
-0.05000000000000086
0.11799999999999963
0.23699999999999946
0.3319999999999997
0.39899999999999947
0.4269999999999996
0.4469999999999993
0.4379999999999997
0.44600000000000006
0.43500000000000016
0.42999999999999994
0.41899999999999993
0.5139999999999998
0.5290000000000002
0.5349999999999996
0.5569999999999994
0.573
0.5589999999999988
0.5520000000000002
0.5029999999999996
0.4599999999999991
0.3689999999999999
0.22199999999999867
0.02299999999999979
-0.24699999999999966
-0.6179999999999954
-1.1109999999999922
-1.681999999999995
-2.3189999999999844
-2.9309999999999796
-3.4309999999999885
-3.8109999999999955
-4.015000000000009
-4.034999999999999
-3.740999999999998
-3.1539999999999693
-2.382999999999976
-1.5809999999999853
-0.9129999999999857
-0.3979999999999954
-0.07799999999999986
0.16299999999999934
0.32499999999999885
0.45099999999999996
0.5079999999999991
0.5319999999999989
0.5599999999999997
0.5789999999999998
0.5549999999999999
0.532
0.5330000000000003
0.5260000000000005
0.5069999999999996
0.5829999999999999
0.5980000000000005
0.6540000000000002
0.6680000000000006
0.697
0.7080000000000013
0.7190000000000006
0.6890000000000002
0.6669999999999997
0.5649999999999992
0.4629999999999985
0.27699999999999875
-0.02700000000000121
-0.4539999999999969
-1.0529999999999906
-1.8269999999999833
-2.7749999999999893
-3.641000000000006
-4.3040000000000145
-4.742
-5.053000000000003
-5.210999999999996
-4.938000000000012
-4.063000000000008
-2.796999999999968
-1.5959999999999792
-0.7039999999999922
-0.09699999999999889
0.247999999999999
0.47999999999999954
0.6299999999999989
0.6930000000000001
0.7310000000000008
0.7279999999999996
0.7260000000000008
0.7180000000000005
0.6880000000000004
0.6590000000000009
0.6270000000000009
0.6070000000000004
0.5670000000000002
0.6750000000000009
0.7180000000000011
0.743
0.7890000000000059
0.8210000000000055
0.8650000000000091
0.888000000000004
0.9220000000000073
0.9000000000000064
0.8580000000000032
0.796
0.6259999999999994
0.34399999999999886
-0.09900000000000027
-0.8549999999999912
-1.9429999999999832
-3.3299999999999903
-4.651999999999998
-5.416000000000006
-5.72300000000003
-6.1080000000000245
-6.752000000000026
-6.858000000000012
-5.447000000000003
-3.1489999999999854
-1.2539999999999858
-0.12299999999999382
0.4889999999999993
0.782999999999999
0.9249999999999994
0.9690000000000055
0.9900000000000051
0.9670000000000053
0.9390000000000093
0.9220000000000095
0.8810000000000077
0.8290000000000062
0.7920000000000038
0.7310000000000002
0.7050000000000011
0.6470000000000009
0.7640000000000033
0.8000000000000058
0.8440000000000085
0.904000000000012
0.9760000000000104
1.0270000000000052
1.0990000000000089
1.1310000000000124
1.173000000000009
1.1900000000000108
1.1780000000000064
1.0750000000000037
0.9010000000000015
0.48199999999999904
-0.3409999999999962
-1.8099999999999843
-4.089999999999994
-6.36100000000002
-6.961000000000024
-6.125999999999999
-6.206000000000009
-8.459000000000016
-10.51399999999998
-8.059000000000012
-3.1640000000000073
-0.10699999999999582
1.0279999999999998
1.3920000000000066
1.4790000000000103
1.46600000000001
1.4110000000000094
1.353000000000009
1.2640000000000111
1.1870000000000123
1.1100000000000119
1.045000000000011
1.0070000000000094
0.9040000000000075
0.836000000000011
0.7940000000000061
0.7380000000000022
0.85100000000001
0.9010000000000131
0.9780000000000122
1.0520000000000131
1.143000000000011
1.2360000000000095
1.3150000000000102
1.4000000000000106
1.501000000000011
1.5780000000000107
1.6270000000000162
1.6470000000000138
1.61500000000001
1.3780000000000097
0.7169999999999969
-1.09799999999999
-5.185999999999991
-10.442999999999982
-10.257999999999996
-4.796999999999992
-2.9049999999999905
-8.936999999999992
-19.19299999999995
-14.49200000000007
-2.3709999999999805
2.2270000000000083
2.844000000000016
2.6180000000000154
2.335000000000015
2.1040000000000085
1.8930000000000156
1.7430000000000152
1.5820000000000138
1.4470000000000112
1.332000000000011
1.263000000000011
1.1310000000000093
1.0630000000000108
0.9500000000000088
0.8790000000000112
0.8140000000000107
0.90500000000001
0.9960000000000133
1.0840000000000118
1.1770000000000136
1.2900000000000127
1.3970000000000111
1.5410000000000155
1.669000000000019
1.8300000000000176
1.9780000000000175
2.190000000000017
2.350000000000018
2.5580000000000207
2.7140000000000217
2.6790000000000163
1.4820000000000004
-4.586999999999983
-18.702000000000037
-17.40200000000008
0.6840000000000059
7.396000000000006
0.07800000000000656
-24.11400000000003
-17.196999999999967
3.4180000000000104
6.4009999999999945
5.1540000000000115
4.007999999999983
3.2720000000000096
2.7930000000000144
2.4250000000000114
2.152000000000016
1.9060000000000112
1.7290000000000152
1.5550000000000108
1.4420000000000122
1.3020000000000103
1.1770000000000123
1.0810000000000104
0.985000000000012
0.9030000000000119
1.0130000000000137
1.1130000000000158
1.215000000000013
1.3260000000000143
1.449000000000013
1.595000000000018
1.7460000000000206
1.9470000000000158
2.1580000000000257
2.4190000000000187
2.728000000000015
3.071000000000015
3.5750000000000175
4.254000000000003
5.284000000000012
6.330000000000001
3.1380000000000186
-16.016
-13.056999999999977
13.946999999999935
20.859999999999896
19.68199999999999
7.0710000000000415
2.5689999999999755
10.17500000000001
9.242000000000017
6.825
5.177000000000007
4.121999999999992
3.4449999999999976
2.956000000000018
2.5840000000000174
2.2560000000000153
2.025000000000008
1.8160000000000183
1.632000000000017
1.4580000000000135
1.308000000000012
1.2000000000000142
1.096000000000012
0.9880000000000129
1.1100000000000125
1.2020000000000155
1.3570000000000155
1.4700000000000129
1.6360000000000186
1.8040000000000114
2.0070000000000134
2.250000000000018
2.535000000000024
2.860000000000021
3.2679999999999976
3.778999999999998
4.516999999999998
5.596000000000013
7.436999999999984
10.374000000000018
12.839000000000025
8.563000000000052
10.205000000000023
20.298
22.477999999999952
20.585999999999913
12.993000000000002
7.581000000000032
9.495000000000026
9.072999999999995
7.359000000000006
5.855999999999998
4.771000000000002
3.991
3.4090000000000056
2.9540000000000166
2.604000000000015
2.277000000000011
2.016000000000019
1.8130000000000142
1.636000000000012
1.4680000000000168
1.3350000000000173
1.2100000000000177
1.0870000000000157
1.1840000000000168
1.3130000000000137
1.4700000000000153
1.6040000000000156
1.79900000000002
1.9920000000000095
2.221000000000021
2.5250000000000186
2.826000000000027
3.235999999999986
3.7069999999999994
4.3540000000000045
5.168
6.38100000000001
8.182000000000011
10.707000000000017
12.890999999999984
12.109999999999985
11.884999999999927
15.341999999999985
16.805
15.202999999999989
11.476999999999979
8.912000000000035
8.776000000000002
8.432000000000015
7.351999999999985
6.206999999999991
5.243000000000008
4.428000000000005
3.797000000000005
3.296000000000005
2.884000000000028
2.538000000000018
2.24700000000002
1.9880000000000189
1.7820000000000153
1.5850000000000104
1.4640000000000153
1.306000000000014
1.1870000000000154
1.2870000000000135
1.4240000000000133
1.551000000000013
1.7440000000000238
1.9410000000000143
2.19100000000002
2.447000000000013
2.751000000000021
3.11099999999999
3.5340000000000016
4.070000000000016
4.754999999999987
5.588000000000003
6.731000000000022
8.149999999999997
9.79699999999999
11.038999999999994
11.230999999999952
11.516999999999921
12.872999999999955
13.629000000000035
12.94599999999996
11.305000000000014
9.880999999999958
9.05999999999999
8.337000000000002
7.435000000000012
6.455999999999995
5.561000000000016
4.782000000000009
4.141000000000002
3.589000000000009
3.1450000000000125
2.7560000000000215
2.472000000000022
2.182000000000018
1.9180000000000117
1.7090000000000118
1.5510000000000104
1.4110000000000182
1.2550000000000163
1.3560000000000145
1.4920000000000155
1.679000000000019
1.846000000000021
2.0690000000000226
2.324000000000017
2.6220000000000234
2.961000000000018
3.3610000000000015
3.8219999999999987
4.390000000000008
5.046999999999991
5.859999999999991
6.818999999999984
7.945999999999974
9.085999999999995
10.040000000000047
10.668999999999995
11.235999999999951
11.895999999999987
12.175999999999963
11.81999999999997
11.002000000000018
10.074999999999998
9.223999999999968
8.387000000000004
7.5169999999999995
6.634000000000012
5.8079999999999865
5.055999999999981
4.398
3.8330000000000077
3.3839999999999963
2.989000000000015
2.6090000000000253
2.3430000000000177
2.0760000000000165
1.848000000000015
1.6470000000000038
1.4720000000000155
1.3310000000000146
1.4120000000000166
1.557000000000022
1.7380000000000202
1.9660000000000188
2.198000000000019
2.46100000000003
2.778000000000022
3.144999999999994
3.538999999999994
4.061999999999998
4.566000000000006
5.245000000000004
6.0160000000000196
6.843999999999985
7.768000000000036
8.691999999999986
9.520999999999987
10.21399999999998
10.773000000000065
11.200999999999985
11.380000000000063
11.16700000000001
10.657000000000053
9.956999999999953
9.183999999999969
8.407999999999994
7.570999999999991
6.771999999999986
5.9980000000000215
5.269000000000002
4.63099999999999
4.053000000000014
3.5679999999999956
3.1549999999999985
2.8060000000000205
2.47300000000002
2.1980000000000186
1.9560000000000164
1.7470000000000185
1.562000000000009
1.4100000000000183
1.4770000000000199
1.636000000000023
1.8340000000000234
2.05300000000002
2.3010000000000175
2.592000000000019
2.929000000000012
3.303000000000006
3.7250000000000094
4.183000000000014
4.7440000000000095
5.380999999999988
6.0979999999999945
6.86700000000001
7.651999999999988
8.442999999999985
9.186000000000007
9.811999999999934
10.315999999999919
10.634999999999975
10.789999999999988
10.660000000000037
10.265999999999917
9.749999999999975
9.079000000000008
8.356999999999982
7.624000000000008
6.844999999999985
6.092999999999981
5.419000000000004
4.781999999999996
4.216999999999997
3.7390000000000025
3.297999999999987
2.9230000000000165
2.573000000000025
2.302000000000023
2.04500000000002
1.8100000000000236
1.6300000000000152
1.4590000000000178
1.5150000000000228
1.6970000000000227
1.8870000000000278
2.1200000000000156
2.4010000000000207
2.6750000000000225
3.0379999999999994
3.4110000000000027
3.810000000000018
4.327000000000021
4.876000000000004
5.49400000000001
6.170000000000003
6.867999999999988
7.593999999999969
8.312000000000012
8.962999999999969
9.535999999999989
9.961999999999971
10.271999999999917
10.382000000000021
10.243999999999954
9.95699999999995
9.500999999999959
8.936999999999971
8.283000000000003
7.5999999999999694
6.883000000000031
6.187000000000022
5.517000000000004
4.871000000000043
4.339000000000014
3.8580000000000094
3.4150000000000076
3.0199999999999974
2.6720000000000277
2.4000000000000177
2.108000000000019
1.886000000000013
1.6850000000000176
1.5150000000000179
1.5530000000000177
1.73300000000002
1.92300000000002
2.179000000000021
2.4480000000000173
2.7610000000000263
3.0939999999999994
3.4990000000000157
3.91000000000001
4.402000000000018
4.956000000000009
5.554999999999987
6.201999999999969
6.8489999999999895
7.539999999999986
8.208999999999996
8.795999999999983
9.32899999999998
9.724000000000014
9.967999999999977
10.045000000000032
9.983999999999996
9.72700000000001
9.326999999999964
8.800999999999974
8.203999999999992
7.576000000000011
6.9040000000000195
6.22799999999998
5.584000000000008
4.9850000000000065
4.427000000000027
3.928000000000017
3.489000000000013
3.1090000000000013
2.7420000000000226
2.4410000000000176
2.1810000000000276
1.9260000000000133
1.733000000000016
1.5430000000000155
1.5740000000000196
1.7630000000000223
1.9510000000000143
2.2290000000000183
2.500000000000018
2.796000000000019
3.162000000000011
3.5410000000000146
3.99100000000001
4.478000000000013
5.01100000000002
5.603
6.221999999999998
6.842999999999979
7.517000000000028
8.118999999999993
8.703000000000001
9.168999999999986
9.550999999999965
9.760000000000007
9.847999999999972
9.765999999999977
9.547999999999991
9.197000000000024
8.718000000000004
8.145999999999972
7.548000000000005
6.880999999999995
6.254999999999993
5.618000000000008
5.042000000000014
4.494000000000013
3.995000000000026
3.555000000000023
3.14200000000001
2.8050000000000264
2.4920000000000213
2.2260000000000257
1.969000000000017
1.7500000000000167
1.5660000000000194
1.5980000000000256
1.7810000000000152
1.9830000000000076
2.2390000000000225
2.535000000000017
2.84500000000002
3.1800000000000086
3.57700000000002
4.024000000000016
4.527000000000018
5.057000000000014
5.63799999999998
6.23200000000001
6.865000000000028
7.5049999999999715
8.10399999999999
8.649999999999999
9.112000000000002
9.424000000000039
9.668000000000001
9.74600000000001
9.681
9.442999999999977
9.116000000000003
8.654999999999992
8.111999999999965
7.517000000000011
6.86999999999999
6.247000000000031
5.647000000000019
5.035000000000001
4.517000000000032
4.031000000000022
3.5920000000000245
3.197000000000012
2.8570000000000153
2.5350000000000152
2.250000000000022
1.9950000000000094
1.7600000000000153
1.5850000000000208
1.5820000000000285
1.780000000000016
2.005000000000013
2.248000000000029
2.543000000000022
2.8760000000000105
3.1980000000000133
3.586000000000034
4.047000000000009
4.55300000000001
5.059000000000016
5.646999999999988
6.240000000000001
6.885999999999963
7.478999999999988
8.071999999999994
8.624000000000043
9.087000000000058
9.416
9.643000000000024
9.688999999999986
9.622000000000003
9.41199999999998
9.082000000000045
8.628000000000029
8.083999999999998
7.487999999999989
6.889999999999966
6.24000000000001
5.652999999999978
5.07000000000001
4.552000000000007
4.0450000000000035
3.581000000000035
3.1950000000000096
2.8720000000000145
2.5550000000000153
2.253000000000025
2.001000000000011
1.769000000000013
1.5800000000000272
1.5980000000000256
1.7810000000000152
1.9830000000000076
2.2390000000000225
2.535000000000017
2.84500000000002
3.1800000000000086
3.57700000000002
4.024000000000016
4.527000000000018
5.057000000000014
5.63799999999998
6.23200000000001
6.865000000000028
7.5049999999999715
8.10399999999999
8.649999999999999
9.112000000000002
9.424000000000039
9.668000000000001
9.74600000000001
9.681
9.442999999999977
9.116000000000003
8.654999999999992
8.111999999999965
7.517000000000011
6.86999999999999
6.247000000000031
5.647000000000019
5.035000000000001
4.517000000000032
4.031000000000022
3.5920000000000245
3.197000000000012
2.8570000000000153
2.5350000000000152
2.250000000000022
1.9950000000000094
1.7600000000000153
1.5850000000000208
1.5740000000000196
1.7630000000000223
1.9510000000000143
2.2290000000000183
2.500000000000018
2.796000000000019
3.162000000000011
3.5410000000000146
3.99100000000001
4.478000000000013
5.01100000000002
5.603
6.221999999999998
6.842999999999979
7.517000000000028
8.118999999999993
8.703000000000001
9.168999999999986
9.550999999999965
9.760000000000007
9.847999999999972
9.765999999999977
9.547999999999991
9.197000000000024
8.718000000000004
8.145999999999972
7.548000000000005
6.880999999999995
6.254999999999993
5.618000000000008
5.042000000000014
4.494000000000013
3.995000000000026
3.555000000000023
3.14200000000001
2.8050000000000264
2.4920000000000213
2.2260000000000257
1.969000000000017
1.7500000000000167
1.5660000000000194
1.5530000000000177
1.73300000000002
1.92300000000002
2.179000000000021
2.4480000000000173
2.7610000000000263
3.0939999999999994
3.4990000000000157
3.91000000000001
4.402000000000018
4.956000000000009
5.554999999999987
6.201999999999969
6.8489999999999895
7.539999999999986
8.208999999999996
8.795999999999983
9.32899999999998
9.724000000000014
9.967999999999977
10.045000000000032
9.983999999999996
9.72700000000001
9.326999999999964
8.800999999999974
8.203999999999992
7.576000000000011
6.9040000000000195
6.22799999999998
5.584000000000008
4.9850000000000065
4.427000000000027
3.928000000000017
3.489000000000013
3.1090000000000013
2.7420000000000226
2.4410000000000176
2.1810000000000276
1.9260000000000133
1.733000000000016
1.5430000000000155
1.5150000000000228
1.6970000000000227
1.8870000000000278
2.1200000000000156
2.4010000000000207
2.6750000000000225
3.0379999999999994
3.4110000000000027
3.810000000000018
4.327000000000021
4.876000000000004
5.49400000000001
6.170000000000003
6.867999999999988
7.593999999999969
8.312000000000012
8.962999999999969
9.535999999999989
9.961999999999971
10.271999999999917
10.382000000000021
10.243999999999954
9.95699999999995
9.500999999999959
8.936999999999971
8.283000000000003
7.5999999999999694
6.883000000000031
6.187000000000022
5.517000000000004
4.871000000000043
4.339000000000014
3.8580000000000094
3.4150000000000076
3.0199999999999974
2.6720000000000277
2.4000000000000177
2.108000000000019
1.886000000000013
1.6850000000000176
1.5150000000000179
1.4770000000000199
1.636000000000023
1.8340000000000234
2.05300000000002
2.3010000000000175
2.592000000000019
2.929000000000012
3.303000000000006
3.7250000000000094
4.183000000000014
4.7440000000000095
5.380999999999988
6.0979999999999945
6.86700000000001
7.651999999999988
8.442999999999985
9.186000000000007
9.811999999999934
10.315999999999919
10.634999999999975
10.789999999999988
10.660000000000037
10.265999999999917
9.749999999999975
9.079000000000008
8.356999999999982
7.624000000000008
6.844999999999985
6.092999999999981
5.419000000000004
4.781999999999996
4.216999999999997
3.7390000000000025
3.297999999999987
2.9230000000000165
2.573000000000025
2.302000000000023
2.04500000000002
1.8100000000000236
1.6300000000000152
1.4590000000000178
1.4120000000000166
1.557000000000022
1.7380000000000202
1.9660000000000188
2.198000000000019
2.46100000000003
2.778000000000022
3.144999999999994
3.538999999999994
4.061999999999998
4.566000000000006
5.245000000000004
6.0160000000000196
6.843999999999985
7.768000000000036
8.691999999999986
9.520999999999987
10.21399999999998
10.773000000000065
11.200999999999985
11.380000000000063
11.16700000000001
10.657000000000053
9.956999999999953
9.183999999999969
8.407999999999994
7.570999999999991
6.771999999999986
5.9980000000000215
5.269000000000002
4.63099999999999
4.053000000000014
3.5679999999999956
3.1549999999999985
2.8060000000000205
2.47300000000002
2.1980000000000186
1.9560000000000164
1.7470000000000185
1.562000000000009
1.4100000000000183
1.3560000000000145
1.4920000000000155
1.679000000000019
1.846000000000021
2.0690000000000226
2.324000000000017
2.6220000000000234
2.961000000000018
3.3610000000000015
3.8219999999999987
4.390000000000008
5.046999999999991
5.859999999999991
6.818999999999984
7.945999999999974
9.085999999999995
10.040000000000047
10.668999999999995
11.235999999999951
11.895999999999987
12.175999999999963
11.81999999999997
11.002000000000018
10.074999999999998
9.223999999999968
8.387000000000004
7.5169999999999995
6.634000000000012
5.8079999999999865
5.055999999999981
4.398
3.8330000000000077
3.3839999999999963
2.989000000000015
2.6090000000000253
2.3430000000000177
2.0760000000000165
1.848000000000015
1.6470000000000038
1.4720000000000155
1.3310000000000146
1.2870000000000135
1.4240000000000133
1.551000000000013
1.7440000000000238
1.9410000000000143
2.19100000000002
2.447000000000013
2.751000000000021
3.11099999999999
3.5340000000000016
4.070000000000016
4.754999999999987
5.588000000000003
6.731000000000022
8.149999999999997
9.79699999999999
11.038999999999994
11.230999999999952
11.516999999999921
12.872999999999955
13.629000000000035
12.94599999999996
11.305000000000014
9.880999999999958
9.05999999999999
8.337000000000002
7.435000000000012
6.455999999999995
5.561000000000016
4.782000000000009
4.141000000000002
3.589000000000009
3.1450000000000125
2.7560000000000215
2.472000000000022
2.182000000000018
1.9180000000000117
1.7090000000000118
1.5510000000000104
1.4110000000000182
1.2550000000000163
1.1840000000000168
1.3130000000000137
1.4700000000000153
1.6040000000000156
1.79900000000002
1.9920000000000095
2.221000000000021
2.5250000000000186
2.826000000000027
3.235999999999986
3.7069999999999994
4.3540000000000045
5.168
6.38100000000001
8.182000000000011
10.707000000000017
12.890999999999984
12.109999999999985
11.884999999999927
15.341999999999985
16.805
15.202999999999989
11.476999999999979
8.912000000000035
8.776000000000002
8.432000000000015
7.351999999999985
6.206999999999991
5.243000000000008
4.428000000000005
3.797000000000005
3.296000000000005
2.884000000000028
2.538000000000018
2.24700000000002
1.9880000000000189
1.7820000000000153
1.5850000000000104
1.4640000000000153
1.306000000000014
1.1870000000000154
1.1100000000000125
1.2020000000000155
1.3570000000000155
1.4700000000000129
1.6360000000000186
1.8040000000000114
2.0070000000000134
2.250000000000018
2.535000000000024
2.860000000000021
3.2679999999999976
3.778999999999998
4.516999999999998
5.596000000000013
7.436999999999984
10.374000000000018
12.839000000000025
8.563000000000052
10.205000000000023
20.298
22.477999999999952
20.585999999999913
12.993000000000002
7.581000000000032
9.495000000000026
9.072999999999995
7.359000000000006
5.855999999999998
4.771000000000002
3.991
3.4090000000000056
2.9540000000000166
2.604000000000015
2.277000000000011
2.016000000000019
1.8130000000000142
1.636000000000012
1.4680000000000168
1.3350000000000173
1.2100000000000177
1.0870000000000157
1.0130000000000137
1.1130000000000158
1.215000000000013
1.3260000000000143
1.449000000000013
1.595000000000018
1.7460000000000206
1.9470000000000158
2.1580000000000257
2.4190000000000187
2.728000000000015
3.071000000000015
3.5750000000000175
4.254000000000003
5.284000000000012
6.330000000000001
3.1380000000000186
-16.016
-13.056999999999977
13.946999999999935
20.859999999999896
19.68199999999999
7.0710000000000415
2.5689999999999755
10.17500000000001
9.242000000000017
6.825
5.177000000000007
4.121999999999992
3.4449999999999976
2.956000000000018
2.5840000000000174
2.2560000000000153
2.025000000000008
1.8160000000000183
1.632000000000017
1.4580000000000135
1.308000000000012
1.2000000000000142
1.096000000000012
0.9880000000000129
0.90500000000001
0.9960000000000133
1.0840000000000118
1.1770000000000136
1.2900000000000127
1.3970000000000111
1.5410000000000155
1.669000000000019
1.8300000000000176
1.9780000000000175
2.190000000000017
2.350000000000018
2.5580000000000207
2.7140000000000217
2.6790000000000163
1.4820000000000004
-4.586999999999983
-18.702000000000037
-17.40200000000008
0.6840000000000059
7.396000000000006
0.07800000000000656
-24.11400000000003
-17.196999999999967
3.4180000000000104
6.4009999999999945
5.1540000000000115
4.007999999999983
3.2720000000000096
2.7930000000000144
2.4250000000000114
2.152000000000016
1.9060000000000112
1.7290000000000152
1.5550000000000108
1.4420000000000122
1.3020000000000103
1.1770000000000123
1.0810000000000104
0.985000000000012
0.9030000000000119
0.85100000000001
0.9010000000000131
0.9780000000000122
1.0520000000000131
1.143000000000011
1.2360000000000095
1.3150000000000102
1.4000000000000106
1.501000000000011
1.5780000000000107
1.6270000000000162
1.6470000000000138
1.61500000000001
1.3780000000000097
0.7169999999999969
-1.09799999999999
-5.185999999999991
-10.442999999999982
-10.257999999999996
-4.796999999999992
-2.9049999999999905
-8.936999999999992
-19.19299999999995
-14.49200000000007
-2.3709999999999805
2.2270000000000083
2.844000000000016
2.6180000000000154
2.335000000000015
2.1040000000000085
1.8930000000000156
1.7430000000000152
1.5820000000000138
1.4470000000000112
1.332000000000011
1.263000000000011
1.1310000000000093
1.0630000000000108
0.9500000000000088
0.8790000000000112
0.8140000000000107
0.7640000000000033
0.8000000000000058
0.8440000000000085
0.904000000000012
0.9760000000000104
1.0270000000000052
1.0990000000000089
1.1310000000000124
1.173000000000009
1.1900000000000108
1.1780000000000064
1.0750000000000037
0.9010000000000015
0.48199999999999904
-0.3409999999999962
-1.8099999999999843
-4.089999999999994
-6.36100000000002
-6.961000000000024
-6.125999999999999
-6.206000000000009
-8.459000000000016
-10.51399999999998
-8.059000000000012
-3.1640000000000073
-0.10699999999999582
1.0279999999999998
1.3920000000000066
1.4790000000000103
1.46600000000001
1.4110000000000094
1.353000000000009
1.2640000000000111
1.1870000000000123
1.1100000000000119
1.045000000000011
1.0070000000000094
0.9040000000000075
0.836000000000011
0.7940000000000061
0.7380000000000022
0.6750000000000009
0.7180000000000011
0.743
0.7890000000000059
0.8210000000000055
0.8650000000000091
0.888000000000004
0.9220000000000073
0.9000000000000064
0.8580000000000032
0.796
0.6259999999999994
0.34399999999999886
-0.09900000000000027
-0.8549999999999912
-1.9429999999999832
-3.3299999999999903
-4.651999999999998
-5.416000000000006
-5.72300000000003
-6.1080000000000245
-6.752000000000026
-6.858000000000012
-5.447000000000003
-3.1489999999999854
-1.2539999999999858
-0.12299999999999382
0.4889999999999993
0.782999999999999
0.9249999999999994
0.9690000000000055
0.9900000000000051
0.9670000000000053
0.9390000000000093
0.9220000000000095
0.8810000000000077
0.8290000000000062
0.7920000000000038
0.7310000000000002
0.7050000000000011
0.6470000000000009
0.5829999999999999
0.5980000000000005
0.6540000000000002
0.6680000000000006
0.697
0.7080000000000013
0.7190000000000006
0.6890000000000002
0.6669999999999997
0.5649999999999992
0.4629999999999985
0.27699999999999875
-0.02700000000000121
-0.4539999999999969
-1.0529999999999906
-1.8269999999999833
-2.7749999999999893
-3.641000000000006
-4.3040000000000145
-4.742
-5.053000000000003
-5.210999999999996
-4.938000000000012
-4.063000000000008
-2.796999999999968
-1.5959999999999792
-0.7039999999999922
-0.09699999999999889
0.247999999999999
0.47999999999999954
0.6299999999999989
0.6930000000000001
0.7310000000000008
0.7279999999999996
0.7260000000000008
0.7180000000000005
0.6880000000000004
0.6590000000000009
0.6270000000000009
0.6070000000000004
0.5670000000000002
0.5139999999999998
0.5290000000000002
0.5349999999999996
0.5569999999999994
0.573
0.5589999999999988
0.5520000000000002
0.5029999999999996
0.4599999999999991
0.3689999999999999
0.22199999999999867
0.02299999999999979
-0.24699999999999966
-0.6179999999999954
-1.1109999999999922
-1.681999999999995
-2.3189999999999844
-2.9309999999999796
-3.4309999999999885
-3.8109999999999955
-4.015000000000009
-4.034999999999999
-3.740999999999998
-3.1539999999999693
-2.382999999999976
-1.5809999999999853
-0.9129999999999857
-0.3979999999999954
-0.07799999999999986
0.16299999999999934
0.32499999999999885
0.45099999999999996
0.5079999999999991
0.5319999999999989
0.5599999999999997
0.5789999999999998
0.5549999999999999
0.532
0.5330000000000003
0.5260000000000005
0.5069999999999996
0.4490000000000005
0.4580000000000001
0.4609999999999994
0.4599999999999992
0.44599999999999884
0.421999999999999
0.4059999999999987
0.35899999999999915
0.2929999999999997
0.19199999999999923
0.033999999999999385
-0.14599999999999974
-0.38599999999999884
-0.7119999999999916
-1.0829999999999895
-1.5259999999999907
-1.9639999999999915
-2.4059999999999944
-2.7769999999999904
-3.052999999999982
-3.178999999999979
-3.135999999999979
-2.9059999999999793
-2.495999999999983
-2.0199999999999885
-1.4839999999999898
-0.9979999999999901
-0.5979999999999924
-0.26899999999999913
-0.05000000000000086
0.11799999999999963
0.23699999999999946
0.3319999999999997
0.39899999999999947
0.4269999999999996
0.4469999999999993
0.4379999999999997
0.44600000000000006
0.43500000000000016
0.42999999999999994
0.41899999999999993
0.38600000000000023
0.3870000000000001
0.4069999999999997
0.3829999999999999
0.3509999999999994
0.32100000000000006
0.27799999999999936
0.2420000000000001
0.1719999999999992
0.0829999999999995
-0.06800000000000134
-0.24000000000000077
-0.46099999999999774
-0.7239999999999945
-1.0259999999999894
-1.3649999999999913
-1.6829999999999925
-2.012999999999993
-2.249999999999994
-2.4329999999999874
-2.5009999999999812
-2.4879999999999844
-2.3289999999999837
-2.0439999999999876
-1.7079999999999909
-1.3259999999999927
-0.9499999999999943
-0.6549999999999934
-0.40599999999999875
-0.19100000000000047
-0.014000000000000337
0.08799999999999891
0.17700000000000024
0.244
0.30900000000000005
0.33099999999999985
0.3599999999999999
0.3620000000000003
0.34499999999999964
0.3490000000000004
0.35499999999999987
0.32199999999999995
0.3260000000000003
0.32599999999999985
0.31599999999999956
0.2790000000000004
0.23799999999999993
0.19799999999999998
0.13099999999999928
0.07399999999999932
-0.0360000000000008
-0.1350000000000006
-0.29199999999999937
-0.4899999999999989
-0.7149999999999938
-0.9499999999999892
-1.1889999999999887
-1.4509999999999899
-1.6789999999999885
-1.8639999999999852
-1.9659999999999898
-2.019999999999991
-2.0109999999999935
-1.89999999999999
-1.6949999999999938
-1.4449999999999967
-1.1859999999999962
-0.9359999999999904
-0.6889999999999922
-0.45699999999999735
-0.2799999999999998
-0.13600000000000065
-0.013000000000000334
0.07000000000000009
0.15400000000000028
0.20700000000000057
0.2500000000000004
0.2730000000000001
0.29299999999999987
0.30599999999999966
0.29400000000000026
0.28600000000000014
