-0.281
-0.275
-0.266
-0.2510000000000003
-0.22500000000000026
-0.1910000000000003
-0.14400000000000016
-0.09200000000000039
-0.01600000000000016
0.07599999999999982
0.1859999999999998
0.31799999999999984
0.47199999999999986
0.6459999999999999
0.83
1.029
1.2159999999999997
1.3879999999999997
1.527
1.6219999999999994
1.6619999999999997
1.6529999999999998
1.5789999999999997
1.4539999999999997
1.2899999999999998
1.102
0.8969999999999999
0.7019999999999997
0.5179999999999996
0.35899999999999976
0.228
0.1089999999999999
0.009999999999999738
-0.06200000000000023
-0.12000000000000027
-0.1640000000000003
-0.20100000000000023
-0.22700000000000017
-0.24500000000000005
-0.2520000000000001
-0.2590000000000001
-0.3380000000000001
-0.3350000000000002
-0.33000000000000007
-0.3180000000000003
-0.30000000000000027
-0.2670000000000003
-0.23100000000000023
-0.17000000000000015
-0.09400000000000033
0.0029999999999997494
0.1239999999999997
0.2789999999999996
0.46299999999999986
0.673
0.9139999999999996
1.1659999999999997
1.4089999999999998
1.6389999999999998
1.8319999999999999
1.9569999999999996
2.0239999999999996
2.0079999999999996
1.9089999999999998
1.7429999999999994
1.5199999999999998
1.254
0.9889999999999999
0.7379999999999999
0.5109999999999998
0.32099999999999984
0.15699999999999978
0.035
-0.06500000000000011
-0.13900000000000015
-0.20100000000000015
-0.24400000000000022
-0.273
-0.29400000000000015
-0.30900000000000016
-0.31300000000000017
-0.31600000000000017
-0.39700000000000013
-0.40100000000000025
-0.40600000000000025
-0.3970000000000003
-0.37900000000000034
-0.3630000000000002
-0.3210000000000002
-0.275
-0.19700000000000026
-0.09400000000000047
0.03899999999999951
0.20699999999999966
0.4269999999999997
0.6869999999999996
0.9919999999999997
1.3169999999999997
1.652
1.9609999999999996
2.2139999999999995
2.399
2.493999999999999
2.4839999999999995
2.3619999999999997
2.122
1.8099999999999994
1.4399999999999997
1.0819999999999996
0.7489999999999997
0.47099999999999953
0.2449999999999997
0.07299999999999958
-0.0730000000000002
-0.16800000000000018
-0.2500000000000001
-0.29800000000000026
-0.3360000000000001
-0.3620000000000002
-0.3780000000000002
-0.3790000000000001
-0.3790000000000001
-0.3760000000000001
-0.4640000000000003
-0.47600000000000037
-0.4860000000000004
-0.4860000000000004
-0.4830000000000003
-0.4730000000000003
-0.4450000000000003
-0.39900000000000024
-0.3360000000000004
-0.2330000000000005
-0.09600000000000039
0.09799999999999967
0.347
0.6660000000000003
1.0509999999999997
1.495
1.955
2.3829999999999996
2.7289999999999996
2.977
3.115
3.1319999999999992
2.979
2.651
2.1829999999999994
1.6599999999999995
1.1529999999999998
0.7179999999999997
0.37799999999999956
0.11699999999999958
-0.07400000000000032
-0.21200000000000027
-0.3150000000000002
-0.3790000000000003
-0.42200000000000015
-0.4510000000000003
-0.4650000000000001
-0.4700000000000002
-0.46600000000000025
-0.45300000000000024
-0.44100000000000006
-0.5410000000000003
-0.5580000000000002
-0.5800000000000003
-0.5940000000000004
-0.6030000000000005
-0.6050000000000003
-0.5900000000000003
-0.5599999999999999
-0.5020000000000003
-0.41500000000000026
-0.27000000000000013
-0.08299999999999982
0.20599999999999988
0.5879999999999996
1.0889999999999997
1.6889999999999998
2.3319999999999994
2.9419999999999993
3.4139999999999997
3.7409999999999997
3.9469999999999996
4.018
3.8699999999999988
3.4069999999999996
2.682
1.883
1.1669999999999996
0.6089999999999999
0.20199999999999985
-0.08100000000000007
-0.27900000000000047
-0.4110000000000005
-0.49300000000000016
-0.5410000000000003
-0.5700000000000003
-0.575
-0.5800000000000001
-0.5690000000000002
-0.5550000000000003
-0.5410000000000003
-0.5160000000000001
-0.6180000000000003
-0.6500000000000004
-0.6810000000000004
-0.7110000000000005
-0.7360000000000004
-0.7540000000000003
-0.7590000000000001
-0.7540000000000003
-0.7189999999999998
-0.6480000000000005
-0.5270000000000002
-0.33300000000000035
-0.0280000000000001
0.41599999999999987
1.0499999999999998
1.8889999999999993
2.8520000000000003
3.7379999999999995
4.354
4.6979999999999995
4.96
5.224
5.2299999999999995
4.578
3.3580000000000005
2.0799999999999996
1.0599999999999996
0.3569999999999998
-0.10200000000000045
-0.38500000000000023
-0.5560000000000004
-0.6640000000000005
-0.7220000000000001
-0.7380000000000004
-0.7420000000000003
-0.7370000000000002
-0.7140000000000001
-0.6920000000000002
-0.6580000000000001
-0.6280000000000002
-0.5980000000000002
-0.7020000000000004
-0.7530000000000003
-0.7950000000000004
-0.8360000000000004
-0.8880000000000003
-0.9210000000000003
-0.9569999999999999
-0.9790000000000005
-0.9760000000000003
-0.948
-0.8630000000000001
-0.6980000000000001
-0.41300000000000064
0.07699999999999967
0.8599999999999999
2.035
3.56
4.998
5.711
5.751
5.924
6.718
7.416999999999999
6.495
4.178
2.0369999999999995
0.6480000000000001
-0.145
-0.5880000000000001
-0.8079999999999998
-0.9300000000000003
-0.977
-0.9910000000000002
-0.9690000000000001
-0.9460000000000006
-0.9050000000000004
-0.8630000000000003
-0.8160000000000003
-0.7690000000000002
-0.7280000000000002
-0.6840000000000003
-0.7960000000000004
-0.8540000000000004
-0.9170000000000003
-0.9770000000000001
-1.0460000000000005
-1.1110000000000007
-1.1800000000000002
-1.2360000000000002
-1.2849999999999997
-1.3060000000000005
-1.296
-1.2089999999999999
-0.9999999999999992
-0.5569999999999997
0.29499999999999976
1.8490000000000006
4.3549999999999995
7.0809999999999995
7.738999999999999
6.338000000000001
5.712000000000001
7.443
10.459000000000001
9.145999999999997
4.383999999999999
1.1800000000000004
-0.32600000000000035
-0.986000000000001
-1.2720000000000007
-1.3720000000000003
-1.385
-1.3550000000000004
-1.3040000000000005
-1.2360000000000004
-1.1680000000000001
-1.0910000000000004
-1.0200000000000005
-0.9560000000000004
-0.8960000000000004
-0.8290000000000004
-0.7760000000000002
-0.8930000000000005
-0.9610000000000009
-1.0420000000000007
-1.1290000000000004
-1.221
-1.318
-1.4240000000000002
-1.5270000000000001
-1.6350000000000002
-1.73
-1.8099999999999992
-1.8420000000000003
-1.7810000000000001
-1.53
-0.8780000000000007
0.6929999999999997
4.199
9.626999999999999
9.803
4.3199999999999985
1.6939999999999988
3.038999999999999
8.274000000000001
6.794
0.8340000000000001
-1.4600000000000006
-2.1050000000000004
-2.2279999999999998
-2.173999999999999
-2.06
-1.9259999999999997
-1.7929999999999995
-1.6569999999999998
-1.527
-1.4110000000000003
-1.3029999999999997
-1.1970000000000003
-1.105
-1.0190000000000003
-0.9390000000000004
-0.8720000000000003
-0.9840000000000007
-1.0750000000000006
-1.1750000000000005
-1.2840000000000005
-1.4030000000000002
-1.5360000000000005
-1.686
-1.8389999999999995
-2.0140000000000002
-2.1979999999999986
-2.3930000000000002
-2.5870000000000006
-2.7590000000000012
-2.8779999999999997
-2.8409999999999997
-2.404000000000001
-0.9059999999999997
2.0410000000000004
-0.7360000000000007
-5.872000000000002
-7.908
-10.437000000000001
-16.433000000000003
-15.113999999999999
-8.572000000000001
-5.707
-4.441
-3.7469999999999994
-3.2350000000000008
-2.85
-2.5350000000000006
-2.2730000000000006
-2.0429999999999997
-1.8479999999999996
-1.6729999999999994
-1.5199999999999998
-1.383
-1.2640000000000002
-1.1530000000000005
-1.0520000000000003
-0.9670000000000004
-1.0790000000000004
-1.182
-1.3010000000000002
-1.4339999999999997
-1.585
-1.749
-1.943
-2.1529999999999996
-2.395999999999999
-2.681
-2.994999999999999
-3.3680000000000008
-3.8120000000000007
-4.379000000000002
-5.18
-6.607
-10.126
-19.528000000000002
-26.136000000000006
-19.881
-17.474000000000004
-19.662000000000003
-24.764
-22.492
-14.305
-9.191
-6.629000000000002
-5.201000000000001
-4.287
-3.640000000000001
-3.1470000000000007
-2.7560000000000007
-2.44
-2.1679999999999997
-1.94
-1.748
-1.5719999999999996
-1.414
-1.2849999999999995
-1.1709999999999996
-1.0640000000000003
-1.1720000000000002
-1.2940000000000005
-1.4320000000000002
-1.5909999999999997
-1.7680000000000002
-1.9719999999999995
-2.2039999999999997
-2.472999999999999
-2.79
-3.1640000000000006
-3.6000000000000005
-4.146000000000001
-4.834000000000001
-5.769000000000001
-7.170999999999999
-9.581000000000001
-14.127999999999998
-21.367999999999995
-25.357999999999997
-22.876
-20.836000000000002
-20.816
-21.178
-18.987
-14.553
-10.667
-8.073
-6.376
-5.2170000000000005
-4.376
-3.7389999999999994
-3.2300000000000004
-2.8240000000000003
-2.4910000000000005
-2.2089999999999996
-1.963
-1.752
-1.5780000000000005
-1.4179999999999995
-1.2759999999999998
-1.1549999999999998
-1.2629999999999997
-1.403
-1.5579999999999998
-1.7389999999999999
-1.948
-2.1819999999999995
-2.46
-2.781
-3.161000000000001
-3.6150000000000007
-4.163
-4.843999999999999
-5.702000000000003
-6.847000000000002
-8.458000000000002
-10.81
-14.193999999999999
-18.104
-20.567999999999998
-20.728
-20.095
-19.483999999999998
-18.525000000000002
-16.598000000000003
-13.860999999999999
-11.126999999999999
-8.909
-7.23
-5.973000000000002
-5.017
-4.271000000000002
-3.6770000000000005
-3.1960000000000006
-2.7880000000000003
-2.4619999999999997
-2.1800000000000006
-1.9330000000000003
-1.7230000000000005
-1.5419999999999998
-1.3849999999999996
-1.2480000000000002
-1.3519999999999999
-1.5
-1.676
-1.8840000000000001
-2.1109999999999998
-2.384
-2.694
-3.069
-3.5050000000000012
-4.026999999999999
-4.654000000000001
-5.42
-6.370999999999999
-7.587
-9.142000000000001
-11.139000000000001
-13.53
-15.941999999999998
-17.691
-18.441
-18.421000000000003
-17.903
-16.881999999999998
-15.299
-13.305
-11.24
-9.376000000000003
-7.817000000000001
-6.5569999999999995
-5.549000000000001
-4.737
-4.072000000000001
-3.524
-3.074
-2.695
-2.372999999999999
-2.099
-1.863
-1.661
-1.4909999999999997
-1.3369999999999997
-1.4229999999999996
-1.5939999999999994
-1.7820000000000005
-2.005
-2.263
-2.5589999999999984
-2.909
-3.3149999999999995
-3.7940000000000014
-4.3709999999999996
-5.052
-5.874000000000001
-6.8660000000000005
-8.062000000000001
-9.491999999999999
-11.156
-12.965999999999998
-14.691000000000003
-16.026
-16.788999999999998
-16.962999999999994
-16.605999999999998
-15.756
-14.478000000000003
-12.909000000000002
-11.239
-9.639000000000001
-8.215000000000003
-6.99
-5.970000000000001
-5.115000000000002
-4.410000000000002
-3.819000000000001
-3.3250000000000015
-2.903999999999999
-2.552999999999999
-2.255
-1.9949999999999997
-1.773
-1.5839999999999996
-1.4109999999999998
-1.4949999999999997
-1.6710000000000003
-1.879
-2.1130000000000004
-2.394
-2.7199999999999993
-3.091
-3.5319999999999996
-4.052
-4.661
-5.376999999999997
-6.2230000000000025
-7.207999999999999
-8.356
-9.662
-11.091
-12.550999999999997
-13.905000000000003
-14.976999999999997
-15.652000000000003
-15.86
-15.609000000000002
-14.925999999999995
-13.886999999999997
-12.596
-11.183
-9.782000000000002
-8.466999999999997
-7.3069999999999995
-6.289000000000001
-5.422000000000002
-4.689
-4.061999999999999
-3.5389999999999997
-3.0930000000000004
-2.711
-2.3859999999999992
-2.106
-1.8729999999999998
-1.6629999999999994
-1.4849999999999999
-1.5540000000000003
-1.7349999999999997
-1.957
-2.213999999999999
-2.5
-2.8459999999999996
-3.2510000000000012
-3.7110000000000007
-4.252999999999999
-4.891000000000001
-5.621999999999999
-6.476000000000001
-7.451000000000001
-8.547
-9.741999999999999
-11.001000000000001
-12.249999999999998
-13.379
-14.276
-14.852999999999998
-15.053000000000004
-14.866000000000003
-14.306999999999999
-13.432
-12.328000000000003
-11.096
-9.843999999999998
-8.628
-7.521000000000002
-6.527000000000002
-5.659999999999999
-4.9060000000000015
-4.268000000000002
-3.7120000000000006
-3.242
-2.8419999999999996
-2.4940000000000007
-2.2039999999999997
-1.9459999999999997
-1.7319999999999993
-1.5440000000000003
-1.595
-1.79
-2.0210000000000004
-2.2819999999999996
-2.594999999999999
-2.952
-3.3650000000000007
-3.850000000000001
-4.410000000000001
-5.059000000000001
-5.804000000000002
-6.6499999999999995
-7.610000000000001
-8.660999999999998
-9.779
-10.926000000000002
-12.029999999999996
-13.016000000000004
-13.797999999999996
-14.306
-14.484000000000002
-14.328000000000003
-13.841999999999999
-13.080999999999994
-12.108
-11.003999999999996
-9.854000000000001
-8.722999999999999
-7.661000000000003
-6.692000000000002
-5.835
-5.0760000000000005
-4.419999999999999
-3.8500000000000005
-3.3589999999999987
-2.9469999999999996
-2.588
-2.278
-2.0170000000000003
-1.7870000000000001
-1.591
-1.6300000000000001
-1.833
-2.065
-2.3420000000000005
-2.656
-3.023
-3.448999999999999
-3.947000000000001
-4.516
-5.177000000000002
-5.930000000000001
-6.773999999999998
-7.710000000000001
-8.729999999999997
-9.796000000000001
-10.866000000000001
-11.884
-12.783000000000001
-13.489
-13.941999999999997
-14.109
-13.962
-13.525
-12.830999999999996
-11.941999999999995
-10.921999999999997
-9.848999999999997
-8.773
-7.747000000000001
-6.7970000000000015
-5.9460000000000015
-5.19
-4.523
-3.947000000000001
-3.454000000000001
-3.025
-2.6540000000000012
-2.337
-2.067
-1.8289999999999993
-1.626
-1.6500000000000001
-1.8530000000000004
-2.0939999999999994
-2.368999999999999
-2.693999999999999
-3.0630000000000006
-3.502000000000001
-4.005
-4.583000000000001
-5.246000000000002
-5.999000000000001
-6.843
-7.775
-8.770999999999995
-9.805999999999997
-10.836000000000004
-11.806999999999999
-12.653
-13.315999999999995
-13.739000000000003
-13.886000000000001
-13.747
-13.334000000000001
-12.679000000000004
-11.834000000000003
-10.864999999999997
-9.83
-8.796
-7.791
-6.860000000000001
-6.014000000000001
-5.255000000000003
-4.583999999999999
-4.005000000000001
-3.4980000000000007
-3.068000000000002
-2.6979999999999995
-2.3729999999999993
-2.093
-1.851
-1.6440000000000001
-1.6520000000000001
-1.8580000000000008
-2.1100000000000003
-2.3789999999999996
-2.7139999999999995
-3.0780000000000007
-3.5180000000000002
-4.021999999999999
-4.604
-5.274000000000001
-6.028000000000002
-6.870000000000002
-7.792
-8.789999999999997
-9.819
-10.834999999999999
-11.785999999999996
-12.619000000000002
-13.264
-13.677999999999992
-13.814000000000007
-13.676
-13.266999999999994
-12.619999999999997
-11.789000000000001
-10.836
-9.815999999999999
-8.789999999999996
-7.796000000000001
-6.874000000000001
-6.031999999999997
-5.273
-4.607
-4.026
-3.517
-3.078000000000001
-2.7159999999999997
-2.3819999999999997
-2.109
-1.8590000000000002
-1.65
-1.6500000000000001
-1.8530000000000004
-2.0939999999999994
-2.368999999999999
-2.693999999999999
-3.0630000000000006
-3.502000000000001
-4.005
-4.583000000000001
-5.246000000000002
-5.999000000000001
-6.843
-7.775
-8.770999999999995
-9.805999999999997
-10.836000000000004
-11.806999999999999
-12.653
-13.315999999999995
-13.739000000000003
-13.886000000000001
-13.747
-13.334000000000001
-12.679000000000004
-11.834000000000003
-10.864999999999997
-9.83
-8.796
-7.791
-6.860000000000001
-6.014000000000001
-5.255000000000003
-4.583999999999999
-4.005000000000001
-3.4980000000000007
-3.068000000000002
-2.6979999999999995
-2.3729999999999993
-2.093
-1.851
-1.6440000000000001
-1.6300000000000001
-1.833
-2.065
-2.3420000000000005
-2.656
-3.023
-3.448999999999999
-3.947000000000001
-4.516
-5.177000000000002
-5.930000000000001
-6.773999999999998
-7.710000000000001
-8.729999999999997
-9.796000000000001
-10.866000000000001
-11.884
-12.783000000000001
-13.489
-13.941999999999997
-14.109
-13.962
-13.525
-12.830999999999996
-11.941999999999995
-10.921999999999997
-9.848999999999997
-8.773
-7.747000000000001
-6.7970000000000015
-5.9460000000000015
-5.19
-4.523
-3.947000000000001
-3.454000000000001
-3.025
-2.6540000000000012
-2.337
-2.067
-1.8289999999999993
-1.626
-1.595
-1.79
-2.0210000000000004
-2.2819999999999996
-2.594999999999999
-2.952
-3.3650000000000007
-3.850000000000001
-4.410000000000001
-5.059000000000001
-5.804000000000002
-6.6499999999999995
-7.610000000000001
-8.660999999999998
-9.779
-10.926000000000002
-12.029999999999996
-13.016000000000004
-13.797999999999996
-14.306
-14.484000000000002
-14.328000000000003
-13.841999999999999
-13.080999999999994
-12.108
-11.003999999999996
-9.854000000000001
-8.722999999999999
-7.661000000000003
-6.692000000000002
-5.835
-5.0760000000000005
-4.419999999999999
-3.8500000000000005
-3.3589999999999987
-2.9469999999999996
-2.588
-2.278
-2.0170000000000003
-1.7870000000000001
-1.591
-1.5540000000000003
-1.7349999999999997
-1.957
-2.213999999999999
-2.5
-2.8459999999999996
-3.2510000000000012
-3.7110000000000007
-4.252999999999999
-4.891000000000001
-5.621999999999999
-6.476000000000001
-7.451000000000001
-8.547
-9.741999999999999
-11.001000000000001
-12.249999999999998
-13.379
-14.276
-14.852999999999998
-15.053000000000004
-14.866000000000003
-14.306999999999999
-13.432
-12.328000000000003
-11.096
-9.843999999999998
-8.628
-7.521000000000002
-6.527000000000002
-5.659999999999999
-4.9060000000000015
-4.268000000000002
-3.7120000000000006
-3.242
-2.8419999999999996
-2.4940000000000007
-2.2039999999999997
-1.9459999999999997
-1.7319999999999993
-1.5440000000000003
-1.4949999999999997
-1.6710000000000003
-1.879
-2.1130000000000004
-2.394
-2.7199999999999993
-3.091
-3.5319999999999996
-4.052
-4.661
-5.376999999999997
-6.2230000000000025
-7.207999999999999
-8.356
-9.662
-11.091
-12.550999999999997
-13.905000000000003
-14.976999999999997
-15.652000000000003
-15.86
-15.609000000000002
-14.925999999999995
-13.886999999999997
-12.596
-11.183
-9.782000000000002
-8.466999999999997
-7.3069999999999995
-6.289000000000001
-5.422000000000002
-4.689
-4.061999999999999
-3.5389999999999997
-3.0930000000000004
-2.711
-2.3859999999999992
-2.106
-1.8729999999999998
-1.6629999999999994
-1.4849999999999999
-1.4229999999999996
-1.5939999999999994
-1.7820000000000005
-2.005
-2.263
-2.5589999999999984
-2.909
-3.3149999999999995
-3.7940000000000014
-4.3709999999999996
-5.052
-5.874000000000001
-6.8660000000000005
-8.062000000000001
-9.491999999999999
-11.156
-12.965999999999998
-14.691000000000003
-16.026
-16.788999999999998
-16.962999999999994
-16.605999999999998
-15.756
-14.478000000000003
-12.909000000000002
-11.239
-9.639000000000001
-8.215000000000003
-6.99
-5.970000000000001
-5.115000000000002
-4.410000000000002
-3.819000000000001
-3.3250000000000015
-2.903999999999999
-2.552999999999999
-2.255
-1.9949999999999997
-1.773
-1.5839999999999996
-1.4109999999999998
-1.3519999999999999
-1.5
-1.676
-1.8840000000000001
-2.1109999999999998
-2.384
-2.694
-3.069
-3.5050000000000012
-4.026999999999999
-4.654000000000001
-5.42
-6.370999999999999
-7.587
-9.142000000000001
-11.139000000000001
-13.53
-15.941999999999998
-17.691
-18.441
-18.421000000000003
-17.903
-16.881999999999998
-15.299
-13.305
-11.24
-9.376000000000003
-7.817000000000001
-6.5569999999999995
-5.549000000000001
-4.737
-4.072000000000001
-3.524
-3.074
-2.695
-2.372999999999999
-2.099
-1.863
-1.661
-1.4909999999999997
-1.3369999999999997
-1.2629999999999997
-1.403
-1.5579999999999998
-1.7389999999999999
-1.948
-2.1819999999999995
-2.46
-2.781
-3.161000000000001
-3.6150000000000007
-4.163
-4.843999999999999
-5.702000000000003
-6.847000000000002
-8.458000000000002
-10.81
-14.193999999999999
-18.104
-20.567999999999998
-20.728
-20.095
-19.483999999999998
-18.525000000000002
-16.598000000000003
-13.860999999999999
-11.126999999999999
-8.909
-7.23
-5.973000000000002
-5.017
-4.271000000000002
-3.6770000000000005
-3.1960000000000006
-2.7880000000000003
-2.4619999999999997
-2.1800000000000006
-1.9330000000000003
-1.7230000000000005
-1.5419999999999998
-1.3849999999999996
-1.2480000000000002
-1.1720000000000002
-1.2940000000000005
-1.4320000000000002
-1.5909999999999997
-1.7680000000000002
-1.9719999999999995
-2.2039999999999997
-2.472999999999999
-2.79
-3.1640000000000006
-3.6000000000000005
-4.146000000000001
-4.834000000000001
-5.769000000000001
-7.170999999999999
-9.581000000000001
-14.127999999999998
-21.367999999999995
-25.357999999999997
-22.876
-20.836000000000002
-20.816
-21.178
-18.987
-14.553
-10.667
-8.073
-6.376
-5.2170000000000005
-4.376
-3.7389999999999994
-3.2300000000000004
-2.8240000000000003
-2.4910000000000005
-2.2089999999999996
-1.963
-1.752
-1.5780000000000005
-1.4179999999999995
-1.2759999999999998
-1.1549999999999998
-1.0790000000000004
-1.182
-1.3010000000000002
-1.4339999999999997
-1.585
-1.749
-1.943
-2.1529999999999996
-2.395999999999999
-2.681
-2.994999999999999
-3.3680000000000008
-3.8120000000000007
-4.379000000000002
-5.18
-6.607
-10.126
-19.528000000000002
-26.136000000000006
-19.881
-17.474000000000004
-19.662000000000003
-24.764
-22.492
-14.305
-9.191
-6.629000000000002
-5.201000000000001
-4.287
-3.640000000000001
-3.1470000000000007
-2.7560000000000007
-2.44
-2.1679999999999997
-1.94
-1.748
-1.5719999999999996
-1.414
-1.2849999999999995
-1.1709999999999996
-1.0640000000000003
-0.9840000000000007
-1.0750000000000006
-1.1750000000000005
-1.2840000000000005
-1.4030000000000002
-1.5360000000000005
-1.686
-1.8389999999999995
-2.0140000000000002
-2.1979999999999986
-2.3930000000000002
-2.5870000000000006
-2.7590000000000012
-2.8779999999999997
-2.8409999999999997
-2.404000000000001
-0.9059999999999997
2.0410000000000004
-0.7360000000000007
-5.872000000000002
-7.908
-10.437000000000001
-16.433000000000003
-15.113999999999999
-8.572000000000001
-5.707
-4.441
-3.7469999999999994
-3.2350000000000008
-2.85
-2.5350000000000006
-2.2730000000000006
-2.0429999999999997
-1.8479999999999996
-1.6729999999999994
-1.5199999999999998
-1.383
-1.2640000000000002
-1.1530000000000005
-1.0520000000000003
-0.9670000000000004
-0.8930000000000005
-0.9610000000000009
-1.0420000000000007
-1.1290000000000004
-1.221
-1.318
-1.4240000000000002
-1.5270000000000001
-1.6350000000000002
-1.73
-1.8099999999999992
-1.8420000000000003
-1.7810000000000001
-1.53
-0.8780000000000007
0.6929999999999997
4.199
9.626999999999999
9.803
4.3199999999999985
1.6939999999999988
3.038999999999999
8.274000000000001
6.794
0.8340000000000001
-1.4600000000000006
-2.1050000000000004
-2.2279999999999998
-2.173999999999999
-2.06
-1.9259999999999997
-1.7929999999999995
-1.6569999999999998
-1.527
-1.4110000000000003
-1.3029999999999997
-1.1970000000000003
-1.105
-1.0190000000000003
-0.9390000000000004
-0.8720000000000003
-0.7960000000000004
-0.8540000000000004
-0.9170000000000003
-0.9770000000000001
-1.0460000000000005
-1.1110000000000007
-1.1800000000000002
-1.2360000000000002
-1.2849999999999997
-1.3060000000000005
-1.296
-1.2089999999999999
-0.9999999999999992
-0.5569999999999997
0.29499999999999976
1.8490000000000006
4.3549999999999995
7.0809999999999995
7.738999999999999
6.338000000000001
5.712000000000001
7.443
10.459000000000001
9.145999999999997
4.383999999999999
1.1800000000000004
-0.32600000000000035
-0.986000000000001
-1.2720000000000007
-1.3720000000000003
-1.385
-1.3550000000000004
-1.3040000000000005
-1.2360000000000004
-1.1680000000000001
-1.0910000000000004
-1.0200000000000005
-0.9560000000000004
-0.8960000000000004
-0.8290000000000004
-0.7760000000000002
-0.7020000000000004
-0.7530000000000003
-0.7950000000000004
-0.8360000000000004
-0.8880000000000003
-0.9210000000000003
-0.9569999999999999
-0.9790000000000005
-0.9760000000000003
-0.948
-0.8630000000000001
-0.6980000000000001
-0.41300000000000064
0.07699999999999967
0.8599999999999999
2.035
3.56
4.998
5.711
5.751
5.924
6.718
7.416999999999999
6.495
4.178
2.0369999999999995
0.6480000000000001
-0.145
-0.5880000000000001
-0.8079999999999998
-0.9300000000000003
-0.977
-0.9910000000000002
-0.9690000000000001
-0.9460000000000006
-0.9050000000000004
-0.8630000000000003
-0.8160000000000003
-0.7690000000000002
-0.7280000000000002
-0.6840000000000003
-0.6180000000000003
-0.6500000000000004
-0.6810000000000004
-0.7110000000000005
-0.7360000000000004
-0.7540000000000003
-0.7590000000000001
-0.7540000000000003
-0.7189999999999998
-0.6480000000000005
-0.5270000000000002
-0.33300000000000035
-0.0280000000000001
0.41599999999999987
1.0499999999999998
1.8889999999999993
2.8520000000000003
3.7379999999999995
4.354
4.6979999999999995
4.96
5.224
5.2299999999999995
4.578
3.3580000000000005
2.0799999999999996
1.0599999999999996
0.3569999999999998
-0.10200000000000045
-0.38500000000000023
-0.5560000000000004
-0.6640000000000005
-0.7220000000000001
-0.7380000000000004
-0.7420000000000003
-0.7370000000000002
-0.7140000000000001
-0.6920000000000002
-0.6580000000000001
-0.6280000000000002
-0.5980000000000002
-0.5410000000000003
-0.5580000000000002
-0.5800000000000003
-0.5940000000000004
-0.6030000000000005
-0.6050000000000003
-0.5900000000000003
-0.5599999999999999
-0.5020000000000003
-0.41500000000000026
-0.27000000000000013
-0.08299999999999982
0.20599999999999988
0.5879999999999996
1.0889999999999997
1.6889999999999998
2.3319999999999994
2.9419999999999993
3.4139999999999997
3.7409999999999997
3.9469999999999996
4.018
3.8699999999999988
3.4069999999999996
2.682
1.883
1.1669999999999996
0.6089999999999999
0.20199999999999985
-0.08100000000000007
-0.27900000000000047
-0.4110000000000005
-0.49300000000000016
-0.5410000000000003
-0.5700000000000003
-0.575
-0.5800000000000001
-0.5690000000000002
-0.5550000000000003
-0.5410000000000003
-0.5160000000000001
-0.4640000000000003
-0.47600000000000037
-0.4860000000000004
-0.4860000000000004
-0.4830000000000003
-0.4730000000000003
-0.4450000000000003
-0.39900000000000024
-0.3360000000000004
-0.2330000000000005
-0.09600000000000039
0.09799999999999967
0.347
0.6660000000000003
1.0509999999999997
1.495
1.955
2.3829999999999996
2.7289999999999996
2.977
3.115
3.1319999999999992
2.979
2.651
2.1829999999999994
1.6599999999999995
1.1529999999999998
0.7179999999999997
0.37799999999999956
0.11699999999999958
-0.07400000000000032
-0.21200000000000027
-0.3150000000000002
-0.3790000000000003
-0.42200000000000015
-0.4510000000000003
-0.4650000000000001
-0.4700000000000002
-0.46600000000000025
-0.45300000000000024
-0.44100000000000006
-0.39700000000000013
-0.40100000000000025
-0.40600000000000025
-0.3970000000000003
-0.37900000000000034
-0.3630000000000002
-0.3210000000000002
-0.275
-0.19700000000000026
-0.09400000000000047
0.03899999999999951
0.20699999999999966
0.4269999999999997
0.6869999999999996
0.9919999999999997
1.3169999999999997
1.652
1.9609999999999996
2.2139999999999995
2.399
2.493999999999999
2.4839999999999995
2.3619999999999997
2.122
1.8099999999999994
1.4399999999999997
1.0819999999999996
0.7489999999999997
0.47099999999999953
0.2449999999999997
0.07299999999999958
-0.0730000000000002
-0.16800000000000018
-0.2500000000000001
-0.29800000000000026
-0.3360000000000001
-0.3620000000000002
-0.3780000000000002
-0.3790000000000001
-0.3790000000000001
-0.3760000000000001
-0.3380000000000001
-0.3350000000000002
-0.33000000000000007
-0.3180000000000003
-0.30000000000000027
-0.2670000000000003
-0.23100000000000023
-0.17000000000000015
-0.09400000000000033
0.0029999999999997494
0.1239999999999997
0.2789999999999996
0.46299999999999986
0.673
0.9139999999999996
1.1659999999999997
1.4089999999999998
1.6389999999999998
1.8319999999999999
1.9569999999999996
2.0239999999999996
2.0079999999999996
1.9089999999999998
1.7429999999999994
1.5199999999999998
1.254
0.9889999999999999
0.7379999999999999
0.5109999999999998
0.32099999999999984
0.15699999999999978
0.035
-0.06500000000000011
-0.13900000000000015
-0.20100000000000015
-0.24400000000000022
-0.273
-0.29400000000000015
-0.30900000000000016
-0.31300000000000017
-0.31600000000000017
-0.281
-0.275
-0.266
-0.2510000000000003
-0.22500000000000026
-0.1910000000000003
-0.14400000000000016
-0.09200000000000039
-0.01600000000000016
0.07599999999999982
0.1859999999999998
0.31799999999999984
0.47199999999999986
0.6459999999999999
0.83
1.029
1.2159999999999997
1.3879999999999997
1.527
1.6219999999999994
1.6619999999999997
1.6529999999999998
1.5789999999999997
1.4539999999999997
1.2899999999999998
1.102
0.8969999999999999
0.7019999999999997
0.5179999999999996
0.35899999999999976
0.228
0.1089999999999999
0.009999999999999738
-0.06200000000000023
-0.12000000000000027
-0.1640000000000003
-0.20100000000000023
-0.22700000000000017
-0.24500000000000005
-0.2520000000000001
-0.2590000000000001
