-0.22900000000000004
-0.23200000000000004
-0.22200000000000006
-0.2240000000000001
-0.20900000000000002
-0.19100000000000003
-0.16300000000000003
-0.12300000000000005
-0.07600000000000011
-0.02000000000000009
0.058999999999999796
0.15700000000000006
0.2720000000000001
0.4140000000000001
0.5630000000000001
0.7329999999999999
0.9009999999999999
1.0579999999999996
1.1959999999999995
1.2930000000000004
1.341
1.3329999999999995
1.2679999999999996
1.1420000000000001
0.9900000000000002
0.8129999999999997
0.6400000000000002
0.4759999999999999
0.328
0.20100000000000004
0.10500000000000001
0.01899999999999999
-0.041000000000000064
-0.09200000000000005
-0.131
-0.16099999999999998
-0.17900000000000005
-0.19500000000000003
-0.20400000000000004
-0.215
-0.2120000000000001
-0.27700000000000014
-0.2730000000000001
-0.28
-0.276
-0.26900000000000013
-0.25599999999999995
-0.233
-0.19700000000000004
-0.15200000000000005
-0.08700000000000012
-0.01100000000000017
0.09199999999999983
0.22699999999999984
0.384
0.5760000000000003
0.7880000000000001
1.0110000000000001
1.2209999999999994
1.4009999999999996
1.5350000000000001
1.6059999999999997
1.600999999999999
1.5099999999999993
1.3479999999999994
1.1349999999999998
0.8959999999999999
0.6659999999999999
0.455
0.2840000000000001
0.14200000000000007
0.03600000000000003
-0.050999999999999976
-0.11399999999999996
-0.16199999999999995
-0.19700000000000004
-0.2239999999999999
-0.24000000000000005
-0.249
-0.253
-0.25300000000000006
-0.252
-0.31899999999999995
-0.33099999999999996
-0.33799999999999997
-0.34
-0.337
-0.328
-0.314
-0.29000000000000015
-0.2480000000000001
-0.19200000000000017
-0.11900000000000018
-0.004000000000000121
0.13599999999999976
0.3350000000000001
0.5570000000000002
0.8310000000000002
1.12
1.3940000000000003
1.6389999999999996
1.8229999999999997
1.9289999999999996
1.9319999999999997
1.8209999999999997
1.5949999999999998
1.2870000000000001
0.9569999999999994
0.6550000000000001
0.40300000000000025
0.19999999999999998
0.049000000000000016
-0.07
-0.15200000000000002
-0.207
-0.24800000000000008
-0.27799999999999997
-0.29799999999999993
-0.308
-0.31499999999999995
-0.30900000000000005
-0.30800000000000005
-0.29900000000000015
-0.375
-0.385
-0.402
-0.41200000000000003
-0.416
-0.414
-0.41399999999999987
-0.3989999999999999
-0.365
-0.32399999999999995
-0.254
-0.14400000000000004
0.009000000000000025
0.21399999999999997
0.501
0.8359999999999997
1.214
1.5789999999999997
1.8850000000000007
2.1140000000000008
2.275000000000001
2.3139999999999987
2.196
1.878000000000001
1.442
0.9790000000000005
0.5850000000000001
0.2760000000000001
0.056999999999999905
-0.09900000000000003
-0.20600000000000016
-0.28100000000000014
-0.3260000000000001
-0.3560000000000001
-0.37700000000000017
-0.38500000000000006
-0.38600000000000007
-0.384
-0.37799999999999995
-0.36300000000000004
-0.3460000000000001
-0.419
-0.443
-0.4670000000000001
-0.485
-0.504
-0.517
-0.5289999999999999
-0.53
-0.5199999999999999
-0.486
-0.43300000000000005
-0.3440000000000001
-0.20100000000000018
0.02399999999999996
0.3450000000000001
0.7709999999999999
1.2660000000000005
1.729
2.081
2.3230000000000004
2.5250000000000004
2.672
2.6040000000000014
2.1760000000000024
1.5210000000000004
0.8750000000000002
0.37899999999999984
0.045999999999999874
-0.16900000000000012
-0.30299999999999994
-0.3889999999999999
-0.4440000000000002
-0.475
-0.487
-0.493
-0.487
-0.47500000000000014
-0.45900000000000013
-0.444
-0.428
-0.4040000000000001
-0.484
-0.5100000000000001
-0.538
-0.5659999999999998
-0.6040000000000001
-0.628
-0.657
-0.677
-0.689
-0.6859999999999999
-0.6680000000000003
-0.6100000000000003
-0.4980000000000001
-0.29700000000000026
0.038999999999999854
0.5540000000000003
1.1890000000000007
1.7520000000000004
2.0220000000000007
2.0840000000000005
2.2550000000000012
2.5909999999999993
2.7069999999999994
2.194999999999999
1.2709999999999997
0.45799999999999996
-0.05600000000000013
-0.3440000000000002
-0.49699999999999994
-0.5770000000000002
-0.6240000000000002
-0.637
-0.6419999999999999
-0.6320000000000001
-0.6180000000000001
-0.5990000000000001
-0.5660000000000001
-0.5429999999999999
-0.5190000000000001
-0.4910000000000001
-0.46100000000000013
-0.5460000000000002
-0.5870000000000001
-0.6189999999999999
-0.6649999999999999
-0.7059999999999998
-0.7559999999999999
-0.7969999999999999
-0.8400000000000002
-0.8890000000000001
-0.9230000000000003
-0.9460000000000001
-0.9520000000000002
-0.9180000000000001
-0.8019999999999998
-0.543
-0.04199999999999998
0.6619999999999998
1.202000000000001
1.0300000000000016
0.42300000000000015
0.2189999999999998
0.6390000000000006
1.0710000000000004
0.722000000000002
-0.11999999999999988
-0.6640000000000003
-0.8669999999999998
-0.9249999999999999
-0.932
-0.9240000000000004
-0.9070000000000003
-0.8740000000000002
-0.8420000000000001
-0.802
-0.7620000000000002
-0.7200000000000001
-0.679
-0.632
-0.5929999999999999
-0.559
-0.5260000000000001
-0.6040000000000002
-0.6539999999999999
-0.7040000000000001
-0.761
-0.8170000000000001
-0.882
-0.9519999999999997
-1.023
-1.1090000000000002
-1.1919999999999997
-1.2499999999999993
-1.332
-1.4129999999999996
-1.4850000000000003
-1.5010000000000008
-1.4129999999999996
-1.285
-1.7189999999999999
-3.308
-4.877
-5.739999999999998
-6.6049999999999995
-7.142000000000001
-5.832
-4.110999999999999
-2.8179999999999983
-2.0539999999999994
-1.6650000000000003
-1.4559999999999993
-1.3279999999999998
-1.2249999999999996
-1.1409999999999993
-1.0659999999999996
-0.9909999999999999
-0.9220000000000002
-0.8570000000000002
-0.7990000000000002
-0.738
-0.6860000000000002
-0.638
-0.5910000000000001
-0.6660000000000001
-0.722
-0.7800000000000001
-0.851
-0.926
-1.0130000000000001
-1.0980000000000003
-1.2060000000000002
-1.3179999999999994
-1.4549999999999994
-1.6069999999999998
-1.7969999999999997
-2.0509999999999993
-2.405
-2.9919999999999973
-4.095999999999999
-6.365999999999998
-10.729999999999997
-15.078000000000001
-15.043999999999999
-14.805
-18.320000000000004
-22.302000000000003
-16.380999999999993
-9.016
-4.973999999999994
-3.1569999999999983
-2.3649999999999993
-1.9759999999999998
-1.7389999999999994
-1.566000000000001
-1.42
-1.2959999999999998
-1.1809999999999998
-1.0860000000000003
-0.9960000000000002
-0.9190000000000003
-0.8430000000000001
-0.774
-0.7150000000000001
-0.6609999999999999
-0.7300000000000001
-0.7940000000000002
-0.8720000000000001
-0.9499999999999998
-1.0430000000000006
-1.1470000000000011
-1.268
-1.402
-1.5609999999999993
-1.7449999999999992
-1.9679999999999997
-2.266999999999999
-2.671
-3.305999999999999
-4.463999999999998
-6.803000000000001
-11.467999999999995
-18.927
-24.329999999999995
-22.011999999999997
-19.819000000000006
-22.01100000000001
-24.662000000000003
-18.602999999999998
-9.959999999999997
-5.5340000000000025
-3.7189999999999985
-2.8930000000000002
-2.437999999999999
-2.1300000000000003
-1.8880000000000006
-1.689
-1.5209999999999997
-1.375
-1.2460000000000007
-1.1320000000000008
-1.029000000000001
-0.9400000000000001
-0.8590000000000001
-0.786
-0.719
-0.801
-0.8720000000000001
-0.9650000000000002
-1.0630000000000013
-1.1770000000000007
-1.304
-1.449
-1.6189999999999996
-1.8209999999999995
-2.0559999999999996
-2.3589999999999987
-2.7380000000000004
-3.2659999999999996
-4.056000000000001
-5.371999999999998
-7.707999999999998
-11.564999999999996
-17.195999999999994
-23.419000000000004
-21.457
-18.892
-20.04099999999999
-23.283999999999995
-18.409
-9.258000000000001
-5.328000000000002
-3.9859999999999975
-3.328999999999999
-2.8809999999999985
-2.5200000000000005
-2.2230000000000016
-1.979
-1.7600000000000007
-1.577
-1.414
-1.273999999999999
-1.153
-1.0430000000000004
-0.9420000000000001
-0.8560000000000001
-0.784
-0.8630000000000001
-0.9470000000000001
-1.0490000000000004
-1.1640000000000001
-1.2879999999999996
-1.4339999999999997
-1.6099999999999994
-1.8030000000000002
-2.04
-2.3259999999999987
-2.669999999999999
-3.1039999999999996
-3.67
-4.441999999999998
-5.538
-7.168000000000003
-9.966000000000001
-15.701000000000008
-21.230999999999998
-19.769999999999996
-17.675000000000008
-17.147000000000002
-16.53800000000001
-12.873000000000001
-8.094000000000005
-5.520000000000002
-4.421999999999997
-3.7900000000000005
-3.302999999999998
-2.8969999999999985
-2.548
-2.246000000000001
-1.9880000000000002
-1.7700000000000005
-1.5780000000000003
-1.416
-1.271
-1.1389999999999998
-1.0330000000000006
-0.93
-0.846
-0.918
-1.016
-1.1280000000000003
-1.2519999999999998
-1.4019999999999997
-1.5659999999999998
-1.7570000000000003
-1.983
-2.247
-2.5599999999999996
-2.940999999999999
-3.4070000000000014
-3.9759999999999986
-4.698999999999999
-5.601999999999998
-6.811
-8.716000000000001
-11.948999999999998
-15.197000000000012
-16.293000000000003
-16.009000000000007
-14.980999999999998
-13.109000000000004
-10.431999999999995
-7.809999999999997
-6.045
-4.996999999999999
-4.281000000000001
-3.719999999999999
-3.2479999999999993
-2.85
-2.4970000000000008
-2.204
-1.9540000000000002
-1.733999999999999
-1.5419999999999996
-1.3849999999999996
-1.2369999999999997
-1.1100000000000008
-1.0050000000000006
-0.908
-0.9739999999999999
-1.0799999999999998
-1.1990000000000005
-1.3430000000000002
-1.4989999999999994
-1.6819999999999997
-1.8900000000000006
-2.1399999999999997
-2.432999999999999
-2.7699999999999987
-3.181000000000001
-3.6630000000000007
-4.244
-4.944999999999999
-5.784000000000001
-6.837
-8.266000000000002
-10.214
-12.279999999999998
-13.682999999999993
-14.04
-13.320000000000002
-11.749000000000002
-9.794000000000002
-7.958999999999997
-6.548000000000003
-5.510000000000001
-4.7289999999999965
-4.098999999999999
-3.566
-3.1209999999999978
-2.7319999999999993
-2.408
-2.1229999999999998
-1.8760000000000006
-1.6689999999999998
-1.4860000000000002
-1.3269999999999997
-1.1920000000000002
-1.0680000000000003
-0.9600000000000001
-1.023
-1.1409999999999998
-1.268
-1.421
-1.5889999999999995
-1.7880000000000005
-2.0269999999999992
-2.287
-2.5969999999999995
-2.9579999999999997
-3.3889999999999993
-3.888
-4.477
-5.167000000000001
-5.982000000000002
-6.962999999999999
-8.151999999999992
-9.556
-10.982000000000008
-12.055000000000001
-12.432000000000006
-11.999000000000006
-10.905000000000001
-9.498
-8.094999999999995
-6.886999999999997
-5.892999999999996
-5.086000000000001
-4.411999999999997
-3.843999999999998
-3.355999999999997
-2.941
-2.574999999999998
-2.2729999999999997
-2.0049999999999994
-1.777
-1.5789999999999997
-1.4080000000000001
-1.2570000000000001
-1.1280000000000003
-1.0159999999999996
-1.0650000000000004
-1.1890000000000007
-1.326000000000001
-1.489
-1.6679999999999995
-1.881
-2.128000000000001
-2.408
-2.7379999999999987
-3.1169999999999995
-3.561
-4.074999999999999
-4.669
-5.3580000000000005
-6.146000000000001
-7.056999999999998
-8.084999999999999
-9.188999999999997
-10.233999999999995
-11.005999999999998
-11.298000000000004
-11.024
-10.268000000000006
-9.227999999999998
-8.119000000000003
-7.072000000000001
-6.1450000000000005
-5.3420000000000005
-4.6549999999999985
-4.062000000000001
-3.5519999999999996
-3.108999999999999
-2.7269999999999994
-2.399999999999999
-2.1159999999999997
-1.8719999999999994
-1.6639999999999995
-1.4760000000000006
-1.32
-1.177
-1.0600000000000003
-1.1039999999999999
-1.231000000000001
-1.376
-1.5409999999999997
-1.7379999999999995
-1.962
-2.214
-2.5129999999999986
-2.855999999999997
-3.246000000000001
-3.700999999999999
-4.226999999999998
-4.822
-5.501999999999998
-6.264999999999997
-7.106
-8.014999999999999
-8.914
-9.726999999999999
-10.306999999999997
-10.525000000000004
-10.336999999999996
-9.778000000000006
-8.977999999999998
-8.064999999999996
-7.152
-6.291000000000001
-5.515000000000001
-4.836000000000002
-4.230999999999996
-3.706000000000001
-3.2480000000000007
-2.851
-2.5109999999999997
-2.2110000000000003
-1.9500000000000004
-1.7339999999999998
-1.5349999999999995
-1.3670000000000009
-1.2250000000000008
-1.0950000000000004
-1.1329999999999998
-1.2640000000000005
-1.4169999999999994
-1.5920000000000003
-1.787
-2.0210000000000012
-2.283000000000001
-2.590999999999999
-2.9419999999999993
-3.348
-3.8129999999999984
-4.336999999999997
-4.937000000000001
-5.6060000000000025
-6.3370000000000015
-7.123999999999999
-7.937000000000001
-8.714999999999996
-9.378999999999998
-9.833
-10.009999999999998
-9.862000000000002
-9.421999999999997
-8.762000000000002
-7.979999999999993
-7.173000000000001
-6.369999999999998
-5.6290000000000004
-4.955000000000002
-4.351000000000001
-3.818000000000001
-3.3479999999999976
-2.9459999999999997
-2.588999999999999
-2.2839999999999994
-2.018000000000001
-1.791
-1.582999999999999
-1.4110000000000007
-1.2600000000000007
-1.1280000000000003
-1.1530000000000002
-1.288
-1.4410000000000003
-1.6219999999999999
-1.827
-2.064
-2.3359999999999994
-2.6499999999999977
-3.0100000000000016
-3.418999999999999
-3.8879999999999995
-4.419999999999999
-5.016
-5.672
-6.381000000000002
-7.1269999999999945
-7.875000000000001
-8.570000000000002
-9.151000000000002
-9.535000000000002
-9.674000000000005
-9.547999999999996
-9.173999999999996
-8.602999999999994
-7.910000000000004
-7.161
-6.411999999999999
-5.691000000000001
-5.026999999999998
-4.428999999999999
-3.8939999999999975
-3.424
-3.0109999999999983
-2.6499999999999986
-2.3339999999999996
-2.0620000000000003
-1.8210000000000006
-1.6169999999999998
-1.442
-1.2840000000000007
-1.148000000000001
-1.164
-1.3030000000000002
-1.4640000000000006
-1.6419999999999997
-1.85
-2.0909999999999984
-2.366999999999999
-2.684
-3.0490000000000004
-3.464999999999998
-3.9370000000000003
-4.470999999999997
-5.059
-5.712999999999998
-6.412000000000003
-7.1290000000000004
-7.838999999999996
-8.487000000000004
-9.018
-9.366999999999997
-9.489000000000003
-9.374999999999998
-9.027000000000005
-8.504999999999997
-7.854999999999997
-7.145999999999998
-6.424000000000003
-5.719999999999998
-5.069
-4.472000000000002
-3.9379999999999984
-3.4659999999999997
-3.0429999999999984
-2.683
-2.364999999999999
-2.0869999999999993
-1.8510000000000002
-1.6400000000000001
-1.461
-1.3000000000000005
-1.1560000000000001
-1.1709999999999998
-1.307
-1.4660000000000009
-1.6509999999999996
-1.8600000000000005
-2.097999999999999
-2.3759999999999994
-2.6999999999999997
-3.0650000000000013
-3.4799999999999995
-3.9549999999999996
-4.488000000000002
-5.081999999999996
-5.725999999999995
-6.423000000000003
-7.135000000000003
-7.831999999999997
-8.469000000000001
-8.975000000000003
-9.315000000000003
-9.439000000000004
-9.316999999999998
-8.979
-8.466999999999999
-7.830999999999997
-7.134000000000003
-6.421000000000002
-5.729999999999996
-5.079999999999997
-4.4860000000000015
-3.951999999999999
-3.4799999999999995
-3.0640000000000005
-2.6950000000000016
-2.3759999999999994
-2.0949999999999993
-1.8589999999999998
-1.6449999999999996
-1.4660000000000006
-1.3079999999999994
-1.1659999999999997
-1.164
-1.3030000000000002
-1.4640000000000006
-1.6419999999999997
-1.85
-2.0909999999999984
-2.366999999999999
-2.684
-3.0490000000000004
-3.464999999999998
-3.9370000000000003
-4.470999999999997
-5.059
-5.712999999999998
-6.412000000000003
-7.1290000000000004
-7.838999999999996
-8.487000000000004
-9.018
-9.366999999999997
-9.489000000000003
-9.374999999999998
-9.027000000000005
-8.504999999999997
-7.854999999999997
-7.145999999999998
-6.424000000000003
-5.719999999999998
-5.069
-4.472000000000002
-3.9379999999999984
-3.4659999999999997
-3.0429999999999984
-2.683
-2.364999999999999
-2.0869999999999993
-1.8510000000000002
-1.6400000000000001
-1.461
-1.3000000000000005
-1.1560000000000001
-1.1530000000000002
-1.288
-1.4410000000000003
-1.6219999999999999
-1.827
-2.064
-2.3359999999999994
-2.6499999999999977
-3.0100000000000016
-3.418999999999999
-3.8879999999999995
-4.419999999999999
-5.016
-5.672
-6.381000000000002
-7.1269999999999945
-7.875000000000001
-8.570000000000002
-9.151000000000002
-9.535000000000002
-9.674000000000005
-9.547999999999996
-9.173999999999996
-8.602999999999994
-7.910000000000004
-7.161
-6.411999999999999
-5.691000000000001
-5.026999999999998
-4.428999999999999
-3.8939999999999975
-3.424
-3.0109999999999983
-2.6499999999999986
-2.3339999999999996
-2.0620000000000003
-1.8210000000000006
-1.6169999999999998
-1.442
-1.2840000000000007
-1.148000000000001
-1.1329999999999998
-1.2640000000000005
-1.4169999999999994
-1.5920000000000003
-1.787
-2.0210000000000012
-2.283000000000001
-2.590999999999999
-2.9419999999999993
-3.348
-3.8129999999999984
-4.336999999999997
-4.937000000000001
-5.6060000000000025
-6.3370000000000015
-7.123999999999999
-7.937000000000001
-8.714999999999996
-9.378999999999998
-9.833
-10.009999999999998
-9.862000000000002
-9.421999999999997
-8.762000000000002
-7.979999999999993
-7.173000000000001
-6.369999999999998
-5.6290000000000004
-4.955000000000002
-4.351000000000001
-3.818000000000001
-3.3479999999999976
-2.9459999999999997
-2.588999999999999
-2.2839999999999994
-2.018000000000001
-1.791
-1.582999999999999
-1.4110000000000007
-1.2600000000000007
-1.1280000000000003
-1.1039999999999999
-1.231000000000001
-1.376
-1.5409999999999997
-1.7379999999999995
-1.962
-2.214
-2.5129999999999986
-2.855999999999997
-3.246000000000001
-3.700999999999999
-4.226999999999998
-4.822
-5.501999999999998
-6.264999999999997
-7.106
-8.014999999999999
-8.914
-9.726999999999999
-10.306999999999997
-10.525000000000004
-10.336999999999996
-9.778000000000006
-8.977999999999998
-8.064999999999996
-7.152
-6.291000000000001
-5.515000000000001
-4.836000000000002
-4.230999999999996
-3.706000000000001
-3.2480000000000007
-2.851
-2.5109999999999997
-2.2110000000000003
-1.9500000000000004
-1.7339999999999998
-1.5349999999999995
-1.3670000000000009
-1.2250000000000008
-1.0950000000000004
-1.0650000000000004
-1.1890000000000007
-1.326000000000001
-1.489
-1.6679999999999995
-1.881
-2.128000000000001
-2.408
-2.7379999999999987
-3.1169999999999995
-3.561
-4.074999999999999
-4.669
-5.3580000000000005
-6.146000000000001
-7.056999999999998
-8.084999999999999
-9.188999999999997
-10.233999999999995
-11.005999999999998
-11.298000000000004
-11.024
-10.268000000000006
-9.227999999999998
-8.119000000000003
-7.072000000000001
-6.1450000000000005
-5.3420000000000005
-4.6549999999999985
-4.062000000000001
-3.5519999999999996
-3.108999999999999
-2.7269999999999994
-2.399999999999999
-2.1159999999999997
-1.8719999999999994
-1.6639999999999995
-1.4760000000000006
-1.32
-1.177
-1.0600000000000003
-1.023
-1.1409999999999998
-1.268
-1.421
-1.5889999999999995
-1.7880000000000005
-2.0269999999999992
-2.287
-2.5969999999999995
-2.9579999999999997
-3.3889999999999993
-3.888
-4.477
-5.167000000000001
-5.982000000000002
-6.962999999999999
-8.151999999999992
-9.556
-10.982000000000008
-12.055000000000001
-12.432000000000006
-11.999000000000006
-10.905000000000001
-9.498
-8.094999999999995
-6.886999999999997
-5.892999999999996
-5.086000000000001
-4.411999999999997
-3.843999999999998
-3.355999999999997
-2.941
-2.574999999999998
-2.2729999999999997
-2.0049999999999994
-1.777
-1.5789999999999997
-1.4080000000000001
-1.2570000000000001
-1.1280000000000003
-1.0159999999999996
-0.9739999999999999
-1.0799999999999998
-1.1990000000000005
-1.3430000000000002
-1.4989999999999994
-1.6819999999999997
-1.8900000000000006
-2.1399999999999997
-2.432999999999999
-2.7699999999999987
-3.181000000000001
-3.6630000000000007
-4.244
-4.944999999999999
-5.784000000000001
-6.837
-8.266000000000002
-10.214
-12.279999999999998
-13.682999999999993
-14.04
-13.320000000000002
-11.749000000000002
-9.794000000000002
-7.958999999999997
-6.548000000000003
-5.510000000000001
-4.7289999999999965
-4.098999999999999
-3.566
-3.1209999999999978
-2.7319999999999993
-2.408
-2.1229999999999998
-1.8760000000000006
-1.6689999999999998
-1.4860000000000002
-1.3269999999999997
-1.1920000000000002
-1.0680000000000003
-0.9600000000000001
-0.918
-1.016
-1.1280000000000003
-1.2519999999999998
-1.4019999999999997
-1.5659999999999998
-1.7570000000000003
-1.983
-2.247
-2.5599999999999996
-2.940999999999999
-3.4070000000000014
-3.9759999999999986
-4.698999999999999
-5.601999999999998
-6.811
-8.716000000000001
-11.948999999999998
-15.197000000000012
-16.293000000000003
-16.009000000000007
-14.980999999999998
-13.109000000000004
-10.431999999999995
-7.809999999999997
-6.045
-4.996999999999999
-4.281000000000001
-3.719999999999999
-3.2479999999999993
-2.85
-2.4970000000000008
-2.204
-1.9540000000000002
-1.733999999999999
-1.5419999999999996
-1.3849999999999996
-1.2369999999999997
-1.1100000000000008
-1.0050000000000006
-0.908
-0.8630000000000001
-0.9470000000000001
-1.0490000000000004
-1.1640000000000001
-1.2879999999999996
-1.4339999999999997
-1.6099999999999994
-1.8030000000000002
-2.04
-2.3259999999999987
-2.669999999999999
-3.1039999999999996
-3.67
-4.441999999999998
-5.538
-7.168000000000003
-9.966000000000001
-15.701000000000008
-21.230999999999998
-19.769999999999996
-17.675000000000008
-17.147000000000002
-16.53800000000001
-12.873000000000001
-8.094000000000005
-5.520000000000002
-4.421999999999997
-3.7900000000000005
-3.302999999999998
-2.8969999999999985
-2.548
-2.246000000000001
-1.9880000000000002
-1.7700000000000005
-1.5780000000000003
-1.416
-1.271
-1.1389999999999998
-1.0330000000000006
-0.93
-0.846
-0.801
-0.8720000000000001
-0.9650000000000002
-1.0630000000000013
-1.1770000000000007
-1.304
-1.449
-1.6189999999999996
-1.8209999999999995
-2.0559999999999996
-2.3589999999999987
-2.7380000000000004
-3.2659999999999996
-4.056000000000001
-5.371999999999998
-7.707999999999998
-11.564999999999996
-17.195999999999994
-23.419000000000004
-21.457
-18.892
-20.04099999999999
-23.283999999999995
-18.409
-9.258000000000001
-5.328000000000002
-3.9859999999999975
-3.328999999999999
-2.8809999999999985
-2.5200000000000005
-2.2230000000000016
-1.979
-1.7600000000000007
-1.577
-1.414
-1.273999999999999
-1.153
-1.0430000000000004
-0.9420000000000001
-0.8560000000000001
-0.784
-0.7300000000000001
-0.7940000000000002
-0.8720000000000001
-0.9499999999999998
-1.0430000000000006
-1.1470000000000011
-1.268
-1.402
-1.5609999999999993
-1.7449999999999992
-1.9679999999999997
-2.266999999999999
-2.671
-3.305999999999999
-4.463999999999998
-6.803000000000001
-11.467999999999995
-18.927
-24.329999999999995
-22.011999999999997
-19.819000000000006
-22.01100000000001
-24.662000000000003
-18.602999999999998
-9.959999999999997
-5.5340000000000025
-3.7189999999999985
-2.8930000000000002
-2.437999999999999
-2.1300000000000003
-1.8880000000000006
-1.689
-1.5209999999999997
-1.375
-1.2460000000000007
-1.1320000000000008
-1.029000000000001
-0.9400000000000001
-0.8590000000000001
-0.786
-0.719
-0.6660000000000001
-0.722
-0.7800000000000001
-0.851
-0.926
-1.0130000000000001
-1.0980000000000003
-1.2060000000000002
-1.3179999999999994
-1.4549999999999994
-1.6069999999999998
-1.7969999999999997
-2.0509999999999993
-2.405
-2.9919999999999973
-4.095999999999999
-6.365999999999998
-10.729999999999997
-15.078000000000001
-15.043999999999999
-14.805
-18.320000000000004
-22.302000000000003
-16.380999999999993
-9.016
-4.973999999999994
-3.1569999999999983
-2.3649999999999993
-1.9759999999999998
-1.7389999999999994
-1.566000000000001
-1.42
-1.2959999999999998
-1.1809999999999998
-1.0860000000000003
-0.9960000000000002
-0.9190000000000003
-0.8430000000000001
-0.774
-0.7150000000000001
-0.6609999999999999
-0.6040000000000002
-0.6539999999999999
-0.7040000000000001
-0.761
-0.8170000000000001
-0.882
-0.9519999999999997
-1.023
-1.1090000000000002
-1.1919999999999997
-1.2499999999999993
-1.332
-1.4129999999999996
-1.4850000000000003
-1.5010000000000008
-1.4129999999999996
-1.285
-1.7189999999999999
-3.308
-4.877
-5.739999999999998
-6.6049999999999995
-7.142000000000001
-5.832
-4.110999999999999
-2.8179999999999983
-2.0539999999999994
-1.6650000000000003
-1.4559999999999993
-1.3279999999999998
-1.2249999999999996
-1.1409999999999993
-1.0659999999999996
-0.9909999999999999
-0.9220000000000002
-0.8570000000000002
-0.7990000000000002
-0.738
-0.6860000000000002
-0.638
-0.5910000000000001
-0.5460000000000002
-0.5870000000000001
-0.6189999999999999
-0.6649999999999999
-0.7059999999999998
-0.7559999999999999
-0.7969999999999999
-0.8400000000000002
-0.8890000000000001
-0.9230000000000003
-0.9460000000000001
-0.9520000000000002
-0.9180000000000001
-0.8019999999999998
-0.543
-0.04199999999999998
0.6619999999999998
1.202000000000001
1.0300000000000016
0.42300000000000015
0.2189999999999998
0.6390000000000006
1.0710000000000004
0.722000000000002
-0.11999999999999988
-0.6640000000000003
-0.8669999999999998
-0.9249999999999999
-0.932
-0.9240000000000004
-0.9070000000000003
-0.8740000000000002
-0.8420000000000001
-0.802
-0.7620000000000002
-0.7200000000000001
-0.679
-0.632
-0.5929999999999999
-0.559
-0.5260000000000001
-0.484
-0.5100000000000001
-0.538
-0.5659999999999998
-0.6040000000000001
-0.628
-0.657
-0.677
-0.689
-0.6859999999999999
-0.6680000000000003
-0.6100000000000003
-0.4980000000000001
-0.29700000000000026
0.038999999999999854
0.5540000000000003
1.1890000000000007
1.7520000000000004
2.0220000000000007
2.0840000000000005
2.2550000000000012
2.5909999999999993
2.7069999999999994
2.194999999999999
1.2709999999999997
0.45799999999999996
-0.05600000000000013
-0.3440000000000002
-0.49699999999999994
-0.5770000000000002
-0.6240000000000002
-0.637
-0.6419999999999999
-0.6320000000000001
-0.6180000000000001
-0.5990000000000001
-0.5660000000000001
-0.5429999999999999
-0.5190000000000001
-0.4910000000000001
-0.46100000000000013
-0.419
-0.443
-0.4670000000000001
-0.485
-0.504
-0.517
-0.5289999999999999
-0.53
-0.5199999999999999
-0.486
-0.43300000000000005
-0.3440000000000001
-0.20100000000000018
0.02399999999999996
0.3450000000000001
0.7709999999999999
1.2660000000000005
1.729
2.081
2.3230000000000004
2.5250000000000004
2.672
2.6040000000000014
2.1760000000000024
1.5210000000000004
0.8750000000000002
0.37899999999999984
0.045999999999999874
-0.16900000000000012
-0.30299999999999994
-0.3889999999999999
-0.4440000000000002
-0.475
-0.487
-0.493
-0.487
-0.47500000000000014
-0.45900000000000013
-0.444
-0.428
-0.4040000000000001
-0.375
-0.385
-0.402
-0.41200000000000003
-0.416
-0.414
-0.41399999999999987
-0.3989999999999999
-0.365
-0.32399999999999995
-0.254
-0.14400000000000004
0.009000000000000025
0.21399999999999997
0.501
0.8359999999999997
1.214
1.5789999999999997
1.8850000000000007
2.1140000000000008
2.275000000000001
2.3139999999999987
2.196
1.878000000000001
1.442
0.9790000000000005
0.5850000000000001
0.2760000000000001
0.056999999999999905
-0.09900000000000003
-0.20600000000000016
-0.28100000000000014
-0.3260000000000001
-0.3560000000000001
-0.37700000000000017
-0.38500000000000006
-0.38600000000000007
-0.384
-0.37799999999999995
-0.36300000000000004
-0.3460000000000001
-0.31899999999999995
-0.33099999999999996
-0.33799999999999997
-0.34
-0.337
-0.328
-0.314
-0.29000000000000015
-0.2480000000000001
-0.19200000000000017
-0.11900000000000018
-0.004000000000000121
0.13599999999999976
0.3350000000000001
0.5570000000000002
0.8310000000000002
1.12
1.3940000000000003
1.6389999999999996
1.8229999999999997
1.9289999999999996
1.9319999999999997
1.8209999999999997
1.5949999999999998
1.2870000000000001
0.9569999999999994
0.6550000000000001
0.40300000000000025
0.19999999999999998
0.049000000000000016
-0.07
-0.15200000000000002
-0.207
-0.24800000000000008
-0.27799999999999997
-0.29799999999999993
-0.308
-0.31499999999999995
-0.30900000000000005
-0.30800000000000005
-0.29900000000000015
-0.27700000000000014
-0.2730000000000001
-0.28
-0.276
-0.26900000000000013
-0.25599999999999995
-0.233
-0.19700000000000004
-0.15200000000000005
-0.08700000000000012
-0.01100000000000017
0.09199999999999983
0.22699999999999984
0.384
0.5760000000000003
0.7880000000000001
1.0110000000000001
1.2209999999999994
1.4009999999999996
1.5350000000000001
1.6059999999999997
1.600999999999999
1.5099999999999993
1.3479999999999994
1.1349999999999998
0.8959999999999999
0.6659999999999999
0.455
0.2840000000000001
0.14200000000000007
0.03600000000000003
-0.050999999999999976
-0.11399999999999996
-0.16199999999999995
-0.19700000000000004
-0.2239999999999999
-0.24000000000000005
-0.249
-0.253
-0.25300000000000006
-0.252
-0.22900000000000004
-0.23200000000000004
-0.22200000000000006
-0.2240000000000001
-0.20900000000000002
-0.19100000000000003
-0.16300000000000003
-0.12300000000000005
-0.07600000000000011
-0.02000000000000009
0.058999999999999796
0.15700000000000006
0.2720000000000001
0.4140000000000001
0.5630000000000001
0.7329999999999999
0.9009999999999999
1.0579999999999996
1.1959999999999995
1.2930000000000004
1.341
1.3329999999999995
1.2679999999999996
1.1420000000000001
0.9900000000000002
0.8129999999999997
0.6400000000000002
0.4759999999999999
0.328
0.20100000000000004
0.10500000000000001
0.01899999999999999
-0.041000000000000064
-0.09200000000000005
-0.131
-0.16099999999999998
-0.17900000000000005
-0.19500000000000003
-0.20400000000000004
-0.215
-0.2120000000000001
