-0.194
-0.189
-0.182
-0.171
-0.155
-0.134
-0.106
-0.07
-0.025
0.03
0.096
0.173
0.262
0.36
0.465
0.574
0.68
0.778
0.863
0.923
0.961
0.97
0.949
0.897
0.82
0.722
0.613
0.499
0.389
0.287
0.196
0.117
0.05
-0.005
-0.05
-0.086
-0.114
-0.135
-0.151
-0.162
-0.169
-0.231
-0.23
-0.226
-0.218
-0.205
-0.186
-0.16
-0.125
-0.079
-0.021
0.05
0.136
0.238
0.354
0.48
0.614
0.745
0.864
0.973
1.055
1.106
1.123
1.102
1.04
0.942
0.817
0.677
0.534
0.398
0.275
0.168
0.079
0.006
-0.053
-0.099
-0.134
-0.161
-0.18
-0.193
-0.201
-0.206
-0.273
-0.277
-0.277
-0.273
-0.265
-0.25
-0.227
-0.195
-0.151
-0.092
-0.016
0.078
0.194
0.328
0.481
0.643
0.806
0.957
1.088
1.19
1.261
1.292
1.276
1.207
1.086
0.924
0.743
0.561
0.392
0.246
0.123
0.024
-0.055
-0.116
-0.161
-0.194
-0.218
-0.233
-0.242
-0.247
-0.248
-0.321
-0.329
-0.334
-0.337
-0.334
-0.325
-0.309
-0.282
-0.242
-0.186
-0.109
-0.008
0.119
0.274
0.455
0.651
0.848
1.029
1.181
1.302
1.392
1.446
1.451
1.389
1.251
1.044
0.807
0.572
0.364
0.19
0.052
-0.056
-0.137
-0.196
-0.238
-0.267
-0.285
-0.295
-0.299
-0.299
-0.295
-0.373
-0.387
-0.399
-0.409
-0.415
-0.415
-0.408
-0.389
-0.358
-0.309
-0.236
-0.134
0.002
0.176
0.386
0.617
0.846
1.044
1.201
1.321
1.415
1.488
1.535
1.532
1.416
1.171
0.858
0.555
0.299
0.097
-0.055
-0.166
-0.245
-0.299
-0.333
-0.354
-0.364
-0.366
-0.363
-0.356
-0.346
-0.429
-0.451
-0.472
-0.491
-0.507
-0.519
-0.524
-0.519
-0.502
-0.465
-0.404
-0.31
-0.172
0.015
0.249
0.5
0.715
0.864
0.979
1.077
1.114
1.065
1.082
1.32
1.479
1.287
0.889
0.495
0.183
-0.044
-0.203
-0.311
-0.381
-0.424
-0.447
-0.457
-0.456
-0.449
-0.436
-0.421
-0.403
-0.49
-0.521
-0.551
-0.582
-0.611
-0.638
-0.659
-0.674
-0.677
-0.663
-0.625
-0.551
-0.428
-0.244
-0.011
0.178
0.136
-0.145
-0.21
0.04
-0.072
-1.089
-2.027
-0.842
0.896
1.25
0.82
0.331
-0.027
-0.263
-0.413
-0.504
-0.555
-0.578
-0.584
-0.576
-0.561
-0.541
-0.517
-0.491
-0.465
-0.555
-0.595
-0.637
-0.681
-0.726
-0.77
-0.814
-0.853
-0.886
-0.904
-0.907
-0.875
-0.795
-0.655
-0.502
-0.672
-2.117
-5.081
-5.814
-3.346
-2.937
-8.103
-15.855
-11.175
-2.1
0.609
0.46
-0.038
-0.387
-0.592
-0.704
-0.757
-0.774
-0.767
-0.746
-0.716
-0.682
-0.645
-0.607
-0.57
-0.533
-0.623
-0.674
-0.729
-0.788
-0.851
-0.917
-0.987
-1.057
-1.127
-1.192
-1.244
-1.277
-1.272
-1.213
-1.18
-1.925
-6.762
-19.784
-22.676
-10.031
-5.712
-15.194
-38.145
-26.786
-4.776
-0.037
-0.105
-0.586
-0.876
-1.011
-1.057
-1.053
-1.023
-0.977
-0.924
-0.867
-0.81
-0.754
-0.701
-0.65
-0.603
-0.693
-0.756
-0.825
-0.901
-0.984
-1.075
-1.174
-1.281
-1.396
-1.517
-1.642
-1.762
-1.87
-1.943
-2.027
-2.877
-9.239
-32.914
-38.121
-13.93
-6.867
-12.77
-34.029
-31.155
-8.351
-1.991
-1.332
-1.455
-1.541
-1.532
-1.474
-1.392
-1.299
-1.205
-1.113
-1.026
-0.944
-0.867
-0.797
-0.732
-0.672
-0.765
-0.84
-0.924
-1.018
-1.123
-1.241
-1.373
-1.52
-1.687
-1.874
-2.083
-2.315
-2.568
-2.832
-3.124
-3.949
-8.847
-28.156
-39.352
-21.023
-13.892
-19.106
-35.042
-33.317
-14.067
-5.459
-3.259
-2.669
-2.386
-2.161
-1.96
-1.775
-1.608
-1.456
-1.32
-1.197
-1.087
-0.987
-0.898
-0.818
-0.745
-0.835
-0.923
-1.023
-1.135
-1.263
-1.41
-1.576
-1.768
-1.988
-2.246
-2.547
-2.905
-3.329
-3.846
-4.544
-6.044
-11.19
-24.956
-34.71
-27.288
-21.719
-22.754
-26.252
-22.953
-13.873
-7.775
-5.121
-3.949
-3.288
-2.83
-2.473
-2.178
-1.93
-1.716
-1.533
-1.373
-1.233
-1.109
-0.999
-0.902
-0.818
-0.905
-1.005
-1.12
-1.251
-1.402
-1.577
-1.779
-2.013
-2.291
-2.619
-3.013
-3.491
-4.083
-4.841
-5.918
-7.827
-11.874
-18.818
-24.235
-24.15
-22.459
-21.507
-20.315
-17.148
-12.607
-8.833
-6.466
-5.05
-4.131
-3.475
-2.976
-2.579
-2.251
-1.977
-1.746
-1.548
-1.376
-1.229
-1.1
-0.988
-0.889
-0.97
-1.083
-1.213
-1.363
-1.535
-1.737
-1.974
-2.251
-2.582
-2.977
-3.453
-4.037
-4.765
-5.713
-6.989
-8.874
-11.746
-15.485
-18.734
-20.249
-20.297
-19.394
-17.614
-15.012
-12.049
-9.396
-7.367
-5.909
-4.849
-4.057
-3.442
-2.952
-2.555
-2.226
-1.949
-1.714
-1.515
-1.343
-1.195
-1.067
-0.956
-1.03
-1.154
-1.298
-1.465
-1.66
-1.886
-2.155
-2.472
-2.848
-3.301
-3.848
-4.512
-5.339
-6.38
-7.705
-9.422
-11.602
-14.035
-16.239
-17.645
-18.03
-17.439
-16.004
-14.023
-11.818
-9.716
-7.946
-6.53
-5.421
-4.55
-3.851
-3.292
-2.833
-2.453
-2.135
-1.868
-1.642
-1.449
-1.284
-1.142
-1.019
-1.084
-1.218
-1.375
-1.556
-1.769
-2.019
-2.315
-2.665
-3.081
-3.58
-4.183
-4.907
-5.788
-6.851
-8.153
-9.693
-11.442
-13.277
-14.892
-16.004
-16.373
-15.985
-14.927
-13.383
-11.635
-9.888
-8.306
-6.968
-5.858
-4.94
-4.194
-3.581
-3.076
-2.654
-2.302
-2.006
-1.756
-1.545
-1.363
-1.208
-1.075
-1.129
-1.272
-1.439
-1.635
-1.864
-2.132
-2.45
-2.828
-3.279
-3.817
-4.454
-5.213
-6.119
-7.185
-8.423
-9.81
-11.304
-12.773
-14.029
-14.895
-15.207
-14.943
-14.125
-12.905
-11.451
-9.952
-8.532
-7.266
-6.169
-5.243
-4.465
-3.816
-3.276
-2.823
-2.443
-2.123
-1.854
-1.625
-1.431
-1.265
-1.123
-1.166
-1.317
-1.493
-1.697
-1.94
-2.224
-2.561
-2.959
-3.434
-3.995
-4.657
-5.438
-6.354
-7.403
-8.578
-9.855
-11.169
-12.417
-13.459
-14.174
-14.434
-14.211
-13.54
-12.528
-11.286
-9.957
-8.659
-7.454
-6.389
-5.461
-4.667
-3.997
-3.432
-2.956
-2.555
-2.218
-1.932
-1.69
-1.486
-1.311
-1.161
-1.193
-1.349
-1.531
-1.744
-1.994
-2.29
-2.639
-3.053
-3.543
-4.12
-4.798
-5.594
-6.507
-7.54
-8.674
-9.869
-11.067
-12.186
-13.091
-13.711
-13.925
-13.739
-13.141
-12.245
-11.141
-9.931
-8.719
-7.569
-6.528
-5.607
-4.807
-4.124
-3.542
-3.049
-2.635
-2.286
-1.99
-1.739
-1.526
-1.345
-1.19
-1.209
-1.367
-1.554
-1.772
-2.028
-2.33
-2.687
-3.109
-3.606
-4.194
-4.883
-5.682
-6.595
-7.616
-8.72
-9.865
-11.006
-12.047
-12.889
-13.434
-13.629
-13.438
-12.909
-12.071
-11.039
-9.897
-8.741
-7.632
-6.608
-5.689
-4.89
-4.199
-3.609
-3.108
-2.685
-2.328
-2.025
-1.769
-1.552
-1.366
-1.208
-1.213
-1.374
-1.561
-1.78
-2.04
-2.344
-2.703
-3.127
-3.627
-4.215
-4.914
-5.716
-6.63
-7.659
-8.747
-9.882
-10.984
-11.996
-12.831
-13.348
-13.515
-13.348
-12.831
-11.996
-10.984
-9.882
-8.747
-7.659
-6.63
-5.717
-4.916
-4.215
-3.627
-3.127
-2.703
-2.344
-2.04
-1.781
-1.561
-1.373
-1.213
-1.209
-1.367
-1.554
-1.772
-2.028
-2.33
-2.687
-3.109
-3.606
-4.194
-4.883
-5.682
-6.595
-7.616
-8.72
-9.865
-11.006
-12.047
-12.889
-13.434
-13.629
-13.438
-12.909
-12.071
-11.039
-9.897
-8.741
-7.632
-6.608
-5.689
-4.89
-4.199
-3.609
-3.108
-2.685
-2.328
-2.025
-1.769
-1.552
-1.366
-1.208
-1.193
-1.349
-1.531
-1.744
-1.994
-2.29
-2.639
-3.053
-3.543
-4.12
-4.798
-5.594
-6.507
-7.54
-8.674
-9.869
-11.067
-12.186
-13.091
-13.711
-13.925
-13.739
-13.141
-12.245
-11.141
-9.931
-8.719
-7.569
-6.528
-5.607
-4.807
-4.124
-3.542
-3.049
-2.635
-2.286
-1.99
-1.739
-1.526
-1.345
-1.19
-1.166
-1.317
-1.493
-1.697
-1.94
-2.224
-2.561
-2.959
-3.434
-3.995
-4.657
-5.438
-6.354
-7.403
-8.578
-9.855
-11.169
-12.417
-13.459
-14.174
-14.434
-14.211
-13.54
-12.528
-11.286
-9.957
-8.659
-7.454
-6.389
-5.461
-4.667
-3.997
-3.432
-2.956
-2.555
-2.218
-1.932
-1.69
-1.486
-1.311
-1.161
-1.129
-1.272
-1.439
-1.635
-1.864
-2.132
-2.45
-2.828
-3.279
-3.817
-4.454
-5.213
-6.119
-7.185
-8.423
-9.81
-11.304
-12.773
-14.029
-14.895
-15.207
-14.943
-14.125
-12.905
-11.451
-9.952
-8.532
-7.266
-6.169
-5.243
-4.465
-3.816
-3.276
-2.823
-2.443
-2.123
-1.854
-1.625
-1.431
-1.265
-1.123
-1.084
-1.218
-1.375
-1.556
-1.769
-2.019
-2.315
-2.665
-3.081
-3.58
-4.183
-4.907
-5.788
-6.851
-8.153
-9.693
-11.442
-13.277
-14.892
-16.004
-16.373
-15.985
-14.927
-13.383
-11.635
-9.888
-8.306
-6.968
-5.858
-4.94
-4.194
-3.581
-3.076
-2.654
-2.302
-2.006
-1.756
-1.545
-1.363
-1.208
-1.075
-1.03
-1.154
-1.298
-1.465
-1.66
-1.886
-2.155
-2.472
-2.848
-3.301
-3.848
-4.512
-5.339
-6.38
-7.705
-9.422
-11.602
-14.035
-16.239
-17.645
-18.03
-17.439
-16.004
-14.023
-11.818
-9.716
-7.946
-6.53
-5.421
-4.55
-3.851
-3.292
-2.833
-2.453
-2.135
-1.868
-1.642
-1.449
-1.284
-1.142
-1.019
-0.97
-1.083
-1.213
-1.363
-1.535
-1.737
-1.974
-2.251
-2.582
-2.977
-3.453
-4.037
-4.765
-5.713
-6.989
-8.874
-11.746
-15.485
-18.734
-20.249
-20.297
-19.394
-17.614
-15.012
-12.049
-9.396
-7.367
-5.909
-4.849
-4.057
-3.442
-2.952
-2.555
-2.226
-1.949
-1.714
-1.515
-1.343
-1.195
-1.067
-0.956
-0.905
-1.005
-1.12
-1.251
-1.402
-1.577
-1.779
-2.013
-2.291
-2.619
-3.013
-3.491
-4.083
-4.841
-5.918
-7.827
-11.874
-18.818
-24.235
-24.15
-22.459
-21.507
-20.315
-17.148
-12.607
-8.833
-6.466
-5.05
-4.131
-3.475
-2.976
-2.579
-2.251
-1.977
-1.746
-1.548
-1.376
-1.229
-1.1
-0.988
-0.889
-0.835
-0.923
-1.023
-1.135
-1.263
-1.41
-1.576
-1.768
-1.988
-2.246
-2.547
-2.905
-3.329
-3.846
-4.544
-6.044
-11.19
-24.956
-34.71
-27.288
-21.719
-22.754
-26.252
-22.953
-13.873
-7.775
-5.121
-3.949
-3.288
-2.83
-2.473
-2.178
-1.93
-1.716
-1.533
-1.373
-1.233
-1.109
-0.999
-0.902
-0.818
-0.765
-0.84
-0.924
-1.018
-1.123
-1.241
-1.373
-1.52
-1.687
-1.874
-2.083
-2.315
-2.568
-2.832
-3.124
-3.949
-8.847
-28.156
-39.352
-21.023
-13.892
-19.106
-35.042
-33.317
-14.067
-5.459
-3.259
-2.669
-2.386
-2.161
-1.96
-1.775
-1.608
-1.456
-1.32
-1.197
-1.087
-0.987
-0.898
-0.818
-0.745
-0.693
-0.756
-0.825
-0.901
-0.984
-1.075
-1.174
-1.281
-1.396
-1.517
-1.642
-1.762
-1.87
-1.943
-2.027
-2.877
-9.239
-32.914
-38.121
-13.93
-6.867
-12.77
-34.029
-31.155
-8.351
-1.991
-1.332
-1.455
-1.541
-1.532
-1.474
-1.392
-1.299
-1.205
-1.113
-1.026
-0.944
-0.867
-0.797
-0.732
-0.672
-0.623
-0.674
-0.729
-0.788
-0.851
-0.917
-0.987
-1.057
-1.127
-1.192
-1.244
-1.277
-1.272
-1.213
-1.18
-1.925
-6.762
-19.784
-22.676
-10.031
-5.712
-15.194
-38.145
-26.786
-4.776
-0.037
-0.105
-0.586
-0.876
-1.011
-1.057
-1.053
-1.023
-0.977
-0.924
-0.867
-0.81
-0.754
-0.701
-0.65
-0.603
-0.555
-0.595
-0.637
-0.681
-0.726
-0.77
-0.814
-0.853
-0.886
-0.904
-0.907
-0.875
-0.795
-0.655
-0.502
-0.672
-2.117
-5.081
-5.814
-3.346
-2.937
-8.103
-15.855
-11.175
-2.1
0.609
0.46
-0.038
-0.387
-0.592
-0.704
-0.757
-0.774
-0.767
-0.746
-0.716
-0.682
-0.645
-0.607
-0.57
-0.533
-0.49
-0.521
-0.551
-0.582
-0.611
-0.638
-0.659
-0.674
-0.677
-0.663
-0.625
-0.551
-0.428
-0.244
-0.011
0.178
0.136
-0.145
-0.21
0.04
-0.072
-1.089
-2.027
-0.842
0.896
1.25
0.82
0.331
-0.027
-0.263
-0.413
-0.504
-0.555
-0.578
-0.584
-0.576
-0.561
-0.541
-0.517
-0.491
-0.465
-0.429
-0.451
-0.472
-0.491
-0.507
-0.519
-0.524
-0.519
-0.502
-0.465
-0.404
-0.31
-0.172
0.015
0.249
0.5
0.715
0.864
0.979
1.077
1.114
1.065
1.082
1.32
1.479
1.287
0.889
0.495
0.183
-0.044
-0.203
-0.311
-0.381
-0.424
-0.447
-0.457
-0.456
-0.449
-0.436
-0.421
-0.403
-0.373
-0.387
-0.399
-0.409
-0.415
-0.415
-0.408
-0.389
-0.358
-0.309
-0.236
-0.134
0.002
0.176
0.386
0.617
0.846
1.044
1.201
1.321
1.415
1.488
1.535
1.532
1.416
1.171
0.858
0.555
0.299
0.097
-0.055
-0.166
-0.245
-0.299
-0.333
-0.354
-0.364
-0.366
-0.363
-0.356
-0.346
-0.321
-0.329
-0.334
-0.337
-0.334
-0.325
-0.309
-0.282
-0.242
-0.186
-0.109
-0.008
0.119
0.274
0.455
0.651
0.848
1.029
1.181
1.302
1.392
1.446
1.451
1.389
1.251
1.044
0.807
0.572
0.364
0.19
0.052
-0.056
-0.137
-0.196
-0.238
-0.267
-0.285
-0.295
-0.299
-0.299
-0.295
-0.273
-0.277
-0.277
-0.273
-0.265
-0.25
-0.227
-0.195
-0.151
-0.092
-0.016
0.078
0.194
0.328
0.481
0.643
0.806
0.957
1.088
1.19
1.261
1.292
1.276
1.207
1.086
0.924
0.743
0.561
0.392
0.246
0.123
0.024
-0.055
-0.116
-0.161
-0.194
-0.218
-0.233
-0.242
-0.247
-0.248
-0.231
-0.23
-0.226
-0.218
-0.205
-0.186
-0.16
-0.125
-0.079
-0.021
0.05
0.136
0.238
0.354
0.48
0.614
0.745
0.864
0.973
1.055
1.106
1.123
1.102
1.04
0.942
0.817
0.677
0.534
0.398
0.275
0.168
0.079
0.006
-0.053
-0.099
-0.134
-0.161
-0.18
-0.193
-0.201
-0.206
-0.194
-0.189
-0.182
-0.171
-0.155
-0.134
-0.106
-0.07
-0.025
0.03
0.096
0.173
0.262
0.36
0.465
0.574
0.68
0.778
0.863
0.923
0.961
0.97
0.949
0.897
0.82
0.722
0.613
0.499
0.389
0.287
0.196
0.117
0.05
-0.005
-0.05
-0.086
-0.114
-0.135
-0.151
-0.162
-0.169
