-0.021265081875318295
-0.030631902979980637
-0.04234556886175486
-0.05704119929161161
-0.07560784736717482
-0.09892288793956577
-0.1290042858098859
-0.167024499847323
-0.2152378232650074
-0.2774889464552059
-0.3570594669681291
-0.45560159866219646
-0.5773357162593775
-0.7240587099079427
-0.89752662516556
-1.0908093864749646
-1.291270619952521
-1.4857733930214936
-1.6561352578574826
-1.7860137347537977
-1.8598624863293505
-1.8655668576702913
-1.8082641074195505
-1.682685047864561
-1.507856990176487
-1.303819294112315
-1.0942607130887538
-0.8967544814348504
-0.7237798237450158
-0.5781665415735701
-0.458028859786234
-0.3610016089244952
-0.2835743100970523
-0.221703739956183
-0.17366562925285636
-0.13540016313860187
-0.10513523537567143
-0.08112853549865424
-0.06169433397389839
-0.046618268436118944
-0.03426435658032957
-0.010179850097019149
-0.017753991663740372
-0.027872320691411212
-0.040757373594251155
-0.057429173569323276
-0.07797795107849323
-0.10635760832553522
-0.14250719950294746
-0.18964000634828973
-0.2526461015505455
-0.3362290189256384
-0.44265797528113265
-0.5818413566938395
-0.7556620012511872
-0.9702628782014878
-1.2176428282922835
-1.4825781588999383
-1.744365453833094
-1.9725916904080922
-2.1539917835639972
-2.265203494369228
-2.284451838872926
-2.21830941594274
-2.0511649371337395
-1.8059019272913557
-1.5231970437419664
-1.2400373851805313
-0.9842572659651683
-0.769605802754356
-0.5948598370232413
-0.45686930374482004
-0.35092330110867886
-0.269051567347605
-0.20601239444334715
-0.15670013634234964
-0.11836024648288444
-0.08939948666985059
-0.06638182354078169
-0.04816777686578886
-0.034116846172166704
-0.023216293726970736
0.0024987126535844046
-0.003198198878238677
-0.011036203627039828
-0.02133077604406597
-0.0349881896008429
-0.05288582550025623
-0.07720658316521975
-0.11020150132720632
-0.1535267158345844
-0.21405500968840072
-0.29719967089143556
-0.40930883110878785
-0.5619946806597576
-0.7673326112483315
-1.0301600540758955
-1.3499549761614746
-1.7066356579159165
-2.058463520239956
-2.3695490008743754
-2.610704424863787
-2.77883769188395
-2.8400325154665547
-2.772256364018656
-2.5523009466331357
-2.1979822751032385
-1.792274583127571
-1.398944216452197
-1.0639653678547845
-0.797987809190228
-0.5949086957718877
-0.4403187281949579
-0.32730988209511
-0.2432705583189038
-0.18042489580413645
-0.13262941965741204
-0.09672048078912193
-0.06964951320386194
-0.04912900661366632
-0.03261656371710152
-0.020252414593853123
-0.010520708410104178
0.016606037987372035
0.013193756729353577
0.0078112047783349195
0.0006425697316688477
-0.009553569468844248
-0.023567884466685597
-0.041917083290479884
-0.0683682227993862
-0.10513670882194458
-0.15823513117372343
-0.2350576430432792
-0.3465354821801196
-0.5069440125079471
-0.7407297576567506
-1.0622577569566007
-1.4804076568590763
-1.968491639425258
-2.4551485386591136
-2.851388727143058
-3.1559520496573708
-3.3993117371540658
-3.562803094196813
-3.5520617151918357
-3.2594007080045966
-2.718121305404065
-2.1049477105039602
-1.5496926392139339
-1.1147921113621633
-0.7933765728447062
-0.5644656705428764
-0.40197225508766554
-0.2867165841233708
-0.2046254265827434
-0.1453720751750417
-0.10225654228877896
-0.07049261391071406
-0.045927381400824946
-0.02832069714204905
-0.015069332385882263
-0.00451979537704297
0.002363525506083397
0.03158799481496219
0.03008405612818049
0.027704556078465142
0.02449862977113923
0.01910269696171362
0.0108763004801723
-0.00039096211028196283
-0.017815986101352693
-0.04454931845590286
-0.08447278285840859
-0.14609563303446152
-0.24282939310177606
-0.399326243336765
-0.6472740740841895
-1.0328245745615554
-1.5889918098024223
-2.2899127797626044
-2.974687407170958
-3.4315944797701494
-3.6974762877077767
-4.013651155230204
-4.469848137421597
-4.720174757855065
-4.337798459924794
-3.4263327202230816
-2.428431425696688
-1.6370025430289157
-1.088019351971069
-0.7261487036023084
-0.48801996317858937
-0.33159766041858935
-0.2247937022549374
-0.15179498577150632
-0.10110900714269719
-0.06450080270024831
-0.03812047316126888
-0.019587995668456266
-0.0056490005379700075
0.0048222891373096875
0.012323790800632962
0.01725687186431213
0.04670601836211507
0.04817639527231613
0.04861688879775592
0.04971509879944099
0.048998189850710465
0.04793166733724408
0.04430498301509165
0.038297733897664915
0.027350337714271873
0.007307305468810687
-0.027984938324076784
-0.09418393214786636
-0.2168631771260515
-0.44595239960553235
-0.8720704163781494
-1.6149886393229327
-2.694940746963012
-3.7518391323621154
-4.142778538128871
-3.9037204212861147
-4.120074202020214
-5.40659595441791
-6.626547458828639
-6.109654501827294
-4.275829217620743
-2.577114185942617
-1.5049708901458856
-0.901440282118767
-0.5562882120201975
-0.3514151941971624
-0.22387404782344142
-0.14025239852031432
-0.0846803208747665
-0.04747588442141501
-0.021646442327232288
-0.0025688355628563594
0.010255394382081163
0.019902879735514946
0.02623827375843077
0.03021612697850526
0.03271020769089962
0.06194903073700503
0.06600229642949589
0.07035932796157442
0.07556462915184123
0.08144988306494133
0.08777202936083109
0.09393484098103184
0.10084329338314864
0.10804825594778135
0.11425330699768868
0.11606620883485258
0.1054541621718945
0.061304547527497075
-0.06920514994288761
-0.42331953192722244
-1.3149554303424298
-3.10403548195225
-5.217632057981785
-5.212084575891493
-2.829657720119916
-2.0941667337179783
-5.658750002502939
-10.062001907030169
-9.005477337069587
-4.608225843934985
-1.873213195932689
-0.8137206011246827
-0.4298378990624986
-0.25112374968712076
-0.14716316150686024
-0.0807343474161646
-0.036974964162555204
-0.007570107483088175
0.013247842312929529
0.026616884225580444
0.03642910093341117
0.042275701783559834
0.04625180708098013
0.048441229617301344
0.049054816149565424
0.04912676086993581
0.07775727687208069
0.0844674262677326
0.09237486810524585
0.1020014748435253
0.11275002182788896
0.1271605799561249
0.14342918834575596
0.16468636389720487
0.19188703484897776
0.22873912200274932
0.2741777977736249
0.3414260621279262
0.43090721553800104
0.5356103303556798
0.5446306375238894
-0.06996870780283763
-2.8462723298249486
-8.138079306354674
-7.654435816352277
1.459382637140126
5.86350820104086
-3.531522657522378
-15.815031012207923
-11.613257330795165
-1.5287764204724439
1.103712637781311
0.8643405770669352
0.43026853077734367
0.2127669833337125
0.12796717580916656
0.09893115720232074
0.08829888786515074
0.08424774569516469
0.08320393972052358
0.08145485086024631
0.07959899004739295
0.07825183797000798
0.07506025153686666
0.07257597558002514
0.0694006631977957
0.06661770322439424
0.09144941619114343
0.10035201073423652
0.11194387917020412
0.12557121120675124
0.14178509704813375
0.16289858512126748
0.1884873412551064
0.22290696020852477
0.26914821261851474
0.3342423904649515
0.42969629466862563
0.5810513069039981
0.8401479534163298
1.319831042754151
2.160472606240531
2.9858906266370493
0.25904050830605757
-13.186998754976216
-14.187016592063872
2.492115594499904
23.22579482524778
12.056671686361799
-31.26163677665193
-20.12673331982537
2.830465707794953
5.045972435305882
2.79409833337276
1.3042018498735786
0.6524722643174881
0.3826821630558714
0.26288691979237166
0.201895438902876
0.16701704393690442
0.14549255591684432
0.13047798870778635
0.1194634673608515
0.11022551260720387
0.1018592062006173
0.09483461029624075
0.08820384031335535
0.0824384202912226
0.10521809507219171
0.1169238289436663
0.13111845205867798
0.14824195381596314
0.16945504945185988
0.19647930356091617
0.23005960817825896
0.27560117599030254
0.33698901313203666
0.42366940037785905
0.5533964490038666
0.7658305101565676
1.1562885625900274
1.973463847594763
3.743617291912883
6.672888809153202
5.092245193439687
-25.391175444668836
-36.79831102607695
22.615898253407195
35.99848848061352
23.824701836613308
-23.196618267092514
-32.692212176585045
-0.49220817893214963
5.613934322537976
3.4747968315995523
1.6831395208964843
0.8992050888972418
0.5472883255906668
0.3773005359833825
0.28508028667928437
0.229467497676484
0.1941605003973253
0.168704086391196
0.15025338669261795
0.13461005209188012
0.1225592587752888
0.11142202315189167
0.10219990970717764
0.09371864767071977
0.12351318905474867
0.13769623539764259
0.15502628724674983
0.17612336004887894
0.2015130001400594
0.23374016730359723
0.2748086920390912
0.3286275321135022
0.4007618509554011
0.49948773447136796
0.6444443860771564
0.8737283557928879
1.2811879846331942
2.1202186813070694
3.9065430332572686
6.655382364604675
3.319392014642212
-26.904214899829864
-30.351817913400293
13.300123435223952
29.479652728092287
16.380092573536892
-15.347305146021121
-15.70633051332199
-1.7072256863714492
3.1266081144335582
2.5950071867876483
1.5857016540962523
0.9743807802672269
0.6476889565949737
0.4672106087853571
0.3593959141387021
0.29061383712751
0.24401871824573837
0.20953714351614633
0.1837023126417898
0.16293592429955306
0.14575504023347466
0.13123731956598775
0.11886483248098992
0.10879746004691766
0.13493928864078134
0.15059863468919962
0.16996701624523092
0.1938782325129197
0.22212885060011156
0.25765849710797006
0.30213739054266703
0.3585252673416454
0.4317605286281877
0.5290998884087182
0.661439717067903
0.8518169349430172
1.15020925943403
1.6584340840261282
2.499080857890661
3.085396760222981
-0.5148390885065877
-12.678793866056045
-12.597486537438392
4.573767029398948
13.78840858853477
7.7529045157402185
-4.415023968238262
-6.180717656985923
-1.3308613037317893
1.296563827500865
1.5899481624740455
1.2460683338205631
0.9062149600136635
0.6684295251803727
0.5117325837732732
0.407340757738798
0.3347723239558827
0.282855441254072
0.24343937165570745
0.21206541278155167
0.18751997370155077
0.16674286393636284
0.14959622572939785
0.13429944687343215
0.12191128606200922
0.14513879302315413
0.16288198077234917
0.18287618911064413
0.20251461195931897
0.23185029593354067
0.26743163791763586
0.3114201980877419
0.3662253888040037
0.4333477812736034
0.5179546280521101
0.6228761267890682
0.7509070052949932
0.8999308341312029
1.0472976528026912
1.0646971725270389
0.4199868203527921
-2.1006122313593685
-6.279018117112203
-6.075291169509592
-0.009795425398780375
3.7466962665297907
2.2247785733421646
-1.3691014653673137
-2.3136995126301905
-0.7574484649108011
0.5665382409375099
0.9992410213016346
0.9663269821841559
0.8105351209789607
0.6567940313116423
0.5326110745735111
0.4393662686524266
0.3694297892200172
0.31586233665271884
0.2735709437545009
0.23861994471387557
0.21055978224625202
0.18703910170442342
0.1679265026821618
0.1502714579591343
0.13591714239055527
0.1502478143376298
0.1687573345599218
0.18980769818832932
0.21449896474469976
0.24393731798223353
0.2801553623774908
0.32262860321310743
0.3747221402765262
0.4362362001140191
0.5071968263315219
0.585947540334932
0.6642926100831983
0.7178648719354176
0.685573670944013
0.43348781158938293
-0.2844604366008993
-1.6615483023535107
-3.090812638507676
-2.8823635768431157
-0.9983027684527377
0.42323301009908204
0.35563314286778386
-0.4017997407189309
-0.6124985650383963
-0.10165888076345776
0.4721355168158512
0.7511038036019001
0.7878225675246543
0.7170108340703972
0.6194131256927
0.5280429464963254
0.44953622953426
0.3867143413774564
0.3353529587206507
0.29271519626265546
0.2570167306082631
0.22765778575928594
0.20243445013211303
0.1810137911931478
0.16232528587319994
0.1462990782142173
0.1575260052148113
0.176420310639394
0.19811416345125826
0.22366714785888148
0.2532365649886134
0.28795857565437766
0.3292116223365832
0.3754162224551076
0.4290921635946164
0.4889804158748833
0.5478505574150491
0.5953502017380307
0.6055350722631453
0.5304275664461943
0.29844047667583823
-0.16324125248447574
-0.8189766750445076
-1.3459398258976387
-1.3027025685176508
-0.7334698402654626
-0.17516528087245486
0.02827593154568167
0.017423253264982078
0.081804946320184
0.3000986911661947
0.5315897879469385
0.6627106351282893
0.6865861928431118
0.6464912237596043
0.581461019254895
0.5137255321922839
0.45070171262152975
0.3952041741729522
0.3477004394241755
0.3065993709075989
0.2705680423119578
0.2410840888202555
0.21489077487838815
0.19177253186273646
0.17257770190395028
0.15524138708197957
0.1643156805664119
0.18329752979127273
0.2051656704260192
0.2300750883327573
0.2590759601459561
0.2933509928366507
0.3312188395517912
0.3749055239847344
0.42178491355722425
0.47127552717340276
0.5167100406362819
0.5491316813882366
0.5492586267187388
0.49017834999774135
0.34156629890851803
0.09282039787897617
-0.21453900829639658
-0.4443993448803157
-0.46790409554391516
-0.29473891562236854
-0.064145414252788
0.11040461773349593
0.22766146334589352
0.3385974537036844
0.46014820509043397
0.5614277751439944
0.6184447147127955
0.6244605519692874
0.5963972684096411
0.5502837543595148
0.49796701494453094
0.44601697372400984
0.3984749061989178
0.3542686656786747
0.3151355882078707
0.2808117480650376
0.25100751958283957
0.22453136112500194
0.20120170039282353
0.17994730068430947
0.1626062922713976
0.16958617419819227
0.18835378730830374
0.21009936035651747
0.23488530839948374
0.2628005173634478
0.29498937680595155
0.3315997889651198
0.37083899913796087
0.4119208541556365
0.45498525857242
0.49315419798329413
0.5203681684580875
0.5242822348183855
0.4913314739461231
0.4108074186423062
0.2851612629018421
0.1362996609525446
0.02324196813095062
-0.009979813675518054
0.04185356053203312
0.14077657611095656
0.2480487179291999
0.34635097173687823
0.4313658198329054
0.5048397376900379
0.5581281727789683
0.5840927972487715
0.582887257751803
0.5608717166746376
0.5255286342430484
0.4843891593458206
0.4407953888123895
0.398886756699103
0.3587729090783604
0.3213255239732665
0.2884085603116457
0.257906242605607
0.23164556651877352
0.2075495526773697
0.18650573706554766
0.16846959602016917
0.1724441057021746
0.19175922949947724
0.21407297464955125
0.23843810348748412
0.26590768897479755
0.2965490322948273
0.3294712964943932
0.36578676643427854
0.40456500928768185
0.44193478982198675
0.47685763872792525
0.5032564933954701
0.5139478338571942
0.5036127473698322
0.4668977984195875
0.41019355004741515
0.3368706626580378
0.2801973322662505
0.2545293873773173
0.2664168545759338
0.30671562806192865
0.3620140691721392
0.41930883569161703
0.46417326708899603
0.5116897529438725
0.5452468361944766
0.5559967527229173
0.5532088735237833
0.5359264589995311
0.5073807524231085
0.4727881087092838
0.4353805321129763
0.3972775777941385
0.360537516115606
0.3251526596262174
0.29306461616056395
0.2632093798740519
0.23651082375751523
0.21291544899128959
0.19138358724655896
0.17286837533669522
0.17590474465389258
0.19459061065727162
0.21628419316522282
0.23999833119988798
0.26676508322290376
0.2966231725826268
0.3286152031118195
0.3627980289725996
0.3982160881919567
0.433891494614863
0.4658322274052142
0.4929898094081586
0.5112588397203847
0.5155105095216218
0.5055945282194468
0.4914812589393939
0.4515052562479204
0.42323802652214426
0.4055126863134016
0.40354455967093883
0.41766370286498833
0.43913374060815774
0.4670129790830898
0.4951849044658161
0.5202493336995011
0.5366194882526746
0.5416387311776182
0.5364419247331089
0.52004865839813
0.4955147079614801
0.46492863740822166
0.4313700037089654
0.39590128835606364
0.3605629153201284
0.32735921709440147
0.2952762498563367
0.26629334185777975
0.23938508915416548
0.2155299468062704
0.19469436986929028
0.17488753693853415
0.17709308335306176
0.196969066286739
0.2178783242677555
0.24179319297439736
0.26868944480316737
0.29765017377105907
0.3286394475615524
0.36168896615309626
0.39481458058878754
0.4290191301709229
0.461317362608984
0.48870094455558327
0.5101470645480688
0.5235955313908328
0.5270390757816549
0.5321691072510578
0.510473370193788
0.4954757135540181
0.48329423264651405
0.4769863020534638
0.4776346546260958
0.48433423398403275
0.4951317456598068
0.5100442848513799
0.5226422133935172
0.5320161097046605
0.5340269561984351
0.5270100413923668
0.5109676788498786
0.4888884482273649
0.45980013881389753
0.42770035495331477
0.394608399115484
0.3605356764027519
0.3275002363912401
0.2964777138984036
0.2674626063726799
0.24148039947519537
0.21749535024855915
0.1965180367522401
0.1765671642329792
0.17797581642859622
0.19797157593535164
0.21896666620496172
0.24296101055839464
0.26895483373422874
0.29794837297495513
0.32894217363126393
0.36093740984091993
0.39493564023507954
0.4279392588398504
0.4596603666482543
0.48767620376116194
0.5100191256805058
0.5257086387490579
0.5331608411857098
0.5332568520695313
0.5263611723672497
0.5174620159210334
0.5075453998555661
0.49960182860500973
0.4976223385766557
0.4989148911490733
0.5055452718696591
0.5154614410029926
0.5253615211410634
0.5312564743698452
0.5311607434753248
0.5230803651786583
0.5090191795109072
0.485977137120264
0.45795186561377343
0.42658759569163823
0.3935852634726808
0.35993761917098227
0.3269424178731023
0.295948591200002
0.2679550266720381
0.24196114230329877
0.2179667805447582
0.195971706101405
0.17697590255046608
0.17709308335306176
0.196969066286739
0.2178783242677555
0.24179319297439736
0.26868944480316737
0.29765017377105907
0.3286394475615524
0.36168896615309626
0.39481458058878754
0.4290191301709229
0.461317362608984
0.48870094455558327
0.5101470645480688
0.5235955313908328
0.5270390757816549
0.5321691072510578
0.510473370193788
0.4954757135540181
0.48329423264651405
0.4769863020534638
0.4776346546260958
0.48433423398403275
0.4951317456598068
0.5100442848513799
0.5226422133935172
0.5320161097046605
0.5340269561984351
0.5270100413923668
0.5109676788498786
0.4888884482273649
0.45980013881389753
0.42770035495331477
0.394608399115484
0.3605356764027519
0.3275002363912401
0.2964777138984036
0.2674626063726799
0.24148039947519537
0.21749535024855915
0.1965180367522401
0.1765671642329792
0.17590474465389258
0.19459061065727162
0.21628419316522282
0.23999833119988798
0.26676508322290376
0.2966231725826268
0.3286152031118195
0.3627980289725996
0.3982160881919567
0.433891494614863
0.4658322274052142
0.4929898094081586
0.5112588397203847
0.5155105095216218
0.5055945282194468
0.4914812589393939
0.4515052562479204
0.42323802652214426
0.4055126863134016
0.40354455967093883
0.41766370286498833
0.43913374060815774
0.4670129790830898
0.4951849044658161
0.5202493336995011
0.5366194882526746
0.5416387311776182
0.5364419247331089
0.52004865839813
0.4955147079614801
0.46492863740822166
0.4313700037089654
0.39590128835606364
0.3605629153201284
0.32735921709440147
0.2952762498563367
0.26629334185777975
0.23938508915416548
0.2155299468062704
0.19469436986929028
0.17488753693853415
0.1724441057021746
0.19175922949947724
0.21407297464955125
0.23843810348748412
0.26590768897479755
0.2965490322948273
0.3294712964943932
0.36578676643427854
0.40456500928768185
0.44193478982198675
0.47685763872792525
0.5032564933954701
0.5139478338571942
0.5036127473698322
0.4668977984195875
0.41019355004741515
0.3368706626580378
0.2801973322662505
0.2545293873773173
0.2664168545759338
0.30671562806192865
0.3620140691721392
0.41930883569161703
0.46417326708899603
0.5116897529438725
0.5452468361944766
0.5559967527229173
0.5532088735237833
0.5359264589995311
0.5073807524231085
0.4727881087092838
0.4353805321129763
0.3972775777941385
0.360537516115606
0.3251526596262174
0.29306461616056395
0.2632093798740519
0.23651082375751523
0.21291544899128959
0.19138358724655896
0.17286837533669522
0.16958617419819227
0.18835378730830374
0.21009936035651747
0.23488530839948374
0.2628005173634478
0.29498937680595155
0.3315997889651198
0.37083899913796087
0.4119208541556365
0.45498525857242
0.49315419798329413
0.5203681684580875
0.5242822348183855
0.4913314739461231
0.4108074186423062
0.2851612629018421
0.1362996609525446
0.02324196813095062
-0.009979813675518054
0.04185356053203312
0.14077657611095656
0.2480487179291999
0.34635097173687823
0.4313658198329054
0.5048397376900379
0.5581281727789683
0.5840927972487715
0.582887257751803
0.5608717166746376
0.5255286342430484
0.4843891593458206
0.4407953888123895
0.398886756699103
0.3587729090783604
0.3213255239732665
0.2884085603116457
0.257906242605607
0.23164556651877352
0.2075495526773697
0.18650573706554766
0.16846959602016917
0.1643156805664119
0.18329752979127273
0.2051656704260192
0.2300750883327573
0.2590759601459561
0.2933509928366507
0.3312188395517912
0.3749055239847344
0.42178491355722425
0.47127552717340276
0.5167100406362819
0.5491316813882366
0.5492586267187388
0.49017834999774135
0.34156629890851803
0.09282039787897617
-0.21453900829639658
-0.4443993448803157
-0.46790409554391516
-0.29473891562236854
-0.064145414252788
0.11040461773349593
0.22766146334589352
0.3385974537036844
0.46014820509043397
0.5614277751439944
0.6184447147127955
0.6244605519692874
0.5963972684096411
0.5502837543595148
0.49796701494453094
0.44601697372400984
0.3984749061989178
0.3542686656786747
0.3151355882078707
0.2808117480650376
0.25100751958283957
0.22453136112500194
0.20120170039282353
0.17994730068430947
0.1626062922713976
0.1575260052148113
0.176420310639394
0.19811416345125826
0.22366714785888148
0.2532365649886134
0.28795857565437766
0.3292116223365832
0.3754162224551076
0.4290921635946164
0.4889804158748833
0.5478505574150491
0.5953502017380307
0.6055350722631453
0.5304275664461943
0.29844047667583823
-0.16324125248447574
-0.8189766750445076
-1.3459398258976387
-1.3027025685176508
-0.7334698402654626
-0.17516528087245486
0.02827593154568167
0.017423253264982078
0.081804946320184
0.3000986911661947
0.5315897879469385
0.6627106351282893
0.6865861928431118
0.6464912237596043
0.581461019254895
0.5137255321922839
0.45070171262152975
0.3952041741729522
0.3477004394241755
0.3065993709075989
0.2705680423119578
0.2410840888202555
0.21489077487838815
0.19177253186273646
0.17257770190395028
0.15524138708197957
0.1502478143376298
0.1687573345599218
0.18980769818832932
0.21449896474469976
0.24393731798223353
0.2801553623774908
0.32262860321310743
0.3747221402765262
0.4362362001140191
0.5071968263315219
0.585947540334932
0.6642926100831983
0.7178648719354176
0.685573670944013
0.43348781158938293
-0.2844604366008993
-1.6615483023535107
-3.090812638507676
-2.8823635768431157
-0.9983027684527377
0.42323301009908204
0.35563314286778386
-0.4017997407189309
-0.6124985650383963
-0.10165888076345776
0.4721355168158512
0.7511038036019001
0.7878225675246543
0.7170108340703972
0.6194131256927
0.5280429464963254
0.44953622953426
0.3867143413774564
0.3353529587206507
0.29271519626265546
0.2570167306082631
0.22765778575928594
0.20243445013211303
0.1810137911931478
0.16232528587319994
0.1462990782142173
0.14513879302315413
0.16288198077234917
0.18287618911064413
0.20251461195931897
0.23185029593354067
0.26743163791763586
0.3114201980877419
0.3662253888040037
0.4333477812736034
0.5179546280521101
0.6228761267890682
0.7509070052949932
0.8999308341312029
1.0472976528026912
1.0646971725270389
0.4199868203527921
-2.1006122313593685
-6.279018117112203
-6.075291169509592
-0.009795425398780375
3.7466962665297907
2.2247785733421646
-1.3691014653673137
-2.3136995126301905
-0.7574484649108011
0.5665382409375099
0.9992410213016346
0.9663269821841559
0.8105351209789607
0.6567940313116423
0.5326110745735111
0.4393662686524266
0.3694297892200172
0.31586233665271884
0.2735709437545009
0.23861994471387557
0.21055978224625202
0.18703910170442342
0.1679265026821618
0.1502714579591343
0.13591714239055527
0.13493928864078134
0.15059863468919962
0.16996701624523092
0.1938782325129197
0.22212885060011156
0.25765849710797006
0.30213739054266703
0.3585252673416454
0.4317605286281877
0.5290998884087182
0.661439717067903
0.8518169349430172
1.15020925943403
1.6584340840261282
2.499080857890661
3.085396760222981
-0.5148390885065877
-12.678793866056045
-12.597486537438392
4.573767029398948
13.78840858853477
7.7529045157402185
-4.415023968238262
-6.180717656985923
-1.3308613037317893
1.296563827500865
1.5899481624740455
1.2460683338205631
0.9062149600136635
0.6684295251803727
0.5117325837732732
0.407340757738798
0.3347723239558827
0.282855441254072
0.24343937165570745
0.21206541278155167
0.18751997370155077
0.16674286393636284
0.14959622572939785
0.13429944687343215
0.12191128606200922
0.12351318905474867
0.13769623539764259
0.15502628724674983
0.17612336004887894
0.2015130001400594
0.23374016730359723
0.2748086920390912
0.3286275321135022
0.4007618509554011
0.49948773447136796
0.6444443860771564
0.8737283557928879
1.2811879846331942
2.1202186813070694
3.9065430332572686
6.655382364604675
3.319392014642212
-26.904214899829864
-30.351817913400293
13.300123435223952
29.479652728092287
16.380092573536892
-15.347305146021121
-15.70633051332199
-1.7072256863714492
3.1266081144335582
2.5950071867876483
1.5857016540962523
0.9743807802672269
0.6476889565949737
0.4672106087853571
0.3593959141387021
0.29061383712751
0.24401871824573837
0.20953714351614633
0.1837023126417898
0.16293592429955306
0.14575504023347466
0.13123731956598775
0.11886483248098992
0.10879746004691766
0.10521809507219171
0.1169238289436663
0.13111845205867798
0.14824195381596314
0.16945504945185988
0.19647930356091617
0.23005960817825896
0.27560117599030254
0.33698901313203666
0.42366940037785905
0.5533964490038666
0.7658305101565676
1.1562885625900274
1.973463847594763
3.743617291912883
6.672888809153202
5.092245193439687
-25.391175444668836
-36.79831102607695
22.615898253407195
35.99848848061352
23.824701836613308
-23.196618267092514
-32.692212176585045
-0.49220817893214963
5.613934322537976
3.4747968315995523
1.6831395208964843
0.8992050888972418
0.5472883255906668
0.3773005359833825
0.28508028667928437
0.229467497676484
0.1941605003973253
0.168704086391196
0.15025338669261795
0.13461005209188012
0.1225592587752888
0.11142202315189167
0.10219990970717764
0.09371864767071977
0.09144941619114343
0.10035201073423652
0.11194387917020412
0.12557121120675124
0.14178509704813375
0.16289858512126748
0.1884873412551064
0.22290696020852477
0.26914821261851474
0.3342423904649515
0.42969629466862563
0.5810513069039981
0.8401479534163298
1.319831042754151
2.160472606240531
2.9858906266370493
0.25904050830605757
-13.186998754976216
-14.187016592063872
2.492115594499904
23.22579482524778
12.056671686361799
-31.26163677665193
-20.12673331982537
2.830465707794953
5.045972435305882
2.79409833337276
1.3042018498735786
0.6524722643174881
0.3826821630558714
0.26288691979237166
0.201895438902876
0.16701704393690442
0.14549255591684432
0.13047798870778635
0.1194634673608515
0.11022551260720387
0.1018592062006173
0.09483461029624075
0.08820384031335535
0.0824384202912226
0.07775727687208069
0.0844674262677326
0.09237486810524585
0.1020014748435253
0.11275002182788896
0.1271605799561249
0.14342918834575596
0.16468636389720487
0.19188703484897776
0.22873912200274932
0.2741777977736249
0.3414260621279262
0.43090721553800104
0.5356103303556798
0.5446306375238894
-0.06996870780283763
-2.8462723298249486
-8.138079306354674
-7.654435816352277
1.459382637140126
5.86350820104086
-3.531522657522378
-15.815031012207923
-11.613257330795165
-1.5287764204724439
1.103712637781311
0.8643405770669352
0.43026853077734367
0.2127669833337125
0.12796717580916656
0.09893115720232074
0.08829888786515074
0.08424774569516469
0.08320393972052358
0.08145485086024631
0.07959899004739295
0.07825183797000798
0.07506025153686666
0.07257597558002514
0.0694006631977957
0.06661770322439424
0.06194903073700503
0.06600229642949589
0.07035932796157442
0.07556462915184123
0.08144988306494133
0.08777202936083109
0.09393484098103184
0.10084329338314864
0.10804825594778135
0.11425330699768868
0.11606620883485258
0.1054541621718945
0.061304547527497075
-0.06920514994288761
-0.42331953192722244
-1.3149554303424298
-3.10403548195225
-5.217632057981785
-5.212084575891493
-2.829657720119916
-2.0941667337179783
-5.658750002502939
-10.062001907030169
-9.005477337069587
-4.608225843934985
-1.873213195932689
-0.8137206011246827
-0.4298378990624986
-0.25112374968712076
-0.14716316150686024
-0.0807343474161646
-0.036974964162555204
-0.007570107483088175
0.013247842312929529
0.026616884225580444
0.03642910093341117
0.042275701783559834
0.04625180708098013
0.048441229617301344
0.049054816149565424
0.04912676086993581
0.04670601836211507
0.04817639527231613
0.04861688879775592
0.04971509879944099
0.048998189850710465
0.04793166733724408
0.04430498301509165
0.038297733897664915
0.027350337714271873
0.007307305468810687
-0.027984938324076784
-0.09418393214786636
-0.2168631771260515
-0.44595239960553235
-0.8720704163781494
-1.6149886393229327
-2.694940746963012
-3.7518391323621154
-4.142778538128871
-3.9037204212861147
-4.120074202020214
-5.40659595441791
-6.626547458828639
-6.109654501827294
-4.275829217620743
-2.577114185942617
-1.5049708901458856
-0.901440282118767
-0.5562882120201975
-0.3514151941971624
-0.22387404782344142
-0.14025239852031432
-0.0846803208747665
-0.04747588442141501
-0.021646442327232288
-0.0025688355628563594
0.010255394382081163
0.019902879735514946
0.02623827375843077
0.03021612697850526
0.03271020769089962
0.03158799481496219
0.03008405612818049
0.027704556078465142
0.02449862977113923
0.01910269696171362
0.0108763004801723
-0.00039096211028196283
-0.017815986101352693
-0.04454931845590286
-0.08447278285840859
-0.14609563303446152
-0.24282939310177606
-0.399326243336765
-0.6472740740841895
-1.0328245745615554
-1.5889918098024223
-2.2899127797626044
-2.974687407170958
-3.4315944797701494
-3.6974762877077767
-4.013651155230204
-4.469848137421597
-4.720174757855065
-4.337798459924794
-3.4263327202230816
-2.428431425696688
-1.6370025430289157
-1.088019351971069
-0.7261487036023084
-0.48801996317858937
-0.33159766041858935
-0.2247937022549374
-0.15179498577150632
-0.10110900714269719
-0.06450080270024831
-0.03812047316126888
-0.019587995668456266
-0.0056490005379700075
0.0048222891373096875
0.012323790800632962
0.01725687186431213
0.016606037987372035
0.013193756729353577
0.0078112047783349195
0.0006425697316688477
-0.009553569468844248
-0.023567884466685597
-0.041917083290479884
-0.0683682227993862
-0.10513670882194458
-0.15823513117372343
-0.2350576430432792
-0.3465354821801196
-0.5069440125079471
-0.7407297576567506
-1.0622577569566007
-1.4804076568590763
-1.968491639425258
-2.4551485386591136
-2.851388727143058
-3.1559520496573708
-3.3993117371540658
-3.562803094196813
-3.5520617151918357
-3.2594007080045966
-2.718121305404065
-2.1049477105039602
-1.5496926392139339
-1.1147921113621633
-0.7933765728447062
-0.5644656705428764
-0.40197225508766554
-0.2867165841233708
-0.2046254265827434
-0.1453720751750417
-0.10225654228877896
-0.07049261391071406
-0.045927381400824946
-0.02832069714204905
-0.015069332385882263
-0.00451979537704297
0.002363525506083397
0.0024987126535844046
-0.003198198878238677
-0.011036203627039828
-0.02133077604406597
-0.0349881896008429
-0.05288582550025623
-0.07720658316521975
-0.11020150132720632
-0.1535267158345844
-0.21405500968840072
-0.29719967089143556
-0.40930883110878785
-0.5619946806597576
-0.7673326112483315
-1.0301600540758955
-1.3499549761614746
-1.7066356579159165
-2.058463520239956
-2.3695490008743754
-2.610704424863787
-2.77883769188395
-2.8400325154665547
-2.772256364018656
-2.5523009466331357
-2.1979822751032385
-1.792274583127571
-1.398944216452197
-1.0639653678547845
-0.797987809190228
-0.5949086957718877
-0.4403187281949579
-0.32730988209511
-0.2432705583189038
-0.18042489580413645
-0.13262941965741204
-0.09672048078912193
-0.06964951320386194
-0.04912900661366632
-0.03261656371710152
-0.020252414593853123
-0.010520708410104178
-0.010179850097019149
-0.017753991663740372
-0.027872320691411212
-0.040757373594251155
-0.057429173569323276
-0.07797795107849323
-0.10635760832553522
-0.14250719950294746
-0.18964000634828973
-0.2526461015505455
-0.3362290189256384
-0.44265797528113265
-0.5818413566938395
-0.7556620012511872
-0.9702628782014878
-1.2176428282922835
-1.4825781588999383
-1.744365453833094
-1.9725916904080922
-2.1539917835639972
-2.265203494369228
-2.284451838872926
-2.21830941594274
-2.0511649371337395
-1.8059019272913557
-1.5231970437419664
-1.2400373851805313
-0.9842572659651683
-0.769605802754356
-0.5948598370232413
-0.45686930374482004
-0.35092330110867886
-0.269051567347605
-0.20601239444334715
-0.15670013634234964
-0.11836024648288444
-0.08939948666985059
-0.06638182354078169
-0.04816777686578886
-0.034116846172166704
-0.023216293726970736
-0.021265081875318295
-0.030631902979980637
-0.04234556886175486
-0.05704119929161161
-0.07560784736717482
-0.09892288793956577
-0.1290042858098859
-0.167024499847323
-0.2152378232650074
-0.2774889464552059
-0.3570594669681291
-0.45560159866219646
-0.5773357162593775
-0.7240587099079427
-0.89752662516556
-1.0908093864749646
-1.291270619952521
-1.4857733930214936
-1.6561352578574826
-1.7860137347537977
-1.8598624863293505
-1.8655668576702913
-1.8082641074195505
-1.682685047864561
-1.507856990176487
-1.303819294112315
-1.0942607130887538
-0.8967544814348504
-0.7237798237450158
-0.5781665415735701
-0.458028859786234
-0.3610016089244952
-0.2835743100970523
-0.221703739956183
-0.17366562925285636
-0.13540016313860187
-0.10513523537567143
-0.08112853549865424
-0.06169433397389839
-0.046618268436118944
-0.03426435658032957
