-0.015503090084645305
-0.017536797058720695
-0.030368551705340148
-0.04459458768237437
-0.059062526176816864
-0.07542158545631239
-0.10330074675868278
-0.1318155959616252
-0.15437948132083007
-0.19503589349247746
-0.2342239817253527
-0.30241258726869497
-0.36801650905732836
-0.4620648004779962
-0.5792402252461424
-0.6894246707299729
-0.8184507035378293
-0.9385422344947585
-1.044276635113441
-1.134905300128636
-1.1757296245938906
-1.202005319387621
-1.153480944688175
-1.0498921268245907
-0.9575829567713766
-0.8304477563523612
-0.6941077399984892
-0.5560344428961377
-0.4548814743349463
-0.3582825836725825
-0.28460903754160716
-0.21681314188631
-0.17214692726300695
-0.12384849889479425
-0.10180351947753616
-0.07729693751391706
-0.05641910194840218
-0.037850078887518616
-0.0342774815745004
-0.01957812536655536
-0.003154647470157705
-0.018366146000298855
-0.011433241581893011
-0.01800424302834857
-0.030545635659278585
-0.049824550234850606
-0.06537995710869547
-0.06758008113237493
-0.0951026357319629
-0.13314841373133363
-0.16555765590728677
-0.19936209108794167
-0.2760599172753011
-0.3619176004133782
-0.4767037513883604
-0.6213295771523926
-0.7556787518850969
-0.9312868418274307
-1.1033339181983324
-1.2288109352728127
-1.3446161776913894
-1.4357612533972575
-1.4396449240258902
-1.3687794810138711
-1.2621786051358566
-1.1347416826399657
-0.9541928955848056
-0.7590243948555545
-0.6154488907425563
-0.46548921678668015
-0.3696455142170869
-0.27440354657969535
-0.21002821764780719
-0.15067971251943776
-0.12045695561952312
-0.07697874436865508
-0.06289170482735554
-0.04031179317164206
-0.038688595227157424
-0.024778063996532675
-0.021375617617247045
-0.009008785143165826
-0.007893986520075402
-0.011666208423963497
-0.012687657165952004
-0.019383484134334623
-0.02608324234850803
-0.03826823671489807
-0.056272930123753055
-0.06921510158937876
-0.09817414219681603
-0.12737898444650442
-0.19038220528196428
-0.24942959314739555
-0.3407857714408822
-0.4706518758490026
-0.6438669460243267
-0.8409949368977985
-1.0585591592647658
-1.28772801303183
-1.4751821104511051
-1.6324482632712614
-1.7168729149164226
-1.7692633568045113
-1.7245025754946672
-1.5665582607840864
-1.3406225284524675
-1.0883287796747254
-0.8497471799712045
-0.6412298321586529
-0.4708440188888388
-0.3410262270813216
-0.24547182721525648
-0.1747468631539419
-0.12643474517832837
-0.0937731611560304
-0.07516892639212173
-0.04134613005583205
-0.030304609674321643
-0.011258303415217783
-0.010457903716971842
-0.013637127418900207
-0.0032198408416532287
0.0047065113173478295
0.00692903708743355
0.00763369306466549
-0.003408261497116928
-0.005555498162012455
-0.019421662923444022
-0.03035140930250454
-0.049729614398961335
-0.06282734196673255
-0.0986981953754034
-0.13591141303198673
-0.21057312091418068
-0.31732421975010905
-0.48590585176111034
-0.6726552884585201
-0.926338474315578
-1.2229798563402914
-1.5259104288165273
-1.779408179016874
-1.9575124632425722
-2.1065277601305343
-2.1812131375206234
-2.1559174019200125
-1.95209688490471
-1.62453684623777
-1.2421678323966925
-0.9147900597043326
-0.6439316216685568
-0.45176856096052675
-0.30383828168768695
-0.20709818092412252
-0.14693730267362018
-0.09942651063766186
-0.07366979825500403
-0.05295951945403773
-0.04312686145522776
-0.024321468517540117
-0.01215294229269047
0.0017058335166359603
0.01339090573443985
0.005728573619250907
0.02739805619183531
0.029900330242215375
0.01580952508248949
0.01241081812474247
0.010176352494511114
0.0007011427978040462
0.006043178445624863
-0.012437243278450562
-0.022916914379649395
-0.04283560420282856
-0.07281594609124628
-0.13370260298643308
-0.2457459622577735
-0.40640142055652245
-0.6516618469952296
-1.0067368386012545
-1.41315257415363
-1.8256839861017349
-2.124807650563029
-2.319871827600282
-2.509011268785223
-2.717662264993442
-2.7699377158996707
-2.521128679143558
-1.9631019485146306
-1.3637152088174127
-0.9012043607612682
-0.5648688080717126
-0.3660323770861172
-0.22898274107168415
-0.1436703198715732
-0.09186313089665045
-0.055663052790501044
-0.020877818663979118
-0.012919338973663774
-0.026000765854799577
-0.014668772555762653
-0.0028862719264712523
0.0029882903405812197
0.014857206943229041
0.008235518457863517
0.03405024718698526
0.04780450938590672
0.032298483201367884
0.042854362024265354
0.034822681017687276
0.024915122390915104
0.02759921338905116
0.025038600824492867
0.02368411604366831
0.02141254059286947
0.005612986138552769
-0.04059846521477638
-0.10752283318349498
-0.24296071168273015
-0.5072757734596662
-0.9670129870132405
-1.617468127918446
-2.240795679903885
-2.567041548745949
-2.5177514684319346
-2.672624679451358
-3.232172895362416
-3.7187503621512117
-3.306508019818973
-2.2383334061834677
-1.2752848643393704
-0.6772446705331358
-0.35995434962977035
-0.19999682524177054
-0.11481080133150375
-0.07150271793839502
-0.04814795308064814
-0.011343565052721351
0.000399573153125172
0.004436032278728056
0.017177580549500426
0.011580459845391263
0.010081127212335497
0.010700745842805238
0.018963548476521177
0.02759678344114931
0.03914102011434783
0.053273276531782064
0.05106306334328804
0.05258446421078956
0.04996835254727208
0.05983039846673102
0.06732529303386031
0.06157924694543509
0.08910558234516244
0.10304112949477161
0.1088014492319141
0.1073042943251425
0.10686310855431058
0.03938710940481844
-0.1588429533164341
-0.6671258464578723
-1.687129679820525
-2.9274915885676576
-3.1440485143225416
-2.0384869152496496
-1.5468495536472258
-3.2920669172489174
-5.354721425047714
-4.333061953665939
-1.7496196318300592
-0.3170175481519696
0.07320892486977572
0.08825719967022531
0.06410641264768734
0.05102354843914198
0.038820783164267104
0.0385064467763024
0.02711166998525638
0.030244310980893224
0.029777458303277746
0.032800560170174735
0.026421221025179884
0.015541091277250191
0.02416939411884745
0.015020931661232874
0.03200262175999279
0.06350855479579909
0.06268011672752806
0.058229533555692735
0.06751804553797332
0.06199261993945339
0.08075683945499877
0.10317716691026184
0.12319941745454971
0.1565004632361027
0.18115571149902204
0.20804300569174897
0.2927566307054747
0.409475998789237
0.5479833053472668
0.6856623020876147
0.47511341262347023
-0.9278890490144805
-4.065573974087969
-4.465776377169904
0.9160904081573281
4.250513145960356
-1.2905987302700033
-8.705738303777363
-4.145706462196712
1.976851944890965
2.7404283019522615
1.6703193234827343
0.831307793972992
0.40638048599258025
0.2350521264874664
0.15804583414842754
0.10868244125429402
0.08728936291442642
0.06947354128705031
0.061034040783989954
0.053277800488053015
0.04633093552758673
0.03671041944093906
0.023811322997969824
0.02407472646297296
0.01985273611083768
0.0705585989809438
0.059467200470602305
0.0729580251055905
0.05967601900617764
0.08316308823707079
0.09669439128956551
0.10935817595401769
0.13581415437369504
0.17471980481524724
0.21624640050532642
0.3024835961442115
0.4739892715744852
0.7195200453202875
1.2340280399377126
2.1968401487898115
3.4969008466918146
2.7804870072206382
-5.478162585682109
-9.651172667197418
6.835815454303393
19.46215957677001
12.601504838690921
-19.14376804307781
-11.297873723579434
6.53129249618048
6.319410189929229
3.2220664147826557
1.4701607560944583
0.7092087825826782
0.38239747468330393
0.24089302880532157
0.1753849748164853
0.11427990281565929
0.10211057546791323
0.08594019807433702
0.0699770873291436
0.0517477688031642
0.05169950949640624
0.03767416064952383
0.029595520409694178
0.021237893932026134
0.08383619716515946
0.07213710622425915
0.06992556285606966
0.07445292370905231
0.09099704939773709
0.1157136991352083
0.13394213729823246
0.15230344885229366
0.1970022081978807
0.28286724553840414
0.38469925296897345
0.5874946506733514
0.953570969213437
1.7865284630863199
3.677076574190432
7.133474954367623
7.639214732804447
-16.388141133164336
-25.512818005403116
21.06892131616808
32.504461202817346
22.108932464325196
-20.04282190049965
-19.998986113200335
2.4790083803185676
5.5363122347321125
3.1203372048175195
1.4497179871450407
0.7555771681611735
0.43740431764399595
0.2841866258448219
0.20330635854214885
0.1542413652887675
0.11831703750912834
0.08508939019012386
0.08087656157924428
0.055182873928586056
0.07076578570807616
0.053506775266243096
0.03159970913532623
0.022786062358400062
0.08619233948709552
0.08247462147387205
0.08434218566080212
0.08832214137030218
0.09719274117003665
0.11229919357590809
0.1338664004624504
0.18116817935966792
0.22869008100253285
0.30655361685330734
0.39879507705609485
0.6123416973364983
0.9754923281415546
1.7651669973204074
3.5635743624215577
6.488916613607378
4.838755447597299
-16.80461877159327
-20.366862996963466
10.239128110887247
22.10087553275964
11.455822971065976
-9.207381952279714
-9.288430422630551
-0.7024362070401592
1.984905750616089
1.6275780818990437
1.0025305991521853
0.6158541627867326
0.38841004880110885
0.2822355702034442
0.20127146506330174
0.15380514841544524
0.13835351195500417
0.11310697539375676
0.08205056678243447
0.07190429511193835
0.07768291890260899
0.06106635918628144
0.04709164410861754
0.04514151268888666
0.08025384749555961
0.08361860674148228
0.08676422935516392
0.07260589659153102
0.09938965889963249
0.12194740411565283
0.1462623709799687
0.17356165137354243
0.22064332194400688
0.27084292996023585
0.35179472872586476
0.4938021094358784
0.7235610698862182
1.1318887296387985
1.8178420401801598
2.336189332527071
0.02421093909407676
-6.7181925100659825
-7.310418174753708
1.3504331202219184
6.382041968557319
2.738010575960818
-2.98345122230111
-3.252130568038201
-1.185076619145518
0.13692389213310155
0.5417929091103786
0.5026794191174122
0.4049146220747043
0.3062056230161002
0.241277152123833
0.19318939962474124
0.16918071664706233
0.1458047532759009
0.13621735888526215
0.1067266982029509
0.08571403345253108
0.09603694047351877
0.05979642001318967
0.06322122574707621
0.0430268013927236
0.08452027209820666
0.07591379519494916
0.07878557701143514
0.07956876495980743
0.0902345073617062
0.10576026845075082
0.1427084712951652
0.16004631747934955
0.17078940172566404
0.22209210999187234
0.25184481205383596
0.3005248448364806
0.36588113778898923
0.39382322551470916
0.2976265561687226
-0.271842344690927
-1.755365750156643
-3.5671508316979446
-3.6331471486550604
-1.7289045913771386
-0.33851552646726796
-0.8664721876274711
-1.8778735964493156
-1.7633792482206012
-0.9903373456373085
-0.3307299388616633
0.06212488406274472
0.2200726762649993
0.2348073086472981
0.23717556037610482
0.19232404296641822
0.17903240732959025
0.14926944314402596
0.11649278436899305
0.13169426828424322
0.09585542228372683
0.1008720241724579
0.09067052638963874
0.0824398290926008
0.06801796682160285
0.06813941018399997
0.06840858406467103
0.07479851422640064
0.06247877322882238
0.08646347069224622
0.09632742330392344
0.11444007507584332
0.13648065974628334
0.1296840815308193
0.14986743533493763
0.1567127236967268
0.15549231185581308
0.17165898079524206
0.1129394230748332
-0.006331060064773907
-0.3259249845455199
-0.9037766195251661
-1.6939419402556268
-2.3721364972997843
-2.5002600699106794
-2.153640799246046
-1.7489096802670958
-1.6379944031230405
-1.5796012290081434
-1.258182570533589
-0.8318580990035346
-0.43673778032013266
-0.13899119015414804
-0.001272037419419272
0.09070581184610453
0.12486814527505477
0.1381106648297888
0.12003380994029089
0.12792526112945227
0.12531630150061648
0.1108502334719724
0.10358071752376442
0.09721164076796956
0.0879650966467939
0.07638960068196535
0.06790414231865981
0.07579923526291163
0.07826423349577379
0.07346538155432271
0.06968688705300632
0.07819055495666435
0.09144724151998357
0.09200599342798184
0.10634726095607201
0.10125981254863432
0.11900935647475128
0.10950311292308726
0.08619147057958343
0.0493584226612262
-0.033361618247900904
-0.2076858798625441
-0.4865422678229423
-0.9096824853484092
-1.350579597309822
-1.7242008696476632
-1.8873041899973426
-1.9110517516167909
-1.7607283971317162
-1.590591642928088
-1.363802843331485
-1.076397927242606
-0.7535459004709713
-0.47745332313335126
-0.26540670746903583
-0.11241190713109861
-0.009361978281588022
0.03962918703522837
0.07300468866903498
0.08874875408540839
0.10798397295914802
0.11309969290512925
0.110445951330367
0.08967164446111214
0.08617161313190518
0.09474491407013028
0.08000139770477306
0.07136516936667575
0.06579782524203924
0.06610471069660023
0.0784051650432862
0.07871418315893425
0.09873913113581421
0.0931143258781143
0.07060929253890513
0.09797948054717016
0.09910738313394228
0.07257574200095189
0.05699246933437476
0.01813891111957039
-0.0411090967741099
-0.15329570208998597
-0.28140277044382994
-0.5035446894141834
-0.7924043456269831
-1.1068208359724008
-1.360718394688616
-1.534061401939679
-1.6011658629190266
-1.58374388860639
-1.430882464495298
-1.230991143588244
-0.9901179791975381
-0.7462429266146685
-0.5249383824313606
-0.3589809202558873
-0.19421912566272095
-0.10186729767306249
-0.020385473667351134
0.02456786192632263
0.05764190629484489
0.07805832003278806
0.08937859322552305
0.10153089610588181
0.08887028919958997
0.09985195438748196
0.08955433931397828
0.08069129974740392
0.08110703148264645
0.058703603906089176
0.054539479080942595
0.07132373877074366
0.09994155700556967
0.09092292134475059
0.08212957348423044
0.06946653999310881
0.06789481265464717
0.06857480868076067
0.04190398477982636
0.02284678396009759
-0.023438122301084875
-0.08630695116401241
-0.1827495903886767
-0.3357111074452413
-0.49131910074356566
-0.7176888320674079
-0.9272871038359711
-1.1391009056514172
-1.2618732423517736
-1.3659265832780094
-1.3517853025565434
-1.269986842844233
-1.1386477319030075
-0.946218867993461
-0.7411009739667789
-0.5544631495865058
-0.38746259217602314
-0.24898434488923443
-0.14682720240398045
-0.054938698496300724
-0.01948438129939436
0.02417127297445374
0.046216443289874495
0.08043921737404243
0.09221004336757319
0.0946317993752942
0.07739029058542642
0.074163060488698
0.07392538012773081
0.08867337761156867
0.06460769392643714
0.05974593202185434
0.07414860572661705
0.08735714419021813
0.0787531099655902
0.07424944084009112
0.06796945588778287
0.046812609713022264
0.03976215984052058
0.023813978949490822
-0.023340748405693865
-0.06448516861203774
-0.13420876203254778
-0.22982931835167736
-0.3453928543120169
-0.4881131327056846
-0.6691631288778674
-0.8266436897798425
-1.0165005857628384
-1.1238471137082722
-1.1803660873587096
-1.1968107039174487
-1.1569963221124362
-1.0399256623878435
-0.9137973466558224
-0.7801013230008851
-0.580745743562042
-0.42612125886353136
-0.29882892521123516
-0.1986262404814408
-0.11262171702460788
-0.038569839506726274
0.01559914140180264
0.043091763418806744
0.054801882373317914
0.06568594019669964
0.08956930800001996
0.07992899589356155
0.06637714021231689
0.07281067446234407
0.06831481969363992
0.06364610584971139
0.06296211907539165
0.06475984326033914
0.07635891122429153
0.07604087798354331
0.08076513020735371
0.06868458973522194
0.05156026566092726
0.013722196761683944
0.004812945427085743
-0.01702498253258953
-0.08354789760976097
-0.14896922230840545
-0.24233203990630084
-0.359644547962621
-0.48808124814919635
-0.6104162427562194
-0.7993130215350929
-0.9262629796457391
-1.0413796930780699
-1.1066033247981109
-1.1168282844171606
-1.0959649244703553
-0.9969959673836611
-0.8769821156623102
-0.7317105533967827
-0.5939333290095646
-0.4510235516295275
-0.3272487787652209
-0.2185306769610273
-0.13683918082308041
-0.05424817702133493
-0.02154976011260685
0.027231738425802777
0.05401206466502149
0.042046546899290466
0.06690227638849802
0.08389524492279152
0.06912158359591475
0.08420105904981685
0.07543463643039264
0.06166591145780055
0.07442597392996259
0.06347793965670234
0.06408989877107525
0.06618442390774755
0.06314240985315196
0.0670922475248284
0.04496873660427615
0.02596480727819216
-0.00208476743634855
-0.05773239830593755
-0.09177833744178585
-0.16262975957515655
-0.26736561744055276
-0.3602612942414153
-0.47212249842084597
-0.6129827602178093
-0.7457244057280893
-0.8916710188598607
-0.9776859574748563
-1.0367566118717715
-1.0598391945770147
-1.0269208954038702
-0.9659688963079299
-0.8600185812585334
-0.746999988034757
-0.5909984564841295
-0.4720221725142052
-0.3490667350349388
-0.24406175983890796
-0.14414710266692726
-0.08419651379651112
-0.03319771721200544
0.007841366858564224
0.04261180068104601
0.05067879234685649
0.07066058854128633
0.07750511536447666
0.06583487389874898
0.07275807430721873
0.07659118602115907
0.07926818380019855
0.06688545811917526
0.07316995429202044
0.08579708701569778
0.08709531546849107
0.07767700999031983
0.07153328683027674
0.06197634739260878
0.040230087145753636
0.021584406645496882
-0.016137381460424684
-0.07848185864803871
-0.15525393886335537
-0.24175443939292582
-0.34740269038886956
-0.46466173954415907
-0.5916922675086141
-0.740229624051275
-0.8619047747203423
-0.9552220546524738
-1.023570427151904
-1.0433830359761256
-1.0208527812135626
-0.9558951944528066
-0.8603790165695953
-0.7313140450760756
-0.6189717464873308
-0.4935039224809998
-0.36735651632991756
-0.27925977702402166
-0.18353030049814148
-0.10018754467688651
-0.0316550445663971
-0.0032521729687556987
0.03920292119724648
0.044498749594103895
0.0676730133019901
0.07164540926738593
0.06797187730900213
0.0683103164302967
0.06864986486396675
0.07101037956847842
0.07442597392996259
0.06347793965670234
0.06408989877107525
0.06618442390774755
0.06314240985315196
0.0670922475248284
0.04496873660427615
0.02596480727819216
-0.00208476743634855
-0.05773239830593755
-0.09177833744178585
-0.16262975957515655
-0.26736561744055276
-0.3602612942414153
-0.47212249842084597
-0.6129827602178093
-0.7457244057280893
-0.8916710188598607
-0.9776859574748563
-1.0367566118717715
-1.0598391945770147
-1.0269208954038702
-0.9659688963079299
-0.8600185812585334
-0.746999988034757
-0.5909984564841295
-0.4720221725142052
-0.3490667350349388
-0.24406175983890796
-0.14414710266692726
-0.08419651379651112
-0.03319771721200544
0.007841366858564224
0.04261180068104601
0.05067879234685649
0.07066058854128633
0.07750511536447666
0.06583487389874898
0.07275807430721873
0.07659118602115907
0.07926818380019855
0.06296211907539165
0.06475984326033914
0.07635891122429153
0.07604087798354331
0.08076513020735371
0.06868458973522194
0.05156026566092726
0.013722196761683944
0.004812945427085743
-0.01702498253258953
-0.08354789760976097
-0.14896922230840545
-0.24233203990630084
-0.359644547962621
-0.48808124814919635
-0.6104162427562194
-0.7993130215350929
-0.9262629796457391
-1.0413796930780699
-1.1066033247981109
-1.1168282844171606
-1.0959649244703553
-0.9969959673836611
-0.8769821156623102
-0.7317105533967827
-0.5939333290095646
-0.4510235516295275
-0.3272487787652209
-0.2185306769610273
-0.13683918082308041
-0.05424817702133493
-0.02154976011260685
0.027231738425802777
0.05401206466502149
0.042046546899290466
0.06690227638849802
0.08389524492279152
0.06912158359591475
0.08420105904981685
0.07543463643039264
0.06166591145780055
0.05974593202185434
0.07414860572661705
0.08735714419021813
0.0787531099655902
0.07424944084009112
0.06796945588778287
0.046812609713022264
0.03976215984052058
0.023813978949490822
-0.023340748405693865
-0.06448516861203774
-0.13420876203254778
-0.22982931835167736
-0.3453928543120169
-0.4881131327056846
-0.6691631288778674
-0.8266436897798425
-1.0165005857628384
-1.1238471137082722
-1.1803660873587096
-1.1968107039174487
-1.1569963221124362
-1.0399256623878435
-0.9137973466558224
-0.7801013230008851
-0.580745743562042
-0.42612125886353136
-0.29882892521123516
-0.1986262404814408
-0.11262171702460788
-0.038569839506726274
0.01559914140180264
0.043091763418806744
0.054801882373317914
0.06568594019669964
0.08956930800001996
0.07992899589356155
0.06637714021231689
0.07281067446234407
0.06831481969363992
0.06364610584971139
0.054539479080942595
0.07132373877074366
0.09994155700556967
0.09092292134475059
0.08212957348423044
0.06946653999310881
0.06789481265464717
0.06857480868076067
0.04190398477982636
0.02284678396009759
-0.023438122301084875
-0.08630695116401241
-0.1827495903886767
-0.3357111074452413
-0.49131910074356566
-0.7176888320674079
-0.9272871038359711
-1.1391009056514172
-1.2618732423517736
-1.3659265832780094
-1.3517853025565434
-1.269986842844233
-1.1386477319030075
-0.946218867993461
-0.7411009739667789
-0.5544631495865058
-0.38746259217602314
-0.24898434488923443
-0.14682720240398045
-0.054938698496300724
-0.01948438129939436
0.02417127297445374
0.046216443289874495
0.08043921737404243
0.09221004336757319
0.0946317993752942
0.07739029058542642
0.074163060488698
0.07392538012773081
0.08867337761156867
0.06460769392643714
0.06610471069660023
0.0784051650432862
0.07871418315893425
0.09873913113581421
0.0931143258781143
0.07060929253890513
0.09797948054717016
0.09910738313394228
0.07257574200095189
0.05699246933437476
0.01813891111957039
-0.0411090967741099
-0.15329570208998597
-0.28140277044382994
-0.5035446894141834
-0.7924043456269831
-1.1068208359724008
-1.360718394688616
-1.534061401939679
-1.6011658629190266
-1.58374388860639
-1.430882464495298
-1.230991143588244
-0.9901179791975381
-0.7462429266146685
-0.5249383824313606
-0.3589809202558873
-0.19421912566272095
-0.10186729767306249
-0.020385473667351134
0.02456786192632263
0.05764190629484489
0.07805832003278806
0.08937859322552305
0.10153089610588181
0.08887028919958997
0.09985195438748196
0.08955433931397828
0.08069129974740392
0.08110703148264645
0.058703603906089176
0.07826423349577379
0.07346538155432271
0.06968688705300632
0.07819055495666435
0.09144724151998357
0.09200599342798184
0.10634726095607201
0.10125981254863432
0.11900935647475128
0.10950311292308726
0.08619147057958343
0.0493584226612262
-0.033361618247900904
-0.2076858798625441
-0.4865422678229423
-0.9096824853484092
-1.350579597309822
-1.7242008696476632
-1.8873041899973426
-1.9110517516167909
-1.7607283971317162
-1.590591642928088
-1.363802843331485
-1.076397927242606
-0.7535459004709713
-0.47745332313335126
-0.26540670746903583
-0.11241190713109861
-0.009361978281588022
0.03962918703522837
0.07300468866903498
0.08874875408540839
0.10798397295914802
0.11309969290512925
0.110445951330367
0.08967164446111214
0.08617161313190518
0.09474491407013028
0.08000139770477306
0.07136516936667575
0.06579782524203924
0.06840858406467103
0.07479851422640064
0.06247877322882238
0.08646347069224622
0.09632742330392344
0.11444007507584332
0.13648065974628334
0.1296840815308193
0.14986743533493763
0.1567127236967268
0.15549231185581308
0.17165898079524206
0.1129394230748332
-0.006331060064773907
-0.3259249845455199
-0.9037766195251661
-1.6939419402556268
-2.3721364972997843
-2.5002600699106794
-2.153640799246046
-1.7489096802670958
-1.6379944031230405
-1.5796012290081434
-1.258182570533589
-0.8318580990035346
-0.43673778032013266
-0.13899119015414804
-0.001272037419419272
0.09070581184610453
0.12486814527505477
0.1381106648297888
0.12003380994029089
0.12792526112945227
0.12531630150061648
0.1108502334719724
0.10358071752376442
0.09721164076796956
0.0879650966467939
0.07638960068196535
0.06790414231865981
0.07579923526291163
0.08452027209820666
0.07591379519494916
0.07878557701143514
0.07956876495980743
0.0902345073617062
0.10576026845075082
0.1427084712951652
0.16004631747934955
0.17078940172566404
0.22209210999187234
0.25184481205383596
0.3005248448364806
0.36588113778898923
0.39382322551470916
0.2976265561687226
-0.271842344690927
-1.755365750156643
-3.5671508316979446
-3.6331471486550604
-1.7289045913771386
-0.33851552646726796
-0.8664721876274711
-1.8778735964493156
-1.7633792482206012
-0.9903373456373085
-0.3307299388616633
0.06212488406274472
0.2200726762649993
0.2348073086472981
0.23717556037610482
0.19232404296641822
0.17903240732959025
0.14926944314402596
0.11649278436899305
0.13169426828424322
0.09585542228372683
0.1008720241724579
0.09067052638963874
0.0824398290926008
0.06801796682160285
0.06813941018399997
0.08025384749555961
0.08361860674148228
0.08676422935516392
0.07260589659153102
0.09938965889963249
0.12194740411565283
0.1462623709799687
0.17356165137354243
0.22064332194400688
0.27084292996023585
0.35179472872586476
0.4938021094358784
0.7235610698862182
1.1318887296387985
1.8178420401801598
2.336189332527071
0.02421093909407676
-6.7181925100659825
-7.310418174753708
1.3504331202219184
6.382041968557319
2.738010575960818
-2.98345122230111
-3.252130568038201
-1.185076619145518
0.13692389213310155
0.5417929091103786
0.5026794191174122
0.4049146220747043
0.3062056230161002
0.241277152123833
0.19318939962474124
0.16918071664706233
0.1458047532759009
0.13621735888526215
0.1067266982029509
0.08571403345253108
0.09603694047351877
0.05979642001318967
0.06322122574707621
0.0430268013927236
0.08619233948709552
0.08247462147387205
0.08434218566080212
0.08832214137030218
0.09719274117003665
0.11229919357590809
0.1338664004624504
0.18116817935966792
0.22869008100253285
0.30655361685330734
0.39879507705609485
0.6123416973364983
0.9754923281415546
1.7651669973204074
3.5635743624215577
6.488916613607378
4.838755447597299
-16.80461877159327
-20.366862996963466
10.239128110887247
22.10087553275964
11.455822971065976
-9.207381952279714
-9.288430422630551
-0.7024362070401592
1.984905750616089
1.6275780818990437
1.0025305991521853
0.6158541627867326
0.38841004880110885
0.2822355702034442
0.20127146506330174
0.15380514841544524
0.13835351195500417
0.11310697539375676
0.08205056678243447
0.07190429511193835
0.07768291890260899
0.06106635918628144
0.04709164410861754
0.04514151268888666
0.08383619716515946
0.07213710622425915
0.06992556285606966
0.07445292370905231
0.09099704939773709
0.1157136991352083
0.13394213729823246
0.15230344885229366
0.1970022081978807
0.28286724553840414
0.38469925296897345
0.5874946506733514
0.953570969213437
1.7865284630863199
3.677076574190432
7.133474954367623
7.639214732804447
-16.388141133164336
-25.512818005403116
21.06892131616808
32.504461202817346
22.108932464325196
-20.04282190049965
-19.998986113200335
2.4790083803185676
5.5363122347321125
3.1203372048175195
1.4497179871450407
0.7555771681611735
0.43740431764399595
0.2841866258448219
0.20330635854214885
0.1542413652887675
0.11831703750912834
0.08508939019012386
0.08087656157924428
0.055182873928586056
0.07076578570807616
0.053506775266243096
0.03159970913532623
0.022786062358400062
0.0705585989809438
0.059467200470602305
0.0729580251055905
0.05967601900617764
0.08316308823707079
0.09669439128956551
0.10935817595401769
0.13581415437369504
0.17471980481524724
0.21624640050532642
0.3024835961442115
0.4739892715744852
0.7195200453202875
1.2340280399377126
2.1968401487898115
3.4969008466918146
2.7804870072206382
-5.478162585682109
-9.651172667197418
6.835815454303393
19.46215957677001
12.601504838690921
-19.14376804307781
-11.297873723579434
6.53129249618048
6.319410189929229
3.2220664147826557
1.4701607560944583
0.7092087825826782
0.38239747468330393
0.24089302880532157
0.1753849748164853
0.11427990281565929
0.10211057546791323
0.08594019807433702
0.0699770873291436
0.0517477688031642
0.05169950949640624
0.03767416064952383
0.029595520409694178
0.021237893932026134
0.06350855479579909
0.06268011672752806
0.058229533555692735
0.06751804553797332
0.06199261993945339
0.08075683945499877
0.10317716691026184
0.12319941745454971
0.1565004632361027
0.18115571149902204
0.20804300569174897
0.2927566307054747
0.409475998789237
0.5479833053472668
0.6856623020876147
0.47511341262347023
-0.9278890490144805
-4.065573974087969
-4.465776377169904
0.9160904081573281
4.250513145960356
-1.2905987302700033
-8.705738303777363
-4.145706462196712
1.976851944890965
2.7404283019522615
1.6703193234827343
0.831307793972992
0.40638048599258025
0.2350521264874664
0.15804583414842754
0.10868244125429402
0.08728936291442642
0.06947354128705031
0.061034040783989954
0.053277800488053015
0.04633093552758673
0.03671041944093906
0.023811322997969824
0.02407472646297296
0.01985273611083768
0.03914102011434783
0.053273276531782064
0.05106306334328804
0.05258446421078956
0.04996835254727208
0.05983039846673102
0.06732529303386031
0.06157924694543509
0.08910558234516244
0.10304112949477161
0.1088014492319141
0.1073042943251425
0.10686310855431058
0.03938710940481844
-0.1588429533164341
-0.6671258464578723
-1.687129679820525
-2.9274915885676576
-3.1440485143225416
-2.0384869152496496
-1.5468495536472258
-3.2920669172489174
-5.354721425047714
-4.333061953665939
-1.7496196318300592
-0.3170175481519696
0.07320892486977572
0.08825719967022531
0.06410641264768734
0.05102354843914198
0.038820783164267104
0.0385064467763024
0.02711166998525638
0.030244310980893224
0.029777458303277746
0.032800560170174735
0.026421221025179884
0.015541091277250191
0.02416939411884745
0.015020931661232874
0.03200262175999279
0.03405024718698526
0.04780450938590672
0.032298483201367884
0.042854362024265354
0.034822681017687276
0.024915122390915104
0.02759921338905116
0.025038600824492867
0.02368411604366831
0.02141254059286947
0.005612986138552769
-0.04059846521477638
-0.10752283318349498
-0.24296071168273015
-0.5072757734596662
-0.9670129870132405
-1.617468127918446
-2.240795679903885
-2.567041548745949
-2.5177514684319346
-2.672624679451358
-3.232172895362416
-3.7187503621512117
-3.306508019818973
-2.2383334061834677
-1.2752848643393704
-0.6772446705331358
-0.35995434962977035
-0.19999682524177054
-0.11481080133150375
-0.07150271793839502
-0.04814795308064814
-0.011343565052721351
0.000399573153125172
0.004436032278728056
0.017177580549500426
0.011580459845391263
0.010081127212335497
0.010700745842805238
0.018963548476521177
0.02759678344114931
0.02739805619183531
0.029900330242215375
0.01580952508248949
0.01241081812474247
0.010176352494511114
0.0007011427978040462
0.006043178445624863
-0.012437243278450562
-0.022916914379649395
-0.04283560420282856
-0.07281594609124628
-0.13370260298643308
-0.2457459622577735
-0.40640142055652245
-0.6516618469952296
-1.0067368386012545
-1.41315257415363
-1.8256839861017349
-2.124807650563029
-2.319871827600282
-2.509011268785223
-2.717662264993442
-2.7699377158996707
-2.521128679143558
-1.9631019485146306
-1.3637152088174127
-0.9012043607612682
-0.5648688080717126
-0.3660323770861172
-0.22898274107168415
-0.1436703198715732
-0.09186313089665045
-0.055663052790501044
-0.020877818663979118
-0.012919338973663774
-0.026000765854799577
-0.014668772555762653
-0.0028862719264712523
0.0029882903405812197
0.014857206943229041
0.008235518457863517
0.0047065113173478295
0.00692903708743355
0.00763369306466549
-0.003408261497116928
-0.005555498162012455
-0.019421662923444022
-0.03035140930250454
-0.049729614398961335
-0.06282734196673255
-0.0986981953754034
-0.13591141303198673
-0.21057312091418068
-0.31732421975010905
-0.48590585176111034
-0.6726552884585201
-0.926338474315578
-1.2229798563402914
-1.5259104288165273
-1.779408179016874
-1.9575124632425722
-2.1065277601305343
-2.1812131375206234
-2.1559174019200125
-1.95209688490471
-1.62453684623777
-1.2421678323966925
-0.9147900597043326
-0.6439316216685568
-0.45176856096052675
-0.30383828168768695
-0.20709818092412252
-0.14693730267362018
-0.09942651063766186
-0.07366979825500403
-0.05295951945403773
-0.04312686145522776
-0.024321468517540117
-0.01215294229269047
0.0017058335166359603
0.01339090573443985
0.005728573619250907
-0.007893986520075402
-0.011666208423963497
-0.012687657165952004
-0.019383484134334623
-0.02608324234850803
-0.03826823671489807
-0.056272930123753055
-0.06921510158937876
-0.09817414219681603
-0.12737898444650442
-0.19038220528196428
-0.24942959314739555
-0.3407857714408822
-0.4706518758490026
-0.6438669460243267
-0.8409949368977985
-1.0585591592647658
-1.28772801303183
-1.4751821104511051
-1.6324482632712614
-1.7168729149164226
-1.7692633568045113
-1.7245025754946672
-1.5665582607840864
-1.3406225284524675
-1.0883287796747254
-0.8497471799712045
-0.6412298321586529
-0.4708440188888388
-0.3410262270813216
-0.24547182721525648
-0.1747468631539419
-0.12643474517832837
-0.0937731611560304
-0.07516892639212173
-0.04134613005583205
-0.030304609674321643
-0.011258303415217783
-0.010457903716971842
-0.013637127418900207
-0.0032198408416532287
-0.018366146000298855
-0.011433241581893011
-0.01800424302834857
-0.030545635659278585
-0.049824550234850606
-0.06537995710869547
-0.06758008113237493
-0.0951026357319629
-0.13314841373133363
-0.16555765590728677
-0.19936209108794167
-0.2760599172753011
-0.3619176004133782
-0.4767037513883604
-0.6213295771523926
-0.7556787518850969
-0.9312868418274307
-1.1033339181983324
-1.2288109352728127
-1.3446161776913894
-1.4357612533972575
-1.4396449240258902
-1.3687794810138711
-1.2621786051358566
-1.1347416826399657
-0.9541928955848056
-0.7590243948555545
-0.6154488907425563
-0.46548921678668015
-0.3696455142170869
-0.27440354657969535
-0.21002821764780719
-0.15067971251943776
-0.12045695561952312
-0.07697874436865508
-0.06289170482735554
-0.04031179317164206
-0.038688595227157424
-0.024778063996532675
-0.021375617617247045
-0.009008785143165826
-0.015503090084645305
-0.017536797058720695
-0.030368551705340148
-0.04459458768237437
-0.059062526176816864
-0.07542158545631239
-0.10330074675868278
-0.1318155959616252
-0.15437948132083007
-0.19503589349247746
-0.2342239817253527
-0.30241258726869497
-0.36801650905732836
-0.4620648004779962
-0.5792402252461424
-0.6894246707299729
-0.8184507035378293
-0.9385422344947585
-1.044276635113441
-1.134905300128636
-1.1757296245938906
-1.202005319387621
-1.153480944688175
-1.0498921268245907
-0.9575829567713766
-0.8304477563523612
-0.6941077399984892
-0.5560344428961377
-0.4548814743349463
-0.3582825836725825
-0.28460903754160716
-0.21681314188631
-0.17214692726300695
-0.12384849889479425
-0.10180351947753616
-0.07729693751391706
-0.05641910194840218
-0.037850078887518616
-0.0342774815745004
-0.01957812536655536
-0.003154647470157705
