-0.000615968992419089
-0.0006511653656333635
-0.0006894673037371139
-0.001462545958451977
-0.0015540813039726224
-0.0033091702707907103
-0.0044130099636529915
-0.004718145610351078
-0.004088202032691613
-0.0037684756251857273
-0.005672062705838567
-0.007592672021271829
-0.008945119474171887
-0.011291601817270064
-0.014549252340457881
-0.01734683807346191
-0.0208839422031068
-0.02469220691972148
-0.028117441322428785
-0.03136079686199063
-0.031967883768259514
-0.03179760415179565
-0.030837816840633123
-0.02745878509462928
-0.02359920508020315
-0.01956120498047686
-0.016353222927537575
-0.0117745863987712
-0.010662147809369697
-0.008580181506764126
-0.004994071280047007
-0.0038601900753295376
-0.004144543097358398
-0.004637091158607189
-0.0044255055942287996
-0.0033126133417140267
-0.0023298212842403957
-0.0014595472580006977
-0.0006870974350693634
-0.0006480823880297968
-0.0006123012560944772
-0.000565094064777745
-0.000597678065816074
-0.000633213097684088
-0.0013442207938506956
-0.002144571787834916
-0.00304804555306122
-0.004071446362035993
-0.0041071119426269575
-0.0024362065633001246
-0.004099211711153117
-0.0052746896173209296
-0.005720857190875001
-0.008496809813150912
-0.012398155916909155
-0.01583930836808468
-0.019272972976202844
-0.026789227787901073
-0.03267113869539392
-0.03720666894186702
-0.0390939446776192
-0.03994041359130732
-0.03973257054331148
-0.03841139495619307
-0.03413521038166692
-0.02940428539811738
-0.02409163836778524
-0.01896777199734917
-0.014359901690134092
-0.010142046062765931
-0.007146619324958712
-0.006319392022378373
-0.0031830903940636055
-0.0035299128957369144
-0.003556415015308742
-0.0028862475273307513
-0.0030431495299844207
-0.002850430902252118
-0.002007128687147873
-0.0006294862060355499
-0.0005934188836520414
-0.0005604054144004433
-0.0005143181439139069
-0.0005440664013395607
-0.0005765439151447546
-0.001530389461315884
-0.002605580077303466
-0.003126763003632991
-0.004459673893005418
-0.0023806168669580708
-0.0021583195523103703
-0.002065919482446408
-0.003104306083153306
-0.005545347900175024
-0.009162529882339437
-0.013478757261935545
-0.019620747823871635
-0.02450145704403334
-0.03260356643025554
-0.03849229553681975
-0.04394726702885686
-0.050533464659759594
-0.05188748962795508
-0.05365797331779145
-0.04771817320343538
-0.04420246891674504
-0.03579882219277379
-0.02813651877911795
-0.021354561896619998
-0.014736279541916603
-0.010715682654040345
-0.006812668507897223
-0.004199845001386406
-0.00356215921866127
-0.0005899778313943699
-0.002369801894791731
-0.00318552940562731
-0.0021489144836929694
-0.0025892603896160277
-0.0018226940382341174
-0.0014288183160007686
-0.0005387117843396694
-0.0005086968690580713
-0.00046407900788567806
-0.0004908202631342956
-0.0010400115284316814
-0.0016560405786648668
-0.0023491540583186034
-0.0031323939528879793
-0.0026920915595511946
-0.00047737715108930976
-8.641655537684256e-05
-0.0006052872000513893
-0.002638866629985054
-0.0030332272488712343
-0.008469784376587288
-0.014598161345338149
-0.019339956620968247
-0.027371061630253435
-0.03795235558500721
-0.04722279716923793
-0.056054299767977815
-0.06378265296905933
-0.06577562484001241
-0.06663035256722205
-0.06294540904312826
-0.05547138889452967
-0.04499576990922521
-0.032485508401111855
-0.021204743092279543
-0.014162151692838045
-0.009428238042722959
-0.00408137551109857
-0.003538959141973306
-0.001400941378998754
-0.00026329915073715154
-0.0004352129274928321
-0.002655780037506834
-0.0017255198923588342
-0.00232566675274188
-0.0019106920691570287
-0.0015411643560955875
-0.0004843948821773837
-0.00045754956157596815
-0.00041477163045810405
-0.0004384007744967137
-0.0011603430510250653
-0.0019692368146127025
-0.002093222049447055
-0.003346394680534323
-0.0007700032977019769
0.0009623839845855234
0.002345812389454956
4.326517304529093e-05
0.0005121030396164699
-0.002504167791385081
-0.00680693938589306
-0.011768978447000774
-0.019049076707447345
-0.03204329041156858
-0.04672051729756712
-0.06263931785386113
-0.07516934345689012
-0.07970123035389945
-0.08347520439244248
-0.09170629303897271
-0.09148266406259206
-0.07905687652138697
-0.06013182987808757
-0.040522330999121586
-0.022634008011153818
-0.011367870284059835
-0.008151241536057644
-0.0053255508678302374
0.0002668133031723098
-0.00019178466815566764
0.0014385945227243662
0.0016816761485311655
-0.0007112067238745478
-0.0018536337819611596
-0.0020646172633122235
-0.001940714919977686
-0.0013712474946671659
-0.0006470751983719738
-0.00040779516942566677
-0.0003671417860048468
-0.00038763602217548905
-0.0012295917363580897
-0.0017362755132528873
-0.001842439624935212
-0.0029396330392447204
-0.00018124452532583814
0.0027259817868751472
0.0029741023982691375
0.0029353560473443967
0.003105028873543592
-0.00023953867847140088
-0.0035367177505209557
-0.00813095690054386
-0.018224746913881033
-0.03517758366498721
-0.05653088858518243
-0.08005312647788994
-0.09235004474737923
-0.09853829757190019
-0.10272943260319935
-0.11997608283242377
-0.13124126030988748
-0.11260508068258966
-0.07872909430934745
-0.04315286112305244
-0.02013289451644546
-0.008106833918501219
-0.001970352025305085
0.00028228867111759477
0.0017858583172813442
0.0012133760962230403
0.002565242311246888
0.004317841771730693
-0.00035806942392541195
-0.001364507105961341
-0.0007105810175987909
-0.001701994041404692
-0.0012047169400828462
-0.0007591091856781609
-0.00035924314061096425
-0.00032109259357422285
-0.00033850378961293383
-0.0010717798864746152
-0.0015100083317543124
-0.0015981953638082242
-0.002541931324247592
0.0019471797855293367
0.005279503663119772
0.0037803788221443513
0.004773843116332324
0.004219219351812026
0.003658272548980251
0.00030090230753140683
-0.002504706106751123
-0.012545991636210277
-0.029653923136442516
-0.06859042190199373
-0.11185100182021462
-0.12689440774667154
-0.10230198231474752
-0.09821644917946325
-0.14009266435426537
-0.19287991189453507
-0.16198094294097914
-0.08342249040639059
-0.03359660274652377
-0.00873013453918489
-0.0016058341220751688
0.003977238359801605
0.005614102491065015
0.00301339645716582
0.0038458116338908775
0.003526006274782068
0.0034639157631948065
0.0016141194287523381
-0.001097289014967067
-0.0003375262626798634
-0.0014721724833682667
-0.0010447038912929682
-0.0008245665572545019
-0.00031271245132132047
-0.0002773354581193574
-0.0002918036180277036
-0.0009217111953109585
-0.0012947495186677687
-0.001365485130194072
-0.0021623435987922724
0.003998836672048263
0.00635014573139448
0.005144415214920174
0.007324276186268159
0.007392101697651599
0.008707232381318972
0.007903219491876052
0.007232821694380015
0.007381284547290938
-0.010231297136281866
-0.05680026881018574
-0.14025079761898115
-0.1701404525647903
-0.06278326935924614
-0.0008023872596154566
-0.08591753010897972
-0.18806154073779816
-0.06357548673901366
0.002114068037541036
0.015816045438980676
0.015930545149784058
0.013333547462456822
0.011665362185765249
0.01221468196284392
0.007423337944371971
0.007164672479119349
0.005876502396813679
0.006225465654196574
0.005627095404375919
-0.0007613612279929984
-0.001799234909233286
-0.001240888829497942
-0.0010304406125687515
-0.00083849253275932
-0.00039820882229186616
-0.00023350525740020915
-0.00024520903502816323
-0.0007725735772116632
-0.0010818709491025973
-0.0011360209237672773
-0.0017894444046046387
0.0028678826701642643
0.00739570184036638
0.009784267816425846
0.00956487632496919
0.010085903852756217
0.01233760367289134
0.016424486936876852
0.024838992542094197
0.03206593949386532
0.05223208923099393
0.08381641359798725
0.07966492508227224
-0.030300628570445617
0.13313679747371696
0.3147381584073725
0.48819001608822576
0.6154415409891485
0.6883285638730834
0.2327258842170814
0.08495308231644823
0.0448964823753965
0.0287987194094123
0.020243910672075007
0.015064580174415847
0.010462254020461362
0.010504735132622326
0.008945393259394903
0.007297737241269852
0.00640393987126981
-0.0002880334068207352
-0.0016364079499640353
-0.0010395672914231058
-0.000866737239140472
-0.0007075356311756272
-0.00044918163376731174
-0.00019572270021182503
-0.00020498780481083547
-0.0006437171892110238
-0.0008977122451397054
-0.0009377110048793964
0.00028775045823315463
0.003452718567714334
0.0065600370561790374
0.011068647072506493
0.01207097975934268
0.012481809077416403
0.015312292349441006
0.02090703767221969
0.033620346248300015
0.05523013043971113
0.12352289685267033
0.33642538334813143
0.9585893983923383
1.1807025980828534
0.8050503902247295
0.6107061579141643
0.80338720377018
1.389087855826558
0.9636603484968029
0.19329189937518024
0.09954408497847922
0.058318686565310474
0.03459022788392062
0.021797408269259896
0.018092253366361038
0.011166252623287387
0.012157162962075514
0.011315788755487362
0.006458306704255885
0.00530908516055214
0.0009970596599410027
0.00041536614132135227
-0.0009763483010725735
-0.0007268689053997553
-0.0003974090859515059
-0.0003797734060649149
-0.00016374073058972907
-0.00017089891321233114
-0.0005344593080203728
-0.0007413584327664017
-0.0007699279580149572
0.002405016198700929
0.0039434493777367775
0.007256292507712876
0.01134362884477355
0.012552436343654735
0.014716878214284485
0.016505102176493116
0.022152713125989536
0.03598004399633639
0.05771499780295366
0.10296872352978638
0.18204697116851282
0.33976595958768824
0.688556512301316
0.4865043134361025
0.4507924524208237
0.3035473568150611
-0.03027631068370733
-0.08966284826146327
0.002018200217595986
0.04475310210639618
0.04266251646094046
0.03111619020863532
0.021842862248379308
0.020338861911658193
0.012318183254127557
0.012018003485206515
0.01241173189294748
0.008341226260014422
0.005878776764984268
0.0024992610675644298
0.0007287816449990097
-0.0008755770034893785
-0.0005052420417542103
-0.0003237018309185181
-0.0003103523641895307
-0.00013222202469694738
-0.00013758347505577997
-0.0004286458880612171
-0.0005916614724117658
-0.000610847615624354
0.002900836946486741
0.004395691375009471
0.006211104304826771
0.011553898002003972
0.014780848306621209
0.014662486222298945
0.016028306034744887
0.021694566513468152
0.028635863275840563
0.03538860612355728
0.03292565102494455
-0.02446652530109086
-0.18090973847058645
-0.17384501191542187
0.035773764615703425
0.11783681309200948
0.04000197505748365
-0.11581079936386939
-0.12189930938261542
-0.040314859368836255
0.011439016729527103
0.025045553968229512
0.024100755842242055
0.018803879495932787
0.014939117430747505
0.013150610895338305
0.014230162533486015
0.01339158574420732
0.008054483394441734
0.004516100819405818
0.0028331517111150235
7.500685588740094e-05
-0.0006905913715928277
-0.00040050954565873083
-0.00025782884669839416
-0.0002480550635329603
-0.00010419251788046484
-0.0001080896400362616
-0.00011183091719660376
-0.00045949849292150567
-0.0004717192088097359
0.0013981988288174919
0.0029030398695755197
0.004778583460217977
0.012189460814820112
0.01577949259153958
0.01580151375366429
0.015871285071044534
0.015917927369434093
0.01736960527562696
0.015127671257049525
-0.0050592074668230815
-0.0575816609667088
-0.1425843292935361
-0.1498364908663068
-0.07199462512621599
-0.03796748049210454
-0.04691780818370921
-0.08194146284138111
-0.07590746939543766
-0.036728756111379775
-0.003907189553897636
0.012527704408124058
0.01778061601092247
0.019292446208201353
0.014226007958138854
0.01435317990392418
0.014180323644675587
0.010483923704138596
0.008674914619388753
0.005002642201674181
0.003119398410611936
-0.0005406124619185167
-0.000528289616487174
-0.0003085779816157948
-0.00019921226167455262
-0.00014423344332561768
-7.939380099996547e-05
-8.214130983020331e-05
-8.469628065874821e-05
-0.0002602850744388011
-0.0003545697275976318
0.0015506173148420426
0.003458456930497524
0.00414940535990922
0.008951216600301353
0.012666161507143834
0.015574344900332507
0.012841000348978443
0.013093910725924788
0.012333688077493877
-8.691461640833922e-05
-0.016740729033457784
-0.050461323361744144
-0.0863953123791603
-0.09647843986279132
-0.08079981623964
-0.0629945739611148
-0.05794274601268182
-0.05580799445894997
-0.0466999139228195
-0.031642046081846786
-0.007778978116572852
0.0029595314889135646
0.010645446930171661
0.009371845341200063
0.012098503903267001
0.013006620957330996
0.01291432055613679
0.010927399535670177
0.006248575592818958
0.005277034145416718
0.0033551597321852694
-0.00039845122525983224
-0.0003918621175428297
-0.00015355582825974967
-0.00014934332147423473
-0.0
-5.8384345292488004e-05
-6.0249829607504627e-05
-6.192718146667431e-05
-6.256377102792516e-05
-0.0002567011625929246
0.0016758748527354837
0.003612718490917359
0.004459726543620831
0.007324186037009685
0.01312970350545623
0.009362922756661913
0.01139296220093875
0.009532030621480697
0.0038468266134578416
-0.002898877050865041
-0.018637660712121522
-0.035493336421092515
-0.05246724178553938
-0.06259496776638741
-0.06181389186341045
-0.05498322772068733
-0.05197378499506259
-0.043860611349631214
-0.036742350936588
-0.02170631356426494
-0.008793173044398615
0.0030509840410430536
0.0049126781951962795
0.011621207601912716
0.009542884708636427
0.014407791639024056
0.013344085587857542
0.009427147319581452
0.007455666765978336
0.00355418797582158
0.0016614961191503237
-0.0002807453898476419
-0.00019406595863419277
-0.0001096296238729914
-0.00010706613617298168
-0.0
-0.0
-4.1916288110640925e-05
-4.297288258705444e-05
-4.380608782626977e-05
-8.773141760909745e-05
-0.0001325977810977562
0.001802908004937059
0.0037412820548265173
0.009585288016950414
0.00959153965128417
0.007645578983879108
0.005719076023432923
0.0038157263192076228
-0.0019999999999999987
-0.006825359524581821
-0.014718523707285942
-0.026646547970512947
-0.03763524427069612
-0.04772678738703214
-0.04687400438110472
-0.04398312745684955
-0.04599152316751908
-0.03792531446586647
-0.02885100063307561
-0.016832902247725413
-0.01281735888071464
-0.001921150143436526
0.0020131983722662
0.006861557842969891
0.0078084818538465915
0.009708533045942188
0.013626117233597922
0.008647307391179086
0.00764400131224406
0.0007634160049314829
-0.00018515338892086762
-0.00016739628696528966
-7.302155323424833e-05
-7.383077935200236e-05
-0.0
-0.0
-0.0
-0.0
-2.7748781399376555e-05
-2.8222899271828385e-05
-2.7004474999134648e-05
-5.570916239872091e-05
0.0028733876235849964
0.004848924291858777
0.0058153762787611345
0.008789812259237948
0.007786681694532143
0.005820881428261281
0.001931837058949277
-0.0019227112841752934
-0.009842527460639561
-0.015770055319893398
-0.020776942418155787
-0.027775729202669963
-0.03583774360468594
-0.03592179878370171
-0.03198402875849806
-0.03199898731513228
-0.026971785348294273
-0.02293289155720423
-0.01690538604374425
-0.007905938780392207
-0.0069140865985355005
-0.0029574140122459315
0.0049699486146491875
0.009886705080825486
0.009860281468931956
0.010823785573108397
0.007819470547355814
0.0028420540536340747
0.00186778780531719
-9.960506259091096e-05
-5.482786727767927e-05
-2.2963797963970705e-05
-1.138802486957838e-05
-0.0
-0.0
-0.0
-0.0
-0.0
-1.6247452711997947e-05
-1.506167387095287e-05
-1.409323961315604e-05
0.001965828961425129
0.003936472813174119
0.0059067312402480586
0.007893032939756748
0.007915496370916817
0.006946117886478855
0.002992935973996713
-0.0019410344831388149
-0.007900987934841385
-0.012853574206357252
-0.020864059189280578
-0.020883414279569582
-0.02590602671478806
-0.022953168165341722
-0.023986238302802484
-0.02399978282479868
-0.020994337202047447
-0.019982515487232212
-0.015138902169154474
-0.011956961332113573
-0.008958297040768585
-0.0019760023503753634
0.0030003785498987304
0.00795363880794305
0.006945581606639434
0.007930366517016157
0.003936671253876003
0.0029493669654433083
0.0009730910254005065
-7.872262172149113e-06
-7.742583852680554e-06
-6.116909809078228e-06
-0.0
-0.0
-0.0
-0.0
-0.0
-0.0
-0.0
-0.0
-2.2837076094822127e-06
0.0009862492195979134
0.0019813230322604167
0.003985666933987057
0.004981867103651264
0.005980291008688001
0.006977241472039975
0.0030009845545956367
-0.0029576881831970643
-0.006950132214254349
-0.010992849175636598
-0.015933303208243325
-0.016937866043160197
-0.0219497429124881
-0.022969906032909375
-0.026986532073640598
-0.02099746792759561
-0.02200008698070067
-0.01999744922808265
-0.017860696217151494
-0.0119874123361881
-0.007986098452755708
-0.0029885548097038353
0.00299450715075679
0.004989937442761978
0.0069824343572045915
0.006982662689375801
0.0029879176802106847
0.003973757605362347
0.0009993646197986627
6.265984445033881e-06
-0.0
-0.0
-0.0
-0.0
-0.0
-0.0
-0.0
-0.0
-0.0
-0.0
1.3291572312770943e-05
0.001975820665297069
0.000998828215777467
0.0029894984316089987
0.005987423973290128
0.0069975207284041115
0.004995183448948298
9.49637850043501e-06
-0.004970153593058176
-0.004989897160923974
-0.012279030929958652
-0.015971386206105376
-0.017972507972291933
-0.023972796096351733
-0.024980397205397888
-0.025987157863606794
-0.025993124319353248
-0.021997739166098595
-0.017999549782010033
-0.017284297178119832
-0.013999611484313878
-0.007994920185079458
-0.0010018620580079093
0.002982213068331664
0.004011998053517596
0.006982456774425671
0.004979594691098325
-0.0009668177966091759
0.001987025117401226
0.0019991987520764313
1.4620062825426021e-05
-0.0
-0.0
-0.0
-0.0
-0.0
-0.0
-0.0
-0.0
-0.0
-0.0
-0.0
0.0017157548254954549
0.0019998831182836975
-0.0
0.005999564579497137
0.005999517588767874
0.003999646034554416
-0.001999034056540109
-0.0059977024005305815
-0.002997876315129613
-0.010994907958049862
-0.015918182903960278
-0.0149903050161392
-0.025117625092232684
-0.02298633437744919
-0.016143103065680207
-0.02398592761600231
-0.02500100835983464
-0.021250876015151077
-0.017991800551439806
-0.017994087727758297
-0.003997769001036435
-0.001998123770148058
0.0017156156673250225
0.007367943764241009
0.004999598880114779
0.0019998551987643327
0.0032985525403204743
0.001999883400319593
-0.0
-0.0
-0.0
-0.0
-0.0
-0.0
-0.0
-0.0
-0.0
-0.0
-0.0
-0.0
1.3291572312770943e-05
0.001975820665297069
0.000998828215777467
0.0029894984316089987
0.005987423973290128
0.0069975207284041115
0.004995183448948298
9.49637850043501e-06
-0.004970153593058176
-0.004989897160923974
-0.012279030929958652
-0.015971386206105376
-0.017972507972291933
-0.023972796096351733
-0.024980397205397888
-0.025987157863606794
-0.025993124319353248
-0.021997739166098595
-0.017999549782010033
-0.017284297178119832
-0.013999611484313878
-0.007994920185079458
-0.0010018620580079093
0.002982213068331664
0.004011998053517596
0.006982456774425671
0.004979594691098325
-0.0009668177966091759
0.001987025117401226
0.0019991987520764313
1.4620062825426021e-05
-0.0
-0.0
-0.0
-0.0
-0.0
-0.0
-0.0
-0.0
-0.0
-0.0
-2.2837076094822127e-06
0.0009862492195979134
0.0019813230322604167
0.003985666933987057
0.004981867103651264
0.005980291008688001
0.006977241472039975
0.0030009845545956367
-0.0029576881831970643
-0.006950132214254349
-0.010992849175636598
-0.015933303208243325
-0.016937866043160197
-0.0219497429124881
-0.022969906032909375
-0.026986532073640598
-0.02099746792759561
-0.02200008698070067
-0.01999744922808265
-0.017860696217151494
-0.0119874123361881
-0.007986098452755708
-0.0029885548097038353
0.00299450715075679
0.004989937442761978
0.0069824343572045915
0.006982662689375801
0.0029879176802106847
0.003973757605362347
0.0009993646197986627
6.265984445033881e-06
-0.0
-0.0
-0.0
-0.0
-0.0
-0.0
-0.0
-0.0
-1.6247452711997947e-05
-1.506167387095287e-05
-1.409323961315604e-05
0.001965828961425129
0.003936472813174119
0.0059067312402480586
0.007893032939756748
0.007915496370916817
0.006946117886478855
0.002992935973996713
-0.0019410344831388149
-0.007900987934841385
-0.012853574206357252
-0.020864059189280578
-0.020883414279569582
-0.02590602671478806
-0.022953168165341722
-0.023986238302802484
-0.02399978282479868
-0.020994337202047447
-0.019982515487232212
-0.015138902169154474
-0.011956961332113573
-0.008958297040768585
-0.0019760023503753634
0.0030003785498987304
0.00795363880794305
0.006945581606639434
0.007930366517016157
0.003936671253876003
0.0029493669654433083
0.0009730910254005065
-7.872262172149113e-06
-7.742583852680554e-06
-6.116909809078228e-06
-0.0
-0.0
-0.0
-0.0
-0.0
-2.7748781399376555e-05
-2.8222899271828385e-05
-2.7004474999134648e-05
-5.570916239872091e-05
0.0028733876235849964
0.004848924291858777
0.0058153762787611345
0.008789812259237948
0.007786681694532143
0.005820881428261281
0.001931837058949277
-0.0019227112841752934
-0.009842527460639561
-0.015770055319893398
-0.020776942418155787
-0.027775729202669963
-0.03583774360468594
-0.03592179878370171
-0.03198402875849806
-0.03199898731513228
-0.026971785348294273
-0.02293289155720423
-0.01690538604374425
-0.007905938780392207
-0.0069140865985355005
-0.0029574140122459315
0.0049699486146491875
0.009886705080825486
0.009860281468931956
0.010823785573108397
0.007819470547355814
0.0028420540536340747
0.00186778780531719
-9.960506259091096e-05
-5.482786727767927e-05
-2.2963797963970705e-05
-1.138802486957838e-05
-0.0
-0.0
-0.0
-4.1916288110640925e-05
-4.297288258705444e-05
-4.380608782626977e-05
-8.773141760909745e-05
-0.0001325977810977562
0.001802908004937059
0.0037412820548265173
0.009585288016950414
0.00959153965128417
0.007645578983879108
0.005719076023432923
0.0038157263192076228
-0.0019999999999999987
-0.006825359524581821
-0.014718523707285942
-0.026646547970512947
-0.03763524427069612
-0.04772678738703214
-0.04687400438110472
-0.04398312745684955
-0.04599152316751908
-0.03792531446586647
-0.02885100063307561
-0.016832902247725413
-0.01281735888071464
-0.001921150143436526
0.0020131983722662
0.006861557842969891
0.0078084818538465915
0.009708533045942188
0.013626117233597922
0.008647307391179086
0.00764400131224406
0.0007634160049314829
-0.00018515338892086762
-0.00016739628696528966
-7.302155323424833e-05
-7.383077935200236e-05
-0.0
-0.0
-5.8384345292488004e-05
-6.0249829607504627e-05
-6.192718146667431e-05
-6.256377102792516e-05
-0.0002567011625929246
0.0016758748527354837
0.003612718490917359
0.004459726543620831
0.007324186037009685
0.01312970350545623
0.009362922756661913
0.01139296220093875
0.009532030621480697
0.0038468266134578416
-0.002898877050865041
-0.018637660712121522
-0.035493336421092515
-0.05246724178553938
-0.06259496776638741
-0.06181389186341045
-0.05498322772068733
-0.05197378499506259
-0.043860611349631214
-0.036742350936588
-0.02170631356426494
-0.008793173044398615
0.0030509840410430536
0.0049126781951962795
0.011621207601912716
0.009542884708636427
0.014407791639024056
0.013344085587857542
0.009427147319581452
0.007455666765978336
0.00355418797582158
0.0016614961191503237
-0.0002807453898476419
-0.00019406595863419277
-0.0001096296238729914
-0.00010706613617298168
-0.0
-7.939380099996547e-05
-8.214130983020331e-05
-8.469628065874821e-05
-0.0002602850744388011
-0.0003545697275976318
0.0015506173148420426
0.003458456930497524
0.00414940535990922
0.008951216600301353
0.012666161507143834
0.015574344900332507
0.012841000348978443
0.013093910725924788
0.012333688077493877
-8.691461640833922e-05
-0.016740729033457784
-0.050461323361744144
-0.0863953123791603
-0.09647843986279132
-0.08079981623964
-0.0629945739611148
-0.05794274601268182
-0.05580799445894997
-0.0466999139228195
-0.031642046081846786
-0.007778978116572852
0.0029595314889135646
0.010645446930171661
0.009371845341200063
0.012098503903267001
0.013006620957330996
0.01291432055613679
0.010927399535670177
0.006248575592818958
0.005277034145416718
0.0033551597321852694
-0.00039845122525983224
-0.0003918621175428297
-0.00015355582825974967
-0.00014934332147423473
-0.0
-0.00010419251788046484
-0.0001080896400362616
-0.00011183091719660376
-0.00045949849292150567
-0.0004717192088097359
0.0013981988288174919
0.0029030398695755197
0.004778583460217977
0.012189460814820112
0.01577949259153958
0.01580151375366429
0.015871285071044534
0.015917927369434093
0.01736960527562696
0.015127671257049525
-0.0050592074668230815
-0.0575816609667088
-0.1425843292935361
-0.1498364908663068
-0.07199462512621599
-0.03796748049210454
-0.04691780818370921
-0.08194146284138111
-0.07590746939543766
-0.036728756111379775
-0.003907189553897636
0.012527704408124058
0.01778061601092247
0.019292446208201353
0.014226007958138854
0.01435317990392418
0.014180323644675587
0.010483923704138596
0.008674914619388753
0.005002642201674181
0.003119398410611936
-0.0005406124619185167
-0.000528289616487174
-0.0003085779816157948
-0.00019921226167455262
-0.00014423344332561768
-0.00013222202469694738
-0.00013758347505577997
-0.0004286458880612171
-0.0005916614724117658
-0.000610847615624354
0.002900836946486741
0.004395691375009471
0.006211104304826771
0.011553898002003972
0.014780848306621209
0.014662486222298945
0.016028306034744887
0.021694566513468152
0.028635863275840563
0.03538860612355728
0.03292565102494455
-0.02446652530109086
-0.18090973847058645
-0.17384501191542187
0.035773764615703425
0.11783681309200948
0.04000197505748365
-0.11581079936386939
-0.12189930938261542
-0.040314859368836255
0.011439016729527103
0.025045553968229512
0.024100755842242055
0.018803879495932787
0.014939117430747505
0.013150610895338305
0.014230162533486015
0.01339158574420732
0.008054483394441734
0.004516100819405818
0.0028331517111150235
7.500685588740094e-05
-0.0006905913715928277
-0.00040050954565873083
-0.00025782884669839416
-0.0002480550635329603
-0.00016374073058972907
-0.00017089891321233114
-0.0005344593080203728
-0.0007413584327664017
-0.0007699279580149572
0.002405016198700929
0.0039434493777367775
0.007256292507712876
0.01134362884477355
0.012552436343654735
0.014716878214284485
0.016505102176493116
0.022152713125989536
0.03598004399633639
0.05771499780295366
0.10296872352978638
0.18204697116851282
0.33976595958768824
0.688556512301316
0.4865043134361025
0.4507924524208237
0.3035473568150611
-0.03027631068370733
-0.08966284826146327
0.002018200217595986
0.04475310210639618
0.04266251646094046
0.03111619020863532
0.021842862248379308
0.020338861911658193
0.012318183254127557
0.012018003485206515
0.01241173189294748
0.008341226260014422
0.005878776764984268
0.0024992610675644298
0.0007287816449990097
-0.0008755770034893785
-0.0005052420417542103
-0.0003237018309185181
-0.0003103523641895307
-0.00019572270021182503
-0.00020498780481083547
-0.0006437171892110238
-0.0008977122451397054
-0.0009377110048793964
0.00028775045823315463
0.003452718567714334
0.0065600370561790374
0.011068647072506493
0.01207097975934268
0.012481809077416403
0.015312292349441006
0.02090703767221969
0.033620346248300015
0.05523013043971113
0.12352289685267033
0.33642538334813143
0.9585893983923383
1.1807025980828534
0.8050503902247295
0.6107061579141643
0.80338720377018
1.389087855826558
0.9636603484968029
0.19329189937518024
0.09954408497847922
0.058318686565310474
0.03459022788392062
0.021797408269259896
0.018092253366361038
0.011166252623287387
0.012157162962075514
0.011315788755487362
0.006458306704255885
0.00530908516055214
0.0009970596599410027
0.00041536614132135227
-0.0009763483010725735
-0.0007268689053997553
-0.0003974090859515059
-0.0003797734060649149
-0.00023350525740020915
-0.00024520903502816323
-0.0007725735772116632
-0.0010818709491025973
-0.0011360209237672773
-0.0017894444046046387
0.0028678826701642643
0.00739570184036638
0.009784267816425846
0.00956487632496919
0.010085903852756217
0.01233760367289134
0.016424486936876852
0.024838992542094197
0.03206593949386532
0.05223208923099393
0.08381641359798725
0.07966492508227224
-0.030300628570445617
0.13313679747371696
0.3147381584073725
0.48819001608822576
0.6154415409891485
0.6883285638730834
0.2327258842170814
0.08495308231644823
0.0448964823753965
0.0287987194094123
0.020243910672075007
0.015064580174415847
0.010462254020461362
0.010504735132622326
0.008945393259394903
0.007297737241269852
0.00640393987126981
-0.0002880334068207352
-0.0016364079499640353
-0.0010395672914231058
-0.000866737239140472
-0.0007075356311756272
-0.00044918163376731174
-0.0002773354581193574
-0.0002918036180277036
-0.0009217111953109585
-0.0012947495186677687
-0.001365485130194072
-0.0021623435987922724
0.003998836672048263
0.00635014573139448
0.005144415214920174
0.007324276186268159
0.007392101697651599
0.008707232381318972
0.007903219491876052
0.007232821694380015
0.007381284547290938
-0.010231297136281866
-0.05680026881018574
-0.14025079761898115
-0.1701404525647903
-0.06278326935924614
-0.0008023872596154566
-0.08591753010897972
-0.18806154073779816
-0.06357548673901366
0.002114068037541036
0.015816045438980676
0.015930545149784058
0.013333547462456822
0.011665362185765249
0.01221468196284392
0.007423337944371971
0.007164672479119349
0.005876502396813679
0.006225465654196574
0.005627095404375919
-0.0007613612279929984
-0.001799234909233286
-0.001240888829497942
-0.0010304406125687515
-0.00083849253275932
-0.00039820882229186616
-0.00032109259357422285
-0.00033850378961293383
-0.0010717798864746152
-0.0015100083317543124
-0.0015981953638082242
-0.002541931324247592
0.0019471797855293367
0.005279503663119772
0.0037803788221443513
0.004773843116332324
0.004219219351812026
0.003658272548980251
0.00030090230753140683
-0.002504706106751123
-0.012545991636210277
-0.029653923136442516
-0.06859042190199373
-0.11185100182021462
-0.12689440774667154
-0.10230198231474752
-0.09821644917946325
-0.14009266435426537
-0.19287991189453507
-0.16198094294097914
-0.08342249040639059
-0.03359660274652377
-0.00873013453918489
-0.0016058341220751688
0.003977238359801605
0.005614102491065015
0.00301339645716582
0.0038458116338908775
0.003526006274782068
0.0034639157631948065
0.0016141194287523381
-0.001097289014967067
-0.0003375262626798634
-0.0014721724833682667
-0.0010447038912929682
-0.0008245665572545019
-0.00031271245132132047
-0.0003671417860048468
-0.00038763602217548905
-0.0012295917363580897
-0.0017362755132528873
-0.001842439624935212
-0.0029396330392447204
-0.00018124452532583814
0.0027259817868751472
0.0029741023982691375
0.0029353560473443967
0.003105028873543592
-0.00023953867847140088
-0.0035367177505209557
-0.00813095690054386
-0.018224746913881033
-0.03517758366498721
-0.05653088858518243
-0.08005312647788994
-0.09235004474737923
-0.09853829757190019
-0.10272943260319935
-0.11997608283242377
-0.13124126030988748
-0.11260508068258966
-0.07872909430934745
-0.04315286112305244
-0.02013289451644546
-0.008106833918501219
-0.001970352025305085
0.00028228867111759477
0.0017858583172813442
0.0012133760962230403
0.002565242311246888
0.004317841771730693
-0.00035806942392541195
-0.001364507105961341
-0.0007105810175987909
-0.001701994041404692
-0.0012047169400828462
-0.0007591091856781609
-0.00035924314061096425
-0.00041477163045810405
-0.0004384007744967137
-0.0011603430510250653
-0.0019692368146127025
-0.002093222049447055
-0.003346394680534323
-0.0007700032977019769
0.0009623839845855234
0.002345812389454956
4.326517304529093e-05
0.0005121030396164699
-0.002504167791385081
-0.00680693938589306
-0.011768978447000774
-0.019049076707447345
-0.03204329041156858
-0.04672051729756712
-0.06263931785386113
-0.07516934345689012
-0.07970123035389945
-0.08347520439244248
-0.09170629303897271
-0.09148266406259206
-0.07905687652138697
-0.06013182987808757
-0.040522330999121586
-0.022634008011153818
-0.011367870284059835
-0.008151241536057644
-0.0053255508678302374
0.0002668133031723098
-0.00019178466815566764
0.0014385945227243662
0.0016816761485311655
-0.0007112067238745478
-0.0018536337819611596
-0.0020646172633122235
-0.001940714919977686
-0.0013712474946671659
-0.0006470751983719738
-0.00040779516942566677
-0.00046407900788567806
-0.0004908202631342956
-0.0010400115284316814
-0.0016560405786648668
-0.0023491540583186034
-0.0031323939528879793
-0.0026920915595511946
-0.00047737715108930976
-8.641655537684256e-05
-0.0006052872000513893
-0.002638866629985054
-0.0030332272488712343
-0.008469784376587288
-0.014598161345338149
-0.019339956620968247
-0.027371061630253435
-0.03795235558500721
-0.04722279716923793
-0.056054299767977815
-0.06378265296905933
-0.06577562484001241
-0.06663035256722205
-0.06294540904312826
-0.05547138889452967
-0.04499576990922521
-0.032485508401111855
-0.021204743092279543
-0.014162151692838045
-0.009428238042722959
-0.00408137551109857
-0.003538959141973306
-0.001400941378998754
-0.00026329915073715154
-0.0004352129274928321
-0.002655780037506834
-0.0017255198923588342
-0.00232566675274188
-0.0019106920691570287
-0.0015411643560955875
-0.0004843948821773837
-0.00045754956157596815
-0.0005143181439139069
-0.0005440664013395607
-0.0005765439151447546
-0.001530389461315884
-0.002605580077303466
-0.003126763003632991
-0.004459673893005418
-0.0023806168669580708
-0.0021583195523103703
-0.002065919482446408
-0.003104306083153306
-0.005545347900175024
-0.009162529882339437
-0.013478757261935545
-0.019620747823871635
-0.02450145704403334
-0.03260356643025554
-0.03849229553681975
-0.04394726702885686
-0.050533464659759594
-0.05188748962795508
-0.05365797331779145
-0.04771817320343538
-0.04420246891674504
-0.03579882219277379
-0.02813651877911795
-0.021354561896619998
-0.014736279541916603
-0.010715682654040345
-0.006812668507897223
-0.004199845001386406
-0.00356215921866127
-0.0005899778313943699
-0.002369801894791731
-0.00318552940562731
-0.0021489144836929694
-0.0025892603896160277
-0.0018226940382341174
-0.0014288183160007686
-0.0005387117843396694
-0.0005086968690580713
-0.000565094064777745
-0.000597678065816074
-0.000633213097684088
-0.0013442207938506956
-0.002144571787834916
-0.00304804555306122
-0.004071446362035993
-0.0041071119426269575
-0.0024362065633001246
-0.004099211711153117
-0.0052746896173209296
-0.005720857190875001
-0.008496809813150912
-0.012398155916909155
-0.01583930836808468
-0.019272972976202844
-0.026789227787901073
-0.03267113869539392
-0.03720666894186702
-0.0390939446776192
-0.03994041359130732
-0.03973257054331148
-0.03841139495619307
-0.03413521038166692
-0.02940428539811738
-0.02409163836778524
-0.01896777199734917
-0.014359901690134092
-0.010142046062765931
-0.007146619324958712
-0.006319392022378373
-0.0031830903940636055
-0.0035299128957369144
-0.003556415015308742
-0.0028862475273307513
-0.0030431495299844207
-0.002850430902252118
-0.002007128687147873
-0.0006294862060355499
-0.0005934188836520414
-0.0005604054144004433
-0.000615968992419089
-0.0006511653656333635
-0.0006894673037371139
-0.001462545958451977
-0.0015540813039726224
-0.0033091702707907103
-0.0044130099636529915
-0.004718145610351078
-0.004088202032691613
-0.0037684756251857273
-0.005672062705838567
-0.007592672021271829
-0.008945119474171887
-0.011291601817270064
-0.014549252340457881
-0.01734683807346191
-0.0208839422031068
-0.02469220691972148
-0.028117441322428785
-0.03136079686199063
-0.031967883768259514
-0.03179760415179565
-0.030837816840633123
-0.02745878509462928
-0.02359920508020315
-0.01956120498047686
-0.016353222927537575
-0.0117745863987712
-0.010662147809369697
-0.008580181506764126
-0.004994071280047007
-0.0038601900753295376
-0.004144543097358398
-0.004637091158607189
-0.0044255055942287996
-0.0033126133417140267
-0.0023298212842403957
-0.0014595472580006977
-0.0006870974350693634
-0.0006480823880297968
-0.0006123012560944772
