-0.005678883102469973
-0.010234938712079077
-0.012840644776757488
-0.019648950307723102
-0.028500926817954974
-0.0356419236735378
-0.045609644395339564
-0.05894102399235748
-0.07465922952812613
-0.10005610254374044
-0.12275051284954572
-0.1576756104994969
-0.19978693884216422
-0.24606312450256182
-0.3061476095979056
-0.3723685852311263
-0.4466336547485493
-0.5081075196909542
-0.5709584065931409
-0.6206884523025101
-0.6451727096517645
-0.6507826702434039
-0.6319238163413983
-0.5916518096481068
-0.5270051929682497
-0.46417632663611635
-0.3927875304733606
-0.3263433547107523
-0.2669513454773029
-0.21799874688236562
-0.1763846232639797
-0.14042420470598507
-0.11231898572160438
-0.09258868553784795
-0.07030523765069403
-0.055064146218840745
-0.04488138695097979
-0.03261605015014269
-0.02685834090834991
-0.017235332666025324
-0.015375002936809838
-0.002032314095237114
-0.0055281272232515465
-0.00995338718697389
-0.015475097739463544
-0.019166989734537246
-0.028549109358759716
-0.042527464926034673
-0.05253924038469214
-0.0735259132706072
-0.08948388623198661
-0.11886734491414275
-0.15860275487013434
-0.20259706302324754
-0.2635601267223732
-0.33284594221751124
-0.4184855148203705
-0.5116415718585547
-0.6013595275185338
-0.6874471480802582
-0.7535648045446245
-0.7924992736806034
-0.8090468160157616
-0.7893111236956438
-0.7325419942810716
-0.6445680987405872
-0.5517444741893812
-0.4558840057269414
-0.3672312953819506
-0.29515962480043756
-0.23391252422161907
-0.183552338964761
-0.13989522763605533
-0.10990106298765003
-0.08769415625408408
-0.0688774707921152
-0.05390404025592421
-0.03966346565416388
-0.030006412051280677
-0.021520753634925033
-0.014619287006594591
-0.012245547452785999
0.0018795255137256162
-0.000466956511292472
-0.0038543444763645515
-0.007969050957760609
-0.014043344371761732
-0.02115257305396972
-0.03292596331769152
-0.04339783668976242
-0.060041370208823885
-0.07968223449825106
-0.1076849841615111
-0.146916573300721
-0.20065899536522558
-0.267234835520653
-0.35880205423099265
-0.47063580718003317
-0.5969370557352355
-0.7262057685273612
-0.8372713614053698
-0.9245010188728727
-0.9861220357878928
-1.0220956424945757
-1.0077968480639605
-0.9327825487961844
-0.8075610049433893
-0.6667619844036206
-0.5283121884289527
-0.4133272328720981
-0.32207000258741403
-0.24302375455091071
-0.1856472229899811
-0.1390980883120775
-0.10680338983466398
-0.08008817167642053
-0.06316179252786001
-0.04500248028693813
-0.03243226104809601
-0.02535293496706536
-0.016016241581499644
-0.011725376330636441
-0.0059766394607254575
0.00793199332034287
0.00594457806991504
0.003555560866865602
1.7929750785937906e-05
-0.007307648275065936
-0.0107493452641793
-0.019516230905793134
-0.03180491902090698
-0.04913616539264729
-0.06494836386771047
-0.0911347915729046
-0.13039286899202915
-0.18642950252496507
-0.26136627469354967
-0.37340683380921136
-0.5227233051217596
-0.696629334323221
-0.8729041382916254
-1.0163545654181512
-1.1201702019326616
-1.218029127671005
-1.3080028935667765
-1.3332837597028315
-1.2356745737992838
-1.0417891142187266
-0.8171384369669612
-0.6162184138191282
-0.45960895734816454
-0.3397432240861071
-0.25301545435036477
-0.18462040690278883
-0.1394034231387364
-0.10251491963132486
-0.07426617935898949
-0.05498694118039151
-0.03811948623851498
-0.02333824501830344
-0.019347111625608576
-0.00969527110552962
-0.005247850011469362
-0.0028498181598958575
0.01201653033238822
0.0150307637783779
0.00914320590727359
0.006287316118963257
0.004085121302938756
0.0011942197001490755
-0.006490680265113071
-0.013701649369545845
-0.03156456495363166
-0.04682276306136549
-0.06793901078416466
-0.10651847791730318
-0.15876656619924237
-0.24143949004395396
-0.3688580594452914
-0.5690926016224397
-0.8343795668988673
-1.076998302088114
-1.2267692901745504
-1.2885051982582314
-1.4231277246208858
-1.6744621857733182
-1.8574720500776691
-1.752883837905342
-1.395914070167281
-1.0143098885204556
-0.7110067601412758
-0.5058907153752822
-0.35563068757605093
-0.25138002178831914
-0.1763022792522336
-0.1253052550597379
-0.09038457070130368
-0.06202017181239509
-0.04428040768287491
-0.027338929738643835
-0.0139831514042951
-0.008609049093938557
-0.004509740980631542
0.0026221630286812733
0.00724493660846247
0.020470183688243923
0.022113722675451985
0.02164575471196481
0.018463274520273704
0.018168809325250886
0.012956177985573504
0.012886551589377253
0.00425353911963624
-0.005405369329024914
-0.02036585324986335
-0.03744707172359812
-0.06690661869894049
-0.11180358591463996
-0.1891580038517476
-0.3370211999513252
-0.6114490151162651
-1.0289417442028739
-1.430135008566598
-1.4901292970657813
-1.2659206740617375
-1.3466981836461724
-2.056445423611094
-2.791178621249648
-2.698200958935977
-1.9530481991971846
-1.2615691496683927
-0.8091180091072793
-0.5290173253131227
-0.35159339526841604
-0.24093353644772844
-0.15936981855224247
-0.10607973319505196
-0.0690178228294395
-0.04638881410357478
-0.02644229024611633
-0.017065623583995486
-0.005325864189867964
0.0010786280950259282
0.007558104967941856
0.01013516060527532
0.013629491144797837
0.029733993963465065
0.028588236430290008
0.026189867530432884
0.03016829807081968
0.028475701726861872
0.030389649864423277
0.029787384237079582
0.026824918023373494
0.018281212380605854
0.015161660789095619
0.0017459861560548545
-0.01985163155901471
-0.0532057218134731
-0.11613554277076527
-0.25787672929644717
-0.6110288362160163
-1.35135406677086
-2.183342951185759
-1.9488065645566623
-0.6749500985704084
-0.42135235141559674
-2.232528480535354
-4.509420668066818
-4.495502325963473
-2.776187512974546
-1.5219796879916485
-0.8759004796078129
-0.5216573214001812
-0.32052066706755455
-0.20035117406418934
-0.12241561939762215
-0.07866416696491516
-0.04497383379251647
-0.02396331991299954
-0.007749172289002809
-0.001274617933762567
0.008438351425965092
0.012209313157551525
0.018191501013091665
0.020323546288683613
0.019749299625923068
0.033218084142455806
0.03753567627730317
0.03929589055489369
0.04304394511666745
0.04236811017126989
0.04891035603796014
0.05387087898909866
0.05267884352797713
0.05345653706149034
0.04885700243476615
0.04753157079308026
0.04305370708076316
0.018372228436489033
-0.020887209113305237
-0.14267136618713883
-0.5435255286652149
-1.857424604754365
-3.93436027752274
-3.0367315115510527
0.6240501866841499
1.6204599263183963
-2.171498904013163
-6.923608410360221
-7.400975563642295
-3.5054440732038388
-1.64705587596185
-0.8185051747553721
-0.42794606653396655
-0.23126060222859485
-0.13023419612417741
-0.07087995921034206
-0.035100101980742725
-0.012086519030722116
0.003466968672774137
0.01634208891431872
0.022326508740997647
0.026557053833627053
0.026383230250962984
0.023887175202143215
0.029164992046119293
0.023342374517704614
0.04252124991706809
0.046191765540225055
0.04965902084545277
0.05757739667927115
0.06246975691141279
0.06723229956426406
0.07420169942046215
0.08603909766345229
0.0882980214756756
0.09559179442992731
0.0981775642809919
0.104299363007159
0.10077773364678373
0.059509145352718604
-0.07094966269793629
-0.5670786146207918
-2.613046892795103
-7.789560931199618
-4.509287751014267
-4.484609218848255
3.4399034480605546
-1.0326960855848197
-12.731783494629004
-9.523959235546771
-3.9340779176849554
-1.365036499641654
-0.47806204134943014
-0.18343947810213476
-0.07411154379407148
-0.023144338825852765
0.0051816580921653895
0.020753018352181518
0.028937742509956475
0.03404625025911857
0.03787764315074491
0.04006006809761256
0.041116241934841036
0.0427178270305206
0.03987397924676266
0.0372662649186561
0.03080832385562725
0.05086305868058417
0.055960750630701675
0.05876674680128644
0.06681767492158575
0.07579591979691747
0.08821138353023564
0.09739019458791896
0.11153021271116427
0.12393068737914453
0.14011834407189241
0.1582154468913883
0.176675157112083
0.18148649358740243
0.15688111404949684
0.01186444696138366
-0.5732470247891502
-2.8953210594969727
-9.960898223777791
-12.472284471128056
0.7399988159887628
2.892289034556861
0.8987356153371775
-4.5439006266233495
-13.658464228453086
-3.174327076236388
-0.02569741049246421
0.2989424148022639
0.1968898554602855
0.13499734928036417
0.10586570811368944
0.0891331627705299
0.07908519123712714
0.07546958374697843
0.06925896471786834
0.06785310803884843
0.06279181878579164
0.05805250885240782
0.056248787976803195
0.05016280873460787
0.04798072183815901
0.03968851035795684
0.05662441993835536
0.0662962943248283
0.0716632851405318
0.08135702262973911
0.09534578460317775
0.10632393978527807
0.12349631814712736
0.14189147905029853
0.1648779243555553
0.19579050827692382
0.22101093221708457
0.2527765359272613
0.28603326377649896
0.31129424202285044
0.2932408184647113
0.05593111418932352
-1.7068198870746623
-10.441816796628625
-10.666552853958818
2.556745016708027
6.924997476506145
4.628714576170579
-6.101261683168456
-6.332253262000579
-1.0041993452857134
1.103131617559852
0.9220179422066198
0.5557717632381476
0.3444427596467252
0.23891887105635393
0.17931548284666265
0.14761340785443644
0.12409781761695575
0.10761564098843328
0.09722369521469956
0.08312522768134116
0.07902699863021416
0.07215375148360438
0.060863539165853124
0.05476622973539837
0.04966537764206891
0.067471022860899
0.07238431666980123
0.08284190752593756
0.09475419999072182
0.11165169183488226
0.12708872138395078
0.1507639055218356
0.1747845536713069
0.20937671862632792
0.2380385363515772
0.2872240094257081
0.3436976454811852
0.41006726142556926
0.49970559344443854
0.6485125835626757
0.7282816131451603
-0.5195707415367017
-5.775255381066853
-5.120218545855135
3.181566768687826
7.29950345021364
4.958892649447484
-1.3386329232441876
-2.8066846779965906
-0.10645058651969765
1.144413365277482
1.040671845246228
0.7157204532510085
0.4834316356536
0.346283696537405
0.2622187831467322
0.20799310812819488
0.17318624296949525
0.14279759063289887
0.12166522740337153
0.10808645072629121
0.09743699173472248
0.08514402928708212
0.07799968508865322
0.06268575101418689
0.06068190618083758
0.0753410747991642
0.08447944524834385
0.0939892469679099
0.10524596856577056
0.12480053550115829
0.1476217433031127
0.1750746459833155
0.20007183228428285
0.24069689514440115
0.2893806628185774
0.3472302039499105
0.41905604497185656
0.5097989201413204
0.6331987801780432
0.7615860827097866
0.7067790004677874
-0.278621551943962
-2.57424914637475
-2.2803066582765616
1.7921037419823307
4.107182888103938
3.142163817353392
0.5797167363198921
-0.4864069937352418
0.27257539032877415
0.8933540383807773
0.9307511397844986
0.7526690811493075
0.5639604187555064
0.4247847881085451
0.3266777036023492
0.26426705741150047
0.21883643942049263
0.18308590065776978
0.15281452228796946
0.130801561131655
0.1174962411322991
0.10431634884497154
0.08735180204998494
0.07514354431699787
0.07324808448781665
0.07978813687217855
0.09348862607042269
0.10832451379682034
0.12115990668831768
0.14011766164523068
0.16678990290128315
0.19855014012740085
0.23371081439531183
0.2786362380370801
0.3361507770246843
0.40380454902098883
0.4899633868573835
0.5811995404209352
0.6925062619967026
0.7612388219704657
0.6411689643271276
0.10073539223926077
-0.6263041118508511
-0.28262746365462593
1.2221488091374022
2.243136304882132
2.055567222648986
1.2186389855982915
0.6993202399836753
0.7479068968070538
0.9049123579456907
0.8930800065687425
0.7648018419102521
0.6141725103450872
0.4831876635659651
0.3857254055688498
0.3116598634807038
0.25555873294449477
0.2142724034756718
0.1818311953749206
0.15811891816481713
0.13632371145895705
0.1202553004651855
0.10419808282530214
0.09149280156241296
0.0786905963021733
0.08848494771652138
0.09982551302485872
0.11613071573738791
0.13239216665236359
0.1556569170023415
0.18218729634045772
0.21770309484972755
0.2579862556736739
0.3094806042941354
0.37111456393505404
0.4443763657348097
0.5337609619650523
0.6362078729218325
0.7353735992433331
0.8036888706806268
0.7638974433982185
0.5899183634468189
0.447658706117428
0.672148243865713
1.2264071522767468
1.6595445044200097
1.6858373116984207
1.4370646903471176
1.1909257106622195
1.0792758007014684
1.0167754188984695
0.9241557956424058
0.7912942325063035
0.657120500235317
0.5333452923068299
0.4303952236093722
0.35297134964170523
0.28963415662923
0.24546025358442095
0.20351510725245398
0.17640771954684528
0.15067461506925728
0.13135866038953867
0.11100451270855322
0.09870152231867708
0.08153714328781035
0.09291823284194102
0.10247625433756354
0.12112332507092054
0.14258886230766554
0.16824464943540074
0.1971102365094153
0.23228022624713618
0.2757781200197216
0.33158298745281484
0.395178220773024
0.48012197430936987
0.5748334918207737
0.6771079263271824
0.7794952944201281
0.8618191276247763
0.913793040164292
0.918955967959539
0.9579676622506708
1.105888296162626
1.346322550970705
1.5455836164113648
1.5892781623013401
1.5035722194040655
1.3605617336821187
1.227201488851872
1.0982149844544038
0.9644109026156404
0.8216232367554355
0.6893441178506619
0.567979712330133
0.4659247750918518
0.3880531348582581
0.3236921638411473
0.26986015728959006
0.22044265652102946
0.1931997862613867
0.16223149515735277
0.1415174713336201
0.12181172747766247
0.10422448624297317
0.09357365567475179
0.09870210597012623
0.11051506729576555
0.13023877088966437
0.15201903750774834
0.18188994389302235
0.21289070262466786
0.25017863017943515
0.2946652049555062
0.3563586126719994
0.4205933021330837
0.5060764842790514
0.6000018269535352
0.7030423976729931
0.8150644835620983
0.9208445530915831
1.015563998863201
1.0972999303563258
1.190177624241949
1.312705074149783
1.4437078215306536
1.5365439432271095
1.5650343444222057
1.5119714536784772
1.4085042167714892
1.2748271655419954
1.132461860937722
0.9894049544815323
0.8447839317141563
0.7186914219759839
0.5974005890525521
0.4951760941909093
0.41106479327004586
0.3470140480545775
0.2874256362841167
0.24295547443940793
0.20473031311311732
0.17466621918709338
0.15170890752038677
0.13083459588985702
0.1160132800916336
0.10121352234498246
0.09818390951118952
0.11800452775521178
0.13388240458732384
0.15584746804901378
0.187733556504061
0.21985683683793084
0.25904975782082296
0.31035944789654624
0.36990888137956823
0.43769318474744695
0.5216194962366439
0.618740515749832
0.7288905833866317
0.8420290939705284
0.9618996318120876
1.0842138047639698
1.1943426379408748
1.3036082385346217
1.4102797308553987
1.499724373257609
1.5505089266803682
1.5560100717098344
1.5062254677657496
1.4089310169348082
1.2928135293645833
1.1439510835610363
1.0050674244249942
0.8629529986567518
0.7335445683101743
0.6160070031904802
0.5153861702161504
0.4337499992325537
0.36225288064702293
0.3028501153016703
0.2575456139872709
0.2173714307621476
0.18330474471909802
0.15831364832661404
0.13536995342707053
0.11643486827576709
0.09857735522129082
0.10118286530928929
0.12207286880098332
0.13902264238370773
0.16198805926571053
0.1929595279520947
0.2260303885911373
0.26813602084312393
0.3163279401741249
0.38058332799267214
0.44999302539687447
0.5364745616681671
0.6330320187727411
0.7426118859308708
0.866155036975002
0.9925940913749752
1.124863704446869
1.2447781986049453
1.359446392885701
1.460841579154299
1.5311147489678978
1.5644778915522226
1.552096723184984
1.4990096120524397
1.3971557812943933
1.2845561598277053
1.1475400873464368
1.0116583891024467
0.8736657459799049
0.7455791442618411
0.6314161238406321
0.5331896947153718
0.44697300367231063
0.3727616420661053
0.3116158898348768
0.2664445779259984
0.22736120056834888
0.1923297262237502
0.16331294509138775
0.14031869322440754
0.11939015015505837
0.10539213015815872
0.10487222908773099
0.12281123651674644
0.13978447119290868
0.16865800721666693
0.19565237385002796
0.2297081214545465
0.2717534450732063
0.32376935120627165
0.38289213010144013
0.45202157478908794
0.5411715568793999
0.6403724330977921
0.7526008708200974
0.8748264476998417
1.0080055663321181
1.142442267480336
1.272178191439614
1.3881231027040812
1.4839543387731826
1.5457178675922154
1.5694597646692212
1.5502430176951716
1.4861006139967483
1.3990487231166995
1.2813579021540522
1.1510140220951508
1.0090429691696376
0.8820413718799862
0.755037880305278
0.6420369042352314
0.5420075779552497
0.45596137444428464
0.3799523680880253
0.32389325070877245
0.2709166702159489
0.228867036099147
0.1958829191900645
0.16391251663361778
0.14389445113668514
0.12397400922041893
0.10688475335209857
0.1089932195594195
0.12528954842002976
0.14469650819750832
0.16828207310480262
0.19641105659771335
0.2275620310322319
0.2717051838513012
0.32699082478527036
0.3869953050627415
0.45912084323975777
0.5460161607762763
0.6420376973199547
0.7547167666021847
0.8772254075989679
1.015162182460365
1.1479575596632552
1.2795115848256498
1.3933532022057087
1.4877573520491005
1.5512963162163624
1.578296755490686
1.5517526527989465
1.4883914704664258
1.3951345814483773
1.2787759086136086
1.148496134616608
1.011225453424106
0.8794518670971531
0.757782888524678
0.6461944430878986
0.5440413115518892
0.45670694041089044
0.390644462299618
0.327339710414562
0.2763348655159367
0.23296154838160987
0.1986498536577887
0.16865358318592524
0.1419913622588118
0.1226611328936043
0.10832210064883896
0.10487222908773099
0.12281123651674644
0.13978447119290868
0.16865800721666693
0.19565237385002796
0.2297081214545465
0.2717534450732063
0.32376935120627165
0.38289213010144013
0.45202157478908794
0.5411715568793999
0.6403724330977921
0.7526008708200974
0.8748264476998417
1.0080055663321181
1.142442267480336
1.272178191439614
1.3881231027040812
1.4839543387731826
1.5457178675922154
1.5694597646692212
1.5502430176951716
1.4861006139967483
1.3990487231166995
1.2813579021540522
1.1510140220951508
1.0090429691696376
0.8820413718799862
0.755037880305278
0.6420369042352314
0.5420075779552497
0.45596137444428464
0.3799523680880253
0.32389325070877245
0.2709166702159489
0.228867036099147
0.1958829191900645
0.16391251663361778
0.14389445113668514
0.12397400922041893
0.10688475335209857
0.10118286530928929
0.12207286880098332
0.13902264238370773
0.16198805926571053
0.1929595279520947
0.2260303885911373
0.26813602084312393
0.3163279401741249
0.38058332799267214
0.44999302539687447
0.5364745616681671
0.6330320187727411
0.7426118859308708
0.866155036975002
0.9925940913749752
1.124863704446869
1.2447781986049453
1.359446392885701
1.460841579154299
1.5311147489678978
1.5644778915522226
1.552096723184984
1.4990096120524397
1.3971557812943933
1.2845561598277053
1.1475400873464368
1.0116583891024467
0.8736657459799049
0.7455791442618411
0.6314161238406321
0.5331896947153718
0.44697300367231063
0.3727616420661053
0.3116158898348768
0.2664445779259984
0.22736120056834888
0.1923297262237502
0.16331294509138775
0.14031869322440754
0.11939015015505837
0.10539213015815872
0.09818390951118952
0.11800452775521178
0.13388240458732384
0.15584746804901378
0.187733556504061
0.21985683683793084
0.25904975782082296
0.31035944789654624
0.36990888137956823
0.43769318474744695
0.5216194962366439
0.618740515749832
0.7288905833866317
0.8420290939705284
0.9618996318120876
1.0842138047639698
1.1943426379408748
1.3036082385346217
1.4102797308553987
1.499724373257609
1.5505089266803682
1.5560100717098344
1.5062254677657496
1.4089310169348082
1.2928135293645833
1.1439510835610363
1.0050674244249942
0.8629529986567518
0.7335445683101743
0.6160070031904802
0.5153861702161504
0.4337499992325537
0.36225288064702293
0.3028501153016703
0.2575456139872709
0.2173714307621476
0.18330474471909802
0.15831364832661404
0.13536995342707053
0.11643486827576709
0.09857735522129082
0.09870210597012623
0.11051506729576555
0.13023877088966437
0.15201903750774834
0.18188994389302235
0.21289070262466786
0.25017863017943515
0.2946652049555062
0.3563586126719994
0.4205933021330837
0.5060764842790514
0.6000018269535352
0.7030423976729931
0.8150644835620983
0.9208445530915831
1.015563998863201
1.0972999303563258
1.190177624241949
1.312705074149783
1.4437078215306536
1.5365439432271095
1.5650343444222057
1.5119714536784772
1.4085042167714892
1.2748271655419954
1.132461860937722
0.9894049544815323
0.8447839317141563
0.7186914219759839
0.5974005890525521
0.4951760941909093
0.41106479327004586
0.3470140480545775
0.2874256362841167
0.24295547443940793
0.20473031311311732
0.17466621918709338
0.15170890752038677
0.13083459588985702
0.1160132800916336
0.10121352234498246
0.09291823284194102
0.10247625433756354
0.12112332507092054
0.14258886230766554
0.16824464943540074
0.1971102365094153
0.23228022624713618
0.2757781200197216
0.33158298745281484
0.395178220773024
0.48012197430936987
0.5748334918207737
0.6771079263271824
0.7794952944201281
0.8618191276247763
0.913793040164292
0.918955967959539
0.9579676622506708
1.105888296162626
1.346322550970705
1.5455836164113648
1.5892781623013401
1.5035722194040655
1.3605617336821187
1.227201488851872
1.0982149844544038
0.9644109026156404
0.8216232367554355
0.6893441178506619
0.567979712330133
0.4659247750918518
0.3880531348582581
0.3236921638411473
0.26986015728959006
0.22044265652102946
0.1931997862613867
0.16223149515735277
0.1415174713336201
0.12181172747766247
0.10422448624297317
0.09357365567475179
0.08848494771652138
0.09982551302485872
0.11613071573738791
0.13239216665236359
0.1556569170023415
0.18218729634045772
0.21770309484972755
0.2579862556736739
0.3094806042941354
0.37111456393505404
0.4443763657348097
0.5337609619650523
0.6362078729218325
0.7353735992433331
0.8036888706806268
0.7638974433982185
0.5899183634468189
0.447658706117428
0.672148243865713
1.2264071522767468
1.6595445044200097
1.6858373116984207
1.4370646903471176
1.1909257106622195
1.0792758007014684
1.0167754188984695
0.9241557956424058
0.7912942325063035
0.657120500235317
0.5333452923068299
0.4303952236093722
0.35297134964170523
0.28963415662923
0.24546025358442095
0.20351510725245398
0.17640771954684528
0.15067461506925728
0.13135866038953867
0.11100451270855322
0.09870152231867708
0.08153714328781035
0.07978813687217855
0.09348862607042269
0.10832451379682034
0.12115990668831768
0.14011766164523068
0.16678990290128315
0.19855014012740085
0.23371081439531183
0.2786362380370801
0.3361507770246843
0.40380454902098883
0.4899633868573835
0.5811995404209352
0.6925062619967026
0.7612388219704657
0.6411689643271276
0.10073539223926077
-0.6263041118508511
-0.28262746365462593
1.2221488091374022
2.243136304882132
2.055567222648986
1.2186389855982915
0.6993202399836753
0.7479068968070538
0.9049123579456907
0.8930800065687425
0.7648018419102521
0.6141725103450872
0.4831876635659651
0.3857254055688498
0.3116598634807038
0.25555873294449477
0.2142724034756718
0.1818311953749206
0.15811891816481713
0.13632371145895705
0.1202553004651855
0.10419808282530214
0.09149280156241296
0.0786905963021733
0.0753410747991642
0.08447944524834385
0.0939892469679099
0.10524596856577056
0.12480053550115829
0.1476217433031127
0.1750746459833155
0.20007183228428285
0.24069689514440115
0.2893806628185774
0.3472302039499105
0.41905604497185656
0.5097989201413204
0.6331987801780432
0.7615860827097866
0.7067790004677874
-0.278621551943962
-2.57424914637475
-2.2803066582765616
1.7921037419823307
4.107182888103938
3.142163817353392
0.5797167363198921
-0.4864069937352418
0.27257539032877415
0.8933540383807773
0.9307511397844986
0.7526690811493075
0.5639604187555064
0.4247847881085451
0.3266777036023492
0.26426705741150047
0.21883643942049263
0.18308590065776978
0.15281452228796946
0.130801561131655
0.1174962411322991
0.10431634884497154
0.08735180204998494
0.07514354431699787
0.07324808448781665
0.067471022860899
0.07238431666980123
0.08284190752593756
0.09475419999072182
0.11165169183488226
0.12708872138395078
0.1507639055218356
0.1747845536713069
0.20937671862632792
0.2380385363515772
0.2872240094257081
0.3436976454811852
0.41006726142556926
0.49970559344443854
0.6485125835626757
0.7282816131451603
-0.5195707415367017
-5.775255381066853
-5.120218545855135
3.181566768687826
7.29950345021364
4.958892649447484
-1.3386329232441876
-2.8066846779965906
-0.10645058651969765
1.144413365277482
1.040671845246228
0.7157204532510085
0.4834316356536
0.346283696537405
0.2622187831467322
0.20799310812819488
0.17318624296949525
0.14279759063289887
0.12166522740337153
0.10808645072629121
0.09743699173472248
0.08514402928708212
0.07799968508865322
0.06268575101418689
0.06068190618083758
0.05662441993835536
0.0662962943248283
0.0716632851405318
0.08135702262973911
0.09534578460317775
0.10632393978527807
0.12349631814712736
0.14189147905029853
0.1648779243555553
0.19579050827692382
0.22101093221708457
0.2527765359272613
0.28603326377649896
0.31129424202285044
0.2932408184647113
0.05593111418932352
-1.7068198870746623
-10.441816796628625
-10.666552853958818
2.556745016708027
6.924997476506145
4.628714576170579
-6.101261683168456
-6.332253262000579
-1.0041993452857134
1.103131617559852
0.9220179422066198
0.5557717632381476
0.3444427596467252
0.23891887105635393
0.17931548284666265
0.14761340785443644
0.12409781761695575
0.10761564098843328
0.09722369521469956
0.08312522768134116
0.07902699863021416
0.07215375148360438
0.060863539165853124
0.05476622973539837
0.04966537764206891
0.05086305868058417
0.055960750630701675
0.05876674680128644
0.06681767492158575
0.07579591979691747
0.08821138353023564
0.09739019458791896
0.11153021271116427
0.12393068737914453
0.14011834407189241
0.1582154468913883
0.176675157112083
0.18148649358740243
0.15688111404949684
0.01186444696138366
-0.5732470247891502
-2.8953210594969727
-9.960898223777791
-12.472284471128056
0.7399988159887628
2.892289034556861
0.8987356153371775
-4.5439006266233495
-13.658464228453086
-3.174327076236388
-0.02569741049246421
0.2989424148022639
0.1968898554602855
0.13499734928036417
0.10586570811368944
0.0891331627705299
0.07908519123712714
0.07546958374697843
0.06925896471786834
0.06785310803884843
0.06279181878579164
0.05805250885240782
0.056248787976803195
0.05016280873460787
0.04798072183815901
0.03968851035795684
0.04252124991706809
0.046191765540225055
0.04965902084545277
0.05757739667927115
0.06246975691141279
0.06723229956426406
0.07420169942046215
0.08603909766345229
0.0882980214756756
0.09559179442992731
0.0981775642809919
0.104299363007159
0.10077773364678373
0.059509145352718604
-0.07094966269793629
-0.5670786146207918
-2.613046892795103
-7.789560931199618
-4.509287751014267
-4.484609218848255
3.4399034480605546
-1.0326960855848197
-12.731783494629004
-9.523959235546771
-3.9340779176849554
-1.365036499641654
-0.47806204134943014
-0.18343947810213476
-0.07411154379407148
-0.023144338825852765
0.0051816580921653895
0.020753018352181518
0.028937742509956475
0.03404625025911857
0.03787764315074491
0.04006006809761256
0.041116241934841036
0.0427178270305206
0.03987397924676266
0.0372662649186561
0.03080832385562725
0.033218084142455806
0.03753567627730317
0.03929589055489369
0.04304394511666745
0.04236811017126989
0.04891035603796014
0.05387087898909866
0.05267884352797713
0.05345653706149034
0.04885700243476615
0.04753157079308026
0.04305370708076316
0.018372228436489033
-0.020887209113305237
-0.14267136618713883
-0.5435255286652149
-1.857424604754365
-3.93436027752274
-3.0367315115510527
0.6240501866841499
1.6204599263183963
-2.171498904013163
-6.923608410360221
-7.400975563642295
-3.5054440732038388
-1.64705587596185
-0.8185051747553721
-0.42794606653396655
-0.23126060222859485
-0.13023419612417741
-0.07087995921034206
-0.035100101980742725
-0.012086519030722116
0.003466968672774137
0.01634208891431872
0.022326508740997647
0.026557053833627053
0.026383230250962984
0.023887175202143215
0.029164992046119293
0.023342374517704614
0.029733993963465065
0.028588236430290008
0.026189867530432884
0.03016829807081968
0.028475701726861872
0.030389649864423277
0.029787384237079582
0.026824918023373494
0.018281212380605854
0.015161660789095619
0.0017459861560548545
-0.01985163155901471
-0.0532057218134731
-0.11613554277076527
-0.25787672929644717
-0.6110288362160163
-1.35135406677086
-2.183342951185759
-1.9488065645566623
-0.6749500985704084
-0.42135235141559674
-2.232528480535354
-4.509420668066818
-4.495502325963473
-2.776187512974546
-1.5219796879916485
-0.8759004796078129
-0.5216573214001812
-0.32052066706755455
-0.20035117406418934
-0.12241561939762215
-0.07866416696491516
-0.04497383379251647
-0.02396331991299954
-0.007749172289002809
-0.001274617933762567
0.008438351425965092
0.012209313157551525
0.018191501013091665
0.020323546288683613
0.019749299625923068
0.020470183688243923
0.022113722675451985
0.02164575471196481
0.018463274520273704
0.018168809325250886
0.012956177985573504
0.012886551589377253
0.00425353911963624
-0.005405369329024914
-0.02036585324986335
-0.03744707172359812
-0.06690661869894049
-0.11180358591463996
-0.1891580038517476
-0.3370211999513252
-0.6114490151162651
-1.0289417442028739
-1.430135008566598
-1.4901292970657813
-1.2659206740617375
-1.3466981836461724
-2.056445423611094
-2.791178621249648
-2.698200958935977
-1.9530481991971846
-1.2615691496683927
-0.8091180091072793
-0.5290173253131227
-0.35159339526841604
-0.24093353644772844
-0.15936981855224247
-0.10607973319505196
-0.0690178228294395
-0.04638881410357478
-0.02644229024611633
-0.017065623583995486
-0.005325864189867964
0.0010786280950259282
0.007558104967941856
0.01013516060527532
0.013629491144797837
0.01201653033238822
0.0150307637783779
0.00914320590727359
0.006287316118963257
0.004085121302938756
0.0011942197001490755
-0.006490680265113071
-0.013701649369545845
-0.03156456495363166
-0.04682276306136549
-0.06793901078416466
-0.10651847791730318
-0.15876656619924237
-0.24143949004395396
-0.3688580594452914
-0.5690926016224397
-0.8343795668988673
-1.076998302088114
-1.2267692901745504
-1.2885051982582314
-1.4231277246208858
-1.6744621857733182
-1.8574720500776691
-1.752883837905342
-1.395914070167281
-1.0143098885204556
-0.7110067601412758
-0.5058907153752822
-0.35563068757605093
-0.25138002178831914
-0.1763022792522336
-0.1253052550597379
-0.09038457070130368
-0.06202017181239509
-0.04428040768287491
-0.027338929738643835
-0.0139831514042951
-0.008609049093938557
-0.004509740980631542
0.0026221630286812733
0.00724493660846247
0.00793199332034287
0.00594457806991504
0.003555560866865602
1.7929750785937906e-05
-0.007307648275065936
-0.0107493452641793
-0.019516230905793134
-0.03180491902090698
-0.04913616539264729
-0.06494836386771047
-0.0911347915729046
-0.13039286899202915
-0.18642950252496507
-0.26136627469354967
-0.37340683380921136
-0.5227233051217596
-0.696629334323221
-0.8729041382916254
-1.0163545654181512
-1.1201702019326616
-1.218029127671005
-1.3080028935667765
-1.3332837597028315
-1.2356745737992838
-1.0417891142187266
-0.8171384369669612
-0.6162184138191282
-0.45960895734816454
-0.3397432240861071
-0.25301545435036477
-0.18462040690278883
-0.1394034231387364
-0.10251491963132486
-0.07426617935898949
-0.05498694118039151
-0.03811948623851498
-0.02333824501830344
-0.019347111625608576
-0.00969527110552962
-0.005247850011469362
-0.0028498181598958575
0.0018795255137256162
-0.000466956511292472
-0.0038543444763645515
-0.007969050957760609
-0.014043344371761732
-0.02115257305396972
-0.03292596331769152
-0.04339783668976242
-0.060041370208823885
-0.07968223449825106
-0.1076849841615111
-0.146916573300721
-0.20065899536522558
-0.267234835520653
-0.35880205423099265
-0.47063580718003317
-0.5969370557352355
-0.7262057685273612
-0.8372713614053698
-0.9245010188728727
-0.9861220357878928
-1.0220956424945757
-1.0077968480639605
-0.9327825487961844
-0.8075610049433893
-0.6667619844036206
-0.5283121884289527
-0.4133272328720981
-0.32207000258741403
-0.24302375455091071
-0.1856472229899811
-0.1390980883120775
-0.10680338983466398
-0.08008817167642053
-0.06316179252786001
-0.04500248028693813
-0.03243226104809601
-0.02535293496706536
-0.016016241581499644
-0.011725376330636441
-0.0059766394607254575
-0.002032314095237114
-0.0055281272232515465
-0.00995338718697389
-0.015475097739463544
-0.019166989734537246
-0.028549109358759716
-0.042527464926034673
-0.05253924038469214
-0.0735259132706072
-0.08948388623198661
-0.11886734491414275
-0.15860275487013434
-0.20259706302324754
-0.2635601267223732
-0.33284594221751124
-0.4184855148203705
-0.5116415718585547
-0.6013595275185338
-0.6874471480802582
-0.7535648045446245
-0.7924992736806034
-0.8090468160157616
-0.7893111236956438
-0.7325419942810716
-0.6445680987405872
-0.5517444741893812
-0.4558840057269414
-0.3672312953819506
-0.29515962480043756
-0.23391252422161907
-0.183552338964761
-0.13989522763605533
-0.10990106298765003
-0.08769415625408408
-0.0688774707921152
-0.05390404025592421
-0.03966346565416388
-0.030006412051280677
-0.021520753634925033
-0.014619287006594591
-0.012245547452785999
-0.005678883102469973
-0.010234938712079077
-0.012840644776757488
-0.019648950307723102
-0.028500926817954974
-0.0356419236735378
-0.045609644395339564
-0.05894102399235748
-0.07465922952812613
-0.10005610254374044
-0.12275051284954572
-0.1576756104994969
-0.19978693884216422
-0.24606312450256182
-0.3061476095979056
-0.3723685852311263
-0.4466336547485493
-0.5081075196909542
-0.5709584065931409
-0.6206884523025101
-0.6451727096517645
-0.6507826702434039
-0.6319238163413983
-0.5916518096481068
-0.5270051929682497
-0.46417632663611635
-0.3927875304733606
-0.3263433547107523
-0.2669513454773029
-0.21799874688236562
-0.1763846232639797
-0.14042420470598507
-0.11231898572160438
-0.09258868553784795
-0.07030523765069403
-0.055064146218840745
-0.04488138695097979
-0.03261605015014269
-0.02685834090834991
-0.017235332666025324
-0.015375002936809838
