0.023270244433103184
0.023974571743927475
0.023467817845101418
0.021803191095227586
0.019581324789950016
0.014774380279855953
0.007413827411101092
-0.0052527920101318685
-0.022901306427161792
-0.04861543150117956
-0.08615023842070223
-0.13651273877389186
-0.20198819230615628
-0.28465884526302127
-0.3822185304859186
-0.48814741763767616
-0.5973262412531303
-0.6951406039725699
-0.7675717754698231
-0.8042033164650684
-0.7947934960863247
-0.7371776338971765
-0.6377697407019275
-0.5086892951910601
-0.3672767252498964
-0.23139132125277978
-0.11425981421318623
-0.02162793778623986
0.04473755432183868
0.08836602673347567
0.11255257421225914
0.12320516041006961
0.12645926410504058
0.12258809459809995
0.11650345256804284
0.10800052389504865
0.0995214114004358
0.09051758220330312
0.08235042318143089
0.07519787464357831
0.0686912337015411
0.034370277998734766
0.03611880359873972
0.038209407694356295
0.039639431342516934
0.03969343552158575
0.03831583615120471
0.03463220635335587
0.02660078991237575
0.011075149472190349
-0.013045209556324936
-0.05113951623492414
-0.10877981961465354
-0.18957993550981617
-0.29706998862705397
-0.43388923891090075
-0.5921200281631364
-0.7624352014739373
-0.9251431909006635
-1.0529717976420931
-1.123416099478405
-1.119097942403053
-1.031118353892325
-0.872675694130378
-0.6635886138775198
-0.44071572733256537
-0.233690214616616
-0.06616806714660967
0.05492048990272522
0.13391827406667092
0.1759362372337676
0.1936770433818531
0.1950474369352139
0.18618290345850005
0.17309278033794417
0.1571750801097705
0.1421343000277117
0.12698139057873006
0.11412263354692419
0.10201827876770682
0.09068631747803733
0.0816725423972557
0.045546571054727585
0.049530369276708175
0.053784847611899105
0.058447264408182445
0.06322861137842643
0.06651395174868664
0.06824584229378441
0.06629988456534275
0.05754641751838656
0.038982660569452904
0.003417774039122881
-0.05689995350234589
-0.15163645665522166
-0.288926362358502
-0.4776683415394306
-0.7155486677091295
-0.986802512546145
-1.260473160692928
-1.4896390356930154
-1.6280162395558562
-1.637606280204905
-1.5057616170387464
-1.240321934770714
-0.889828798193865
-0.5220874919423163
-0.19963909626127727
0.039091603290709154
0.1909487164292642
0.2736033608753309
0.30486614484800967
0.30442158304380307
0.2862649622587561
0.26122057858589637
0.23274759668198913
0.20616124047316634
0.18081440051453052
0.15863076769329135
0.1386665943612081
0.12173147536919367
0.10740564446400497
0.0955368282244128
0.05709406849752073
0.06352439780290667
0.07098197163336088
0.0788560074442875
0.0880073541759389
0.09808645122318399
0.10815263417640923
0.11570393116671149
0.11821818299106444
0.1106578002781222
0.08572405150535045
0.03118987873587488
-0.07026610750888991
-0.2387456411936342
-0.49614143245062425
-0.8501540585600867
-1.2895231680893577
-1.762050197171107
-2.1847814277184914
-2.4628260816010945
-2.5204329366802223
-2.311438456530681
-1.849590948572794
-1.2253941396555201
-0.5914485171138754
-0.08066558553106495
0.24958176209500796
0.42610483750180717
0.48873881968443
0.48622655296931655
0.451230396091045
0.40194412292749865
0.3507413307572725
0.3022633861116682
0.2591561651087169
0.22169439924009077
0.190297188427546
0.16382222809956237
0.1418463645637741
0.12374934157941185
0.10870081979129402
0.0683037747580508
0.07771568606318041
0.08880625863155273
0.10066956111115742
0.11544262681167042
0.13310250350639202
0.15223224716396733
0.1728285470412921
0.1924275681244379
0.2052027144295114
0.20143306720542956
0.17000042846082347
0.07936144542615066
-0.1075722498014888
-0.44186461796537607
-0.9627102587017345
-1.68861687177836
-2.5286760933172685
-3.325257534253137
-3.887007798031278
-4.060142349901659
-3.741205043888433
-2.9096727399169233
-1.7252301866279505
-0.5776862980376188
0.23300072048823264
0.6571845942006697
0.8098943924393391
0.8056607686404043
0.7307767756060736
0.6354763802491696
0.5381977419088484
0.4525731229784386
0.3774841906522216
0.3152602798617011
0.2638845463132429
0.2225250030896082
0.18891111851962084
0.1613088637345384
0.13977114824734233
0.12095392596546223
0.07957658782692485
0.09076584476626799
0.10465823273200707
0.12243077945659929
0.14370349588952186
0.1684869254431557
0.20019479392392978
0.23686009071201752
0.2774205898618889
0.32005756646134975
0.35723461174191
0.3686169587716483
0.32351466786860794
0.16216412908002578
-0.2214082349376316
-0.9591957373369999
-2.1558034561267534
-3.7145227443567594
-5.257334582190606
-6.391978234738879
-6.8108373326696645
-6.357447125199143
-4.819998899175524
-2.4169757337175994
-0.231800489631922
0.9955708406248528
1.4101629038896477
1.408250856232807
1.2424938695714645
1.0385352373867947
0.849669990171429
0.6892125179184914
0.5576372325059297
0.45317190999373275
0.369641302647269
0.3046523008737318
0.25292554746431795
0.2118969637643545
0.17928538406413122
0.153327084803138
0.1325871273692589
0.08928299165567578
0.10194215033959261
0.11884474540558795
0.14100057967154322
0.1684033471030348
0.20219841133082073
0.24577649432902907
0.29859040626797473
0.3665225165460236
0.44686164717571714
0.537959314414488
0.6292429017587207
0.6867653394165402
0.6362277654802819
0.3115751195914313
-0.6161767082392791
-2.5466834879258697
-5.489894114683388
-8.501332460050623
-10.697717663110582
-11.556168510813809
-10.948982769361827
-8.36728767254885
-3.246285395426073
1.0002982611048605
2.571648268695567
2.619052584081809
2.2171900524796855
1.769177133651459
1.3777645745309557
1.0714112436319505
0.8356122474818772
0.6563402229187463
0.5210504187003167
0.4180383119031553
0.3391807523973365
0.27815753620281247
0.23075062306474597
0.19420580593350187
0.16503080535984133
0.14200761454983235
0.09643198505269075
0.11166217653043978
0.13096571776575466
0.1550421845395724
0.1875042161536481
0.2284931581519871
0.28376424443188064
0.3554558033821927
0.44944477276296013
0.570792538490201
0.7364882340269298
0.9358655584916706
1.1603321204422279
1.3598140372913412
1.333840097394532
0.4763491597713711
-2.490248253025695
-8.157360126603987
-13.552732487721599
-16.971638694299752
-18.299304942029543
-16.349198510989645
-15.332511035053033
-5.949479708920229
2.548378286141724
4.577463093776771
3.9403310945404635
2.990311388395836
2.216752375323557
1.6438386308011113
1.2282590714529464
0.930486799996624
0.7156327375680855
0.5580889294724153
0.44173997264480946
0.35453446644004233
0.28959772243393805
0.23895175833772586
0.19862826400714137
0.16878746181847618
0.14442457879491155
0.1032169772385325
0.12017448131023108
0.14029213540967359
0.16735792579133968
0.20381922138307704
0.250452324118568
0.31278130697266693
0.39870144762434484
0.5151133109719075
0.6768356832360778
0.9016622592023917
1.2133577116156289
1.6430685437323784
2.2081873186178482
2.8044729663383428
2.672639059670103
-1.2539271167663155
-12.32566484725906
-20.00272879742087
-14.991057213573823
-26.673434395928446
-26.67247044163113
-17.85510230510493
-7.50993513821513
5.55126785577791
6.946626046681665
5.175392985979158
3.624417163862264
2.553674010128855
1.8276897300891073
1.3342481578108778
0.9942563334017754
0.7550590371396714
0.5841788229230325
0.4590825705534486
0.36599812250968183
0.2973408872150528
0.24449683275006553
0.20376323223918733
0.17250611886242087
0.1476700615401548
0.1058751935214118
0.12194354490432929
0.14200178685439716
0.16955446680353006
0.2056427984779073
0.25390834934313433
0.3207841847481111
0.4118759429810989
0.540102323543779
0.723047836571026
0.9902064541806471
1.3816709439470802
1.9720627829952913
2.863365575506787
4.182694765139558
5.592077154293718
3.3863262074871763
-8.69479185769598
-14.604923889738595
-29.33393866217901
-31.326496327254617
-29.972844310293326
-27.534650309059366
-6.356659218404271
7.434432707607247
7.150920388887882
5.202015508232537
3.7936260120667007
2.6375077098037703
1.8791056384630411
1.3680748433674361
1.0186146173499049
0.7734020852353167
0.5983885060432017
0.47113420900514275
0.3766223011645537
0.3062206221455678
0.2528904828794523
0.21261266027740938
0.18126368811803292
0.15602313987192995
0.09827764748796818
0.11225162463686135
0.13010541591360536
0.1546575276214071
0.18683903262856183
0.23141027431910657
0.2919832265827869
0.3781785731385827
0.5007471225581487
0.6775098127283855
0.94003998191691
1.3365332209828442
1.948546475752115
2.9224726787945143
4.50905885740233
7.004538511261291
9.450526766067291
3.7691975592073432
-20.576194472335846
-28.174306410024627
-32.586895812580586
-28.51596400601955
-19.898024794299232
-12.033793522092347
1.764717386836882
4.563481352185497
3.988468967535686
3.027763376951034
2.2315384480826133
1.6433665084236022
1.2242339875571893
0.9259010301051477
0.7108593923944193
0.5549424081797845
0.43995355863023655
0.35488859429880215
0.2911783580462386
0.242352644622996
0.20427004464841075
0.1753659545280267
0.1526876151933753
0.09370863237029897
0.1060437368708428
0.12147474815240354
0.14123026452786264
0.16820183436110756
0.20571762115944187
0.2565634972349113
0.32773816189072275
0.4297479141592245
0.578938332070684
0.7952645873241513
1.1195282383663057
1.608885854604948
2.348443052882458
3.4410955438415587
4.847948096569339
5.081369327485737
-2.4063926363308736
-19.41571477980276
-25.58416646518555
-26.925127143106433
-23.84856876848313
-17.441336024018185
-10.362067844304214
-2.8587569357925924
0.9064441505365128
1.9034385473915094
1.868335219172368
1.5642121519868728
1.2447115865748506
0.9746761716207097
0.7633540249209204
0.6018342380534152
0.4787053931491127
0.38671676461994675
0.31729597815483374
0.26411655976266374
0.22275657228199958
0.19129619671497303
0.16578507620101696
0.14554657010418096
0.08767249076547698
0.09643688516802792
0.10729437653774312
0.12890119963794278
0.1482983743611084
0.1743813546179128
0.21043639617629104
0.26072351393174753
0.3310568551649496
0.43119223267799517
0.5746056932914126
0.7760206859429652
1.0534835978879098
1.4118678615882534
1.7787831420815792
1.781356498553851
0.2068609509174956
-4.915159718156384
-12.52123885581033
-17.37597069266149
-18.162253407011562
-16.23852252589968
-12.376637311668656
-7.870508144771198
-3.8100530673555095
-1.099876227753982
0.22617194011368638
0.7134293131962957
0.8087287720616769
0.7506050838649282
0.6461870748332054
0.5393711626239521
0.44607613400957247
0.3686426220849076
0.307591272184579
0.25918916569239103
0.22151948029220295
0.19054578620397922
0.16721280603373323
0.14791054066014192
0.132102756348005
0.08438789567214315
0.09026299319990126
0.09617196200139988
0.103778640193288
0.11279894553429999
0.12520272721517633
0.14140338550476403
0.16292395740995222
0.19189882067932276
0.23035668057449576
0.2808187520891401
0.33846321317946304
0.390086151501455
0.3920293361193424
0.22520178973082444
-0.39994598436978435
-1.9902500839976642
-4.9484381211606365
-8.63390247429163
-11.27286657760363
-11.980211435642904
-11.010506209121852
-8.901896356150981
-6.297440391880995
-3.870577693665694
-2.011149930811945
-0.8193204707528128
-0.16068193955302287
0.15877486167037547
0.2869233823682596
0.3200121502516321
0.30981748981635715
0.2837461960871395
0.2536741532917401
0.22498408215603968
0.1996903506761401
0.17800342825169468
0.15949970902474953
0.14402626266636773
0.1307449855120314
0.11992531274073827
0.07531166061530227
0.07596382938266924
0.07647934906131336
0.07652785856061169
0.07412593593738756
0.07133513321843939
0.06565030371261307
0.05689851965018284
0.042238170559984425
0.019153880329572267
-0.019508919811127224
-0.08673745875072589
-0.21098993865069238
-0.4417396568590386
-0.8708041097467952
-1.6435028509693914
-2.9171504926065
-4.706706326134891
-6.63274491308105
-8.066422425781681
-8.567265123424495
-8.107783538018817
-6.949091632623756
-5.403302998646684
-3.836416306034523
-2.488665133962035
-1.4760614289992
-0.792587015341418
-0.3684536116487891
-0.12117036758486899
0.014327285699025262
0.0847358867300445
0.11885020477239591
0.1324049268822212
0.1368038223585723
0.13490512443076197
0.1307766083169858
0.12495911313150275
0.11825472434780733
0.11260800237353344
0.10621513773368889
0.06435288277206386
0.061116135150400624
0.056338998651294166
0.04702977772269855
0.03408733445521487
0.015649393390753673
-0.012039972542910714
-0.05010804151520863
-0.10357301013798155
-0.1808311657754254
-0.29189708932243597
-0.4545785456029557
-0.6938484029533003
-1.0503713788040765
-1.5753671786396655
-2.325107892750925
-3.318011716157461
-4.496217102739834
-5.641813246569165
-6.482133224606367
-6.812699953956182
-6.575316318105213
-5.8830157331502715
-4.8743079721803655
-3.777066524273371
-2.749993329927662
-1.8904348691159893
-1.23642659642939
-0.773075681943197
-0.4600759409295324
-0.2545835584781956
-0.12219557643693764
-0.03773378122809202
0.01539338092037901
0.0497013955817474
0.07027352799452753
0.08233439461886251
0.08944571960158813
0.0924570633678339
0.09327647734876701
0.09193176549194941
0.0554573027916023
0.048679386729602696
0.03792857884940163
0.021160301395219447
-0.0015958970989296787
-0.035214620894408535
-0.08050308422609743
-0.14401388433516302
-0.2309932713299352
-0.3505017478192882
-0.5154607771020449
-0.7404923912009262
-1.0480829435673273
-1.461959266788726
-2.003861654929396
-2.6889525747794845
-3.4864015193959874
-4.338130866812865
-5.114276560682759
-5.671717854995079
-5.892632573318931
-5.740294570596016
-5.26077034438016
-4.545068999068872
-3.7167254838380157
-2.892305073034598
-2.153241404083161
-1.5450882367002998
-1.0740502298837342
-0.7265016585847264
-0.4759769416375757
-0.29897939751698305
-0.17546627843629364
-0.08999988397121163
-0.03053131909065885
0.01032908097256607
0.03808764860242586
0.05643052811756556
0.06720828092345445
0.07428717943949285
0.07867785113971693
0.048407351181954716
0.03742237543587043
0.021861887841520867
-0.0002787939897767276
-0.03198755770416972
-0.07619586057262465
-0.13776907205378794
-0.22044667637117932
-0.3328336741662839
-0.4843692319305841
-0.6854779553090211
-0.9507326328875714
-1.2944552976459671
-1.7287692875797955
-2.2606895645428655
-2.883167899563994
-3.554293586529581
-4.2278038497162695
-4.81011042579386
-5.211485868900608
-5.365571469163331
-5.254077484871859
-4.887056049525564
-4.328676289801929
-3.663868706917286
-2.969737607996115
-2.3209891202708586
-1.7551095086235111
-1.2904292984792018
-0.9260277968495063
-0.6477972502265912
-0.44057571299776827
-0.2888110884517897
-0.17793935979423303
-0.0983669176965864
-0.04146045476342952
-0.0015159256132681062
0.026294391331085815
0.04586151370211446
0.058109806887116804
0.0660294841924447
0.04376601361438051
0.029857201864257554
0.011647457160315297
-0.01582760528100994
-0.05360653930962186
-0.10663586211921401
-0.1788601718833797
-0.27515848677624516
-0.4053660562959917
-0.5772818601261656
-0.8026132613271283
-1.091094623905187
-1.4525534222679186
-1.8928724466491713
-2.4089113154438095
-2.991099431990615
-3.5770077932652327
-4.143966548178096
-4.621815179641628
-4.9414978765409066
-5.063459385591075
-4.966900835839659
-4.660014178436416
-4.1872641816310345
-3.6188024569228205
-3.0108596459962715
-2.4230238789054557
-1.8910098198109173
-1.4365548950373301
-1.0654639524319403
-0.7716129957048091
-0.5459851021156142
-0.3736819065479081
-0.24584445555008788
-0.15163984737195232
-0.08224537451635679
-0.03275366073149048
0.002721991467097865
0.027132744798739766
0.04443361411857029
0.05562153601630049
0.04130749179758365
0.026723049079182652
0.006021074094586373
-0.023777057797930667
-0.06565912793724292
-0.12267628272701037
-0.20175648701223908
-0.30593450849572457
-0.4461142347555452
-0.6302794472767793
-0.8673450498597566
-1.167230097652166
-1.5378347749275216
-1.9781972429368402
-2.483139417976488
-3.0362392493531707
-3.5814083293458383
-4.096743056386454
-4.515496828576278
-4.796931117500852
-4.896408984229485
-4.800323312176461
-4.528923403685253
-4.107164771460185
-3.5900005847685224
-3.030179664141785
-2.4776032885493127
-1.9691670195813924
-1.5237736693914743
-1.1513288149629777
-0.8497652865106787
-0.6120657813418926
-0.42919799445475665
-0.2902088499591723
-0.18708791876463146
-0.10991778633813634
-0.05370235355968749
-0.01346442826915806
0.014779778643932241
0.03501918916348943
0.04824665858754052
0.04260329508259034
0.027880035552477464
0.006555849165057126
-0.02418763431956242
-0.0662370702784937
-0.12458784697695277
-0.20438479392698308
-0.31177516502973107
-0.4546321211359057
-0.6418093741447405
-0.8830317972236471
-1.1863040087015309
-1.5569538321137935
-2.000007788627252
-2.499425248121982
-3.0383222018390494
-3.5793087408759234
-4.078725205293368
-4.48805959336802
-4.753274904400918
-4.848361408664016
-4.7502755691303715
-4.487044818565844
-4.079719271260978
-3.5833124529842513
-3.037864614146551
-2.49942041077557
-1.9980040219518582
-1.5579834882368133
-1.1853004476612743
-0.8813709489869936
-0.6401594338831696
-0.4529812888172058
-0.3104917591521166
-0.20338391564932545
-0.12330064090772268
-0.06523654038880451
-0.02218722001144083
0.007850836793472364
0.02888032361929035
0.04390318743959185
0.04130749179758365
0.026723049079182652
0.006021074094586373
-0.023777057797930667
-0.06565912793724292
-0.12267628272701037
-0.20175648701223908
-0.30593450849572457
-0.4461142347555452
-0.6302794472767793
-0.8673450498597566
-1.167230097652166
-1.5378347749275216
-1.9781972429368402
-2.483139417976488
-3.0362392493531707
-3.5814083293458383
-4.096743056386454
-4.515496828576278
-4.796931117500852
-4.896408984229485
-4.800323312176461
-4.528923403685253
-4.107164771460185
-3.5900005847685224
-3.030179664141785
-2.4776032885493127
-1.9691670195813924
-1.5237736693914743
-1.1513288149629777
-0.8497652865106787
-0.6120657813418926
-0.42919799445475665
-0.2902088499591723
-0.18708791876463146
-0.10991778633813634
-0.05370235355968749
-0.01346442826915806
0.014779778643932241
0.03501918916348943
0.04824665858754052
0.04376601361438051
0.029857201864257554
0.011647457160315297
-0.01582760528100994
-0.05360653930962186
-0.10663586211921401
-0.1788601718833797
-0.27515848677624516
-0.4053660562959917
-0.5772818601261656
-0.8026132613271283
-1.091094623905187
-1.4525534222679186
-1.8928724466491713
-2.4089113154438095
-2.991099431990615
-3.5770077932652327
-4.143966548178096
-4.621815179641628
-4.9414978765409066
-5.063459385591075
-4.966900835839659
-4.660014178436416
-4.1872641816310345
-3.6188024569228205
-3.0108596459962715
-2.4230238789054557
-1.8910098198109173
-1.4365548950373301
-1.0654639524319403
-0.7716129957048091
-0.5459851021156142
-0.3736819065479081
-0.24584445555008788
-0.15163984737195232
-0.08224537451635679
-0.03275366073149048
0.002721991467097865
0.027132744798739766
0.04443361411857029
0.05562153601630049
0.048407351181954716
0.03742237543587043
0.021861887841520867
-0.0002787939897767276
-0.03198755770416972
-0.07619586057262465
-0.13776907205378794
-0.22044667637117932
-0.3328336741662839
-0.4843692319305841
-0.6854779553090211
-0.9507326328875714
-1.2944552976459671
-1.7287692875797955
-2.2606895645428655
-2.883167899563994
-3.554293586529581
-4.2278038497162695
-4.81011042579386
-5.211485868900608
-5.365571469163331
-5.254077484871859
-4.887056049525564
-4.328676289801929
-3.663868706917286
-2.969737607996115
-2.3209891202708586
-1.7551095086235111
-1.2904292984792018
-0.9260277968495063
-0.6477972502265912
-0.44057571299776827
-0.2888110884517897
-0.17793935979423303
-0.0983669176965864
-0.04146045476342952
-0.0015159256132681062
0.026294391331085815
0.04586151370211446
0.058109806887116804
0.0660294841924447
0.0554573027916023
0.048679386729602696
0.03792857884940163
0.021160301395219447
-0.0015958970989296787
-0.035214620894408535
-0.08050308422609743
-0.14401388433516302
-0.2309932713299352
-0.3505017478192882
-0.5154607771020449
-0.7404923912009262
-1.0480829435673273
-1.461959266788726
-2.003861654929396
-2.6889525747794845
-3.4864015193959874
-4.338130866812865
-5.114276560682759
-5.671717854995079
-5.892632573318931
-5.740294570596016
-5.26077034438016
-4.545068999068872
-3.7167254838380157
-2.892305073034598
-2.153241404083161
-1.5450882367002998
-1.0740502298837342
-0.7265016585847264
-0.4759769416375757
-0.29897939751698305
-0.17546627843629364
-0.08999988397121163
-0.03053131909065885
0.01032908097256607
0.03808764860242586
0.05643052811756556
0.06720828092345445
0.07428717943949285
0.07867785113971693
0.06435288277206386
0.061116135150400624
0.056338998651294166
0.04702977772269855
0.03408733445521487
0.015649393390753673
-0.012039972542910714
-0.05010804151520863
-0.10357301013798155
-0.1808311657754254
-0.29189708932243597
-0.4545785456029557
-0.6938484029533003
-1.0503713788040765
-1.5753671786396655
-2.325107892750925
-3.318011716157461
-4.496217102739834
-5.641813246569165
-6.482133224606367
-6.812699953956182
-6.575316318105213
-5.8830157331502715
-4.8743079721803655
-3.777066524273371
-2.749993329927662
-1.8904348691159893
-1.23642659642939
-0.773075681943197
-0.4600759409295324
-0.2545835584781956
-0.12219557643693764
-0.03773378122809202
0.01539338092037901
0.0497013955817474
0.07027352799452753
0.08233439461886251
0.08944571960158813
0.0924570633678339
0.09327647734876701
0.09193176549194941
0.07531166061530227
0.07596382938266924
0.07647934906131336
0.07652785856061169
0.07412593593738756
0.07133513321843939
0.06565030371261307
0.05689851965018284
0.042238170559984425
0.019153880329572267
-0.019508919811127224
-0.08673745875072589
-0.21098993865069238
-0.4417396568590386
-0.8708041097467952
-1.6435028509693914
-2.9171504926065
-4.706706326134891
-6.63274491308105
-8.066422425781681
-8.567265123424495
-8.107783538018817
-6.949091632623756
-5.403302998646684
-3.836416306034523
-2.488665133962035
-1.4760614289992
-0.792587015341418
-0.3684536116487891
-0.12117036758486899
0.014327285699025262
0.0847358867300445
0.11885020477239591
0.1324049268822212
0.1368038223585723
0.13490512443076197
0.1307766083169858
0.12495911313150275
0.11825472434780733
0.11260800237353344
0.10621513773368889
0.08438789567214315
0.09026299319990126
0.09617196200139988
0.103778640193288
0.11279894553429999
0.12520272721517633
0.14140338550476403
0.16292395740995222
0.19189882067932276
0.23035668057449576
0.2808187520891401
0.33846321317946304
0.390086151501455
0.3920293361193424
0.22520178973082444
-0.39994598436978435
-1.9902500839976642
-4.9484381211606365
-8.63390247429163
-11.27286657760363
-11.980211435642904
-11.010506209121852
-8.901896356150981
-6.297440391880995
-3.870577693665694
-2.011149930811945
-0.8193204707528128
-0.16068193955302287
0.15877486167037547
0.2869233823682596
0.3200121502516321
0.30981748981635715
0.2837461960871395
0.2536741532917401
0.22498408215603968
0.1996903506761401
0.17800342825169468
0.15949970902474953
0.14402626266636773
0.1307449855120314
0.11992531274073827
0.08767249076547698
0.09643688516802792
0.10729437653774312
0.12890119963794278
0.1482983743611084
0.1743813546179128
0.21043639617629104
0.26072351393174753
0.3310568551649496
0.43119223267799517
0.5746056932914126
0.7760206859429652
1.0534835978879098
1.4118678615882534
1.7787831420815792
1.781356498553851
0.2068609509174956
-4.915159718156384
-12.52123885581033
-17.37597069266149
-18.162253407011562
-16.23852252589968
-12.376637311668656
-7.870508144771198
-3.8100530673555095
-1.099876227753982
0.22617194011368638
0.7134293131962957
0.8087287720616769
0.7506050838649282
0.6461870748332054
0.5393711626239521
0.44607613400957247
0.3686426220849076
0.307591272184579
0.25918916569239103
0.22151948029220295
0.19054578620397922
0.16721280603373323
0.14791054066014192
0.132102756348005
0.09370863237029897
0.1060437368708428
0.12147474815240354
0.14123026452786264
0.16820183436110756
0.20571762115944187
0.2565634972349113
0.32773816189072275
0.4297479141592245
0.578938332070684
0.7952645873241513
1.1195282383663057
1.608885854604948
2.348443052882458
3.4410955438415587
4.847948096569339
5.081369327485737
-2.4063926363308736
-19.41571477980276
-25.58416646518555
-26.925127143106433
-23.84856876848313
-17.441336024018185
-10.362067844304214
-2.8587569357925924
0.9064441505365128
1.9034385473915094
1.868335219172368
1.5642121519868728
1.2447115865748506
0.9746761716207097
0.7633540249209204
0.6018342380534152
0.4787053931491127
0.38671676461994675
0.31729597815483374
0.26411655976266374
0.22275657228199958
0.19129619671497303
0.16578507620101696
0.14554657010418096
0.09827764748796818
0.11225162463686135
0.13010541591360536
0.1546575276214071
0.18683903262856183
0.23141027431910657
0.2919832265827869
0.3781785731385827
0.5007471225581487
0.6775098127283855
0.94003998191691
1.3365332209828442
1.948546475752115
2.9224726787945143
4.50905885740233
7.004538511261291
9.450526766067291
3.7691975592073432
-20.576194472335846
-28.174306410024627
-32.586895812580586
-28.51596400601955
-19.898024794299232
-12.033793522092347
1.764717386836882
4.563481352185497
3.988468967535686
3.027763376951034
2.2315384480826133
1.6433665084236022
1.2242339875571893
0.9259010301051477
0.7108593923944193
0.5549424081797845
0.43995355863023655
0.35488859429880215
0.2911783580462386
0.242352644622996
0.20427004464841075
0.1753659545280267
0.1526876151933753
0.1058751935214118
0.12194354490432929
0.14200178685439716
0.16955446680353006
0.2056427984779073
0.25390834934313433
0.3207841847481111
0.4118759429810989
0.540102323543779
0.723047836571026
0.9902064541806471
1.3816709439470802
1.9720627829952913
2.863365575506787
4.182694765139558
5.592077154293718
3.3863262074871763
-8.69479185769598
-14.604923889738595
-29.33393866217901
-31.326496327254617
-29.972844310293326
-27.534650309059366
-6.356659218404271
7.434432707607247
7.150920388887882
5.202015508232537
3.7936260120667007
2.6375077098037703
1.8791056384630411
1.3680748433674361
1.0186146173499049
0.7734020852353167
0.5983885060432017
0.47113420900514275
0.3766223011645537
0.3062206221455678
0.2528904828794523
0.21261266027740938
0.18126368811803292
0.15602313987192995
0.1032169772385325
0.12017448131023108
0.14029213540967359
0.16735792579133968
0.20381922138307704
0.250452324118568
0.31278130697266693
0.39870144762434484
0.5151133109719075
0.6768356832360778
0.9016622592023917
1.2133577116156289
1.6430685437323784
2.2081873186178482
2.8044729663383428
2.672639059670103
-1.2539271167663155
-12.32566484725906
-20.00272879742087
-14.991057213573823
-26.673434395928446
-26.67247044163113
-17.85510230510493
-7.50993513821513
5.55126785577791
6.946626046681665
5.175392985979158
3.624417163862264
2.553674010128855
1.8276897300891073
1.3342481578108778
0.9942563334017754
0.7550590371396714
0.5841788229230325
0.4590825705534486
0.36599812250968183
0.2973408872150528
0.24449683275006553
0.20376323223918733
0.17250611886242087
0.1476700615401548
0.09643198505269075
0.11166217653043978
0.13096571776575466
0.1550421845395724
0.1875042161536481
0.2284931581519871
0.28376424443188064
0.3554558033821927
0.44944477276296013
0.570792538490201
0.7364882340269298
0.9358655584916706
1.1603321204422279
1.3598140372913412
1.333840097394532
0.4763491597713711
-2.490248253025695
-8.157360126603987
-13.552732487721599
-16.971638694299752
-18.299304942029543
-16.349198510989645
-15.332511035053033
-5.949479708920229
2.548378286141724
4.577463093776771
3.9403310945404635
2.990311388395836
2.216752375323557
1.6438386308011113
1.2282590714529464
0.930486799996624
0.7156327375680855
0.5580889294724153
0.44173997264480946
0.35453446644004233
0.28959772243393805
0.23895175833772586
0.19862826400714137
0.16878746181847618
0.14442457879491155
0.08928299165567578
0.10194215033959261
0.11884474540558795
0.14100057967154322
0.1684033471030348
0.20219841133082073
0.24577649432902907
0.29859040626797473
0.3665225165460236
0.44686164717571714
0.537959314414488
0.6292429017587207
0.6867653394165402
0.6362277654802819
0.3115751195914313
-0.6161767082392791
-2.5466834879258697
-5.489894114683388
-8.501332460050623
-10.697717663110582
-11.556168510813809
-10.948982769361827
-8.36728767254885
-3.246285395426073
1.0002982611048605
2.571648268695567
2.619052584081809
2.2171900524796855
1.769177133651459
1.3777645745309557
1.0714112436319505
0.8356122474818772
0.6563402229187463
0.5210504187003167
0.4180383119031553
0.3391807523973365
0.27815753620281247
0.23075062306474597
0.19420580593350187
0.16503080535984133
0.14200761454983235
0.07957658782692485
0.09076584476626799
0.10465823273200707
0.12243077945659929
0.14370349588952186
0.1684869254431557
0.20019479392392978
0.23686009071201752
0.2774205898618889
0.32005756646134975
0.35723461174191
0.3686169587716483
0.32351466786860794
0.16216412908002578
-0.2214082349376316
-0.9591957373369999
-2.1558034561267534
-3.7145227443567594
-5.257334582190606
-6.391978234738879
-6.8108373326696645
-6.357447125199143
-4.819998899175524
-2.4169757337175994
-0.231800489631922
0.9955708406248528
1.4101629038896477
1.408250856232807
1.2424938695714645
1.0385352373867947
0.849669990171429
0.6892125179184914
0.5576372325059297
0.45317190999373275
0.369641302647269
0.3046523008737318
0.25292554746431795
0.2118969637643545
0.17928538406413122
0.153327084803138
0.1325871273692589
0.0683037747580508
0.07771568606318041
0.08880625863155273
0.10066956111115742
0.11544262681167042
0.13310250350639202
0.15223224716396733
0.1728285470412921
0.1924275681244379
0.2052027144295114
0.20143306720542956
0.17000042846082347
0.07936144542615066
-0.1075722498014888
-0.44186461796537607
-0.9627102587017345
-1.68861687177836
-2.5286760933172685
-3.325257534253137
-3.887007798031278
-4.060142349901659
-3.741205043888433
-2.9096727399169233
-1.7252301866279505
-0.5776862980376188
0.23300072048823264
0.6571845942006697
0.8098943924393391
0.8056607686404043
0.7307767756060736
0.6354763802491696
0.5381977419088484
0.4525731229784386
0.3774841906522216
0.3152602798617011
0.2638845463132429
0.2225250030896082
0.18891111851962084
0.1613088637345384
0.13977114824734233
0.12095392596546223
0.05709406849752073
0.06352439780290667
0.07098197163336088
0.0788560074442875
0.0880073541759389
0.09808645122318399
0.10815263417640923
0.11570393116671149
0.11821818299106444
0.1106578002781222
0.08572405150535045
0.03118987873587488
-0.07026610750888991
-0.2387456411936342
-0.49614143245062425
-0.8501540585600867
-1.2895231680893577
-1.762050197171107
-2.1847814277184914
-2.4628260816010945
-2.5204329366802223
-2.311438456530681
-1.849590948572794
-1.2253941396555201
-0.5914485171138754
-0.08066558553106495
0.24958176209500796
0.42610483750180717
0.48873881968443
0.48622655296931655
0.451230396091045
0.40194412292749865
0.3507413307572725
0.3022633861116682
0.2591561651087169
0.22169439924009077
0.190297188427546
0.16382222809956237
0.1418463645637741
0.12374934157941185
0.10870081979129402
0.045546571054727585
0.049530369276708175
0.053784847611899105
0.058447264408182445
0.06322861137842643
0.06651395174868664
0.06824584229378441
0.06629988456534275
0.05754641751838656
0.038982660569452904
0.003417774039122881
-0.05689995350234589
-0.15163645665522166
-0.288926362358502
-0.4776683415394306
-0.7155486677091295
-0.986802512546145
-1.260473160692928
-1.4896390356930154
-1.6280162395558562
-1.637606280204905
-1.5057616170387464
-1.240321934770714
-0.889828798193865
-0.5220874919423163
-0.19963909626127727
0.039091603290709154
0.1909487164292642
0.2736033608753309
0.30486614484800967
0.30442158304380307
0.2862649622587561
0.26122057858589637
0.23274759668198913
0.20616124047316634
0.18081440051453052
0.15863076769329135
0.1386665943612081
0.12173147536919367
0.10740564446400497
0.0955368282244128
0.034370277998734766
0.03611880359873972
0.038209407694356295
0.039639431342516934
0.03969343552158575
0.03831583615120471
0.03463220635335587
0.02660078991237575
0.011075149472190349
-0.013045209556324936
-0.05113951623492414
-0.10877981961465354
-0.18957993550981617
-0.29706998862705397
-0.43388923891090075
-0.5921200281631364
-0.7624352014739373
-0.9251431909006635
-1.0529717976420931
-1.123416099478405
-1.119097942403053
-1.031118353892325
-0.872675694130378
-0.6635886138775198
-0.44071572733256537
-0.233690214616616
-0.06616806714660967
0.05492048990272522
0.13391827406667092
0.1759362372337676
0.1936770433818531
0.1950474369352139
0.18618290345850005
0.17309278033794417
0.1571750801097705
0.1421343000277117
0.12698139057873006
0.11412263354692419
0.10201827876770682
0.09068631747803733
0.0816725423972557
0.023270244433103184
0.023974571743927475
0.023467817845101418
0.021803191095227586
0.019581324789950016
0.014774380279855953
0.007413827411101092
-0.0052527920101318685
-0.022901306427161792
-0.04861543150117956
-0.08615023842070223
-0.13651273877389186
-0.20198819230615628
-0.28465884526302127
-0.3822185304859186
-0.48814741763767616
-0.5973262412531303
-0.6951406039725699
-0.7675717754698231
-0.8042033164650684
-0.7947934960863247
-0.7371776338971765
-0.6377697407019275
-0.5086892951910601
-0.3672767252498964
-0.23139132125277978
-0.11425981421318623
-0.02162793778623986
0.04473755432183868
0.08836602673347567
0.11255257421225914
0.12320516041006961
0.12645926410504058
0.12258809459809995
0.11650345256804284
0.10800052389504865
0.0995214114004358
0.09051758220330312
0.08235042318143089
0.07519787464357831
0.0686912337015411
