-0.37104125130392285
-0.39274851641682773
-0.4154136898074833
-0.44301228650100505
-0.4655814902861162
-0.4925638802721764
-0.5258564659651661
-0.5570828771163931
-0.6039992620994676
-0.6478536430640169
-0.714867662721838
-0.7948094689849856
-0.8954905496158878
-1.0208530164964669
-1.1775617667411737
-1.370010698330685
-1.5760350355221595
-1.786437845385912
-1.9757036752872343
-2.1117973218628205
-2.181210645633276
-2.157391075413055
-2.0488035929665034
-1.8703574302649522
-1.653330482348473
-1.4177926688875726
-1.196230583670217
-1.0079616071003519
-0.8582423852773097
-0.7385115271532046
-0.6468660272269219
-0.5787842452454107
-0.5280772280377894
-0.48499961206987463
-0.447985733927581
-0.4245769215393396
-0.3985125775132939
-0.37506246462834314
-0.3568829267569832
-0.341492696515884
-0.3231299138580513
-0.4091265369488558
-0.42979578583025385
-0.45505469292814504
-0.4874498088813054
-0.5093008980816934
-0.5419603760428703
-0.5788379859312319
-0.614543344067747
-0.6537839466951726
-0.7047608672844343
-0.7690400266844477
-0.8467079937536736
-0.9536762188623124
-1.0949613924838175
-1.2786895126293756
-1.5069225327540057
-1.7734289962973708
-2.052337333487071
-2.3050964878356797
-2.499135095323565
-2.596193078258463
-2.560735829784821
-2.4143621982322316
-2.172459157205332
-1.866746950550931
-1.5575698333998922
-1.2827086810588868
-1.0598659579215477
-0.8921294148285358
-0.7692187784678821
-0.6769615160796763
-0.6095721816262278
-0.5609878539792621
-0.5232664576771415
-0.4882674875138678
-0.46130788728923416
-0.4392126542094359
-0.41365721148206425
-0.3923912496994874
-0.3730652962015496
-0.35567218243326626
-0.4491892117160218
-0.4720927435093212
-0.5035986583200878
-0.5336203227152486
-0.5625082375523436
-0.5994408969235394
-0.6366099178883686
-0.674950663121805
-0.717652736303946
-0.7680148045530361
-0.8269072077608318
-0.9063780510815883
-1.0135470689213713
-1.1663959342534909
-1.3719115218072808
-1.6514826753160838
-1.9931403790252185
-2.3689513257602086
-2.722897571102307
-2.9929331368082046
-3.1191871122705916
-3.086052827945922
-2.876970932161596
-2.522585067031958
-2.0935728362407713
-1.6837123489717776
-1.3403745569899337
-1.0878697124849552
-0.913312046768035
-0.7891309280779779
-0.7066943482996024
-0.6481283013869275
-0.6035214357976073
-0.565841118823761
-0.5366889805973971
-0.5080632993908611
-0.4799006060347287
-0.451570470543265
-0.4347476273886172
-0.4130235275241427
-0.38826485479634515
-0.485727204991295
-0.5187506596314991
-0.5543955436790359
-0.5880314836410409
-0.6266851541412632
-0.667144624507363
-0.7065153370411907
-0.7461450853604423
-0.7959861011970454
-0.8411061517411033
-0.9018438845160267
-0.971623889162638
-1.0732928002952706
-1.2258978623522239
-1.4529422379561008
-1.7860230181702985
-2.235339532044829
-2.75392057002609
-3.2563819388313977
-3.629391935365084
-3.8291912586348937
-3.7881995412925975
-3.48297394716484
-2.9528487282476803
-2.3300833107239423
-1.773084911845877
-1.3573087986084944
-1.0856643873701353
-0.9180772669200914
-0.8135446419316272
-0.7456870703436416
-0.6942147757063729
-0.6590560185302204
-0.623564709331907
-0.5952790746831272
-0.5606066936555428
-0.5310820182575672
-0.5048086840348371
-0.48032347478628773
-0.4516924580141641
-0.4322746800231732
-0.5317385777072019
-0.5711840503562018
-0.6103554987419535
-0.6544162221407606
-0.6953683074926542
-0.7434229801700354
-0.7913455395703479
-0.8365922164332555
-0.8906367561727804
-0.9381347275981986
-0.989326534503227
-1.0491967717477384
-1.1350045694922246
-1.2687049567700819
-1.494034948522724
-1.8818098670823649
-2.4812138989014394
-3.227924396261446
-3.969007632964899
-4.499254692939746
-4.770085966162364
-4.74175843440169
-4.300988436598266
-3.4591988177061754
-2.4969293630984097
-1.7462014661204228
-1.2829343182407382
-1.035009431978732
-0.9078600654971503
-0.8390278669482115
-0.7994326303092203
-0.7629872982512793
-0.7304560169179379
-0.6944957089142443
-0.6663591924306893
-0.6311261128589323
-0.5979524415203363
-0.5681520724526122
-0.53239855924382
-0.5012966534395882
-0.47321390945106884
-0.5825506965799359
-0.627042262982956
-0.6746223594240188
-0.7270612383806203
-0.7780381247600207
-0.8347083618598423
-0.8895947803671336
-0.9456545117811994
-1.0013214747012116
-1.055580686053971
-1.108191184168063
-1.1530473888131356
-1.203296645320123
-1.289549608328009
-1.4721925232515578
-1.8750560333754633
-2.6608807394972374
-3.8296546672606078
-5.000950299324194
-5.766742422169601
-6.100457220875846
-6.110294730869194
-5.483340667259682
-3.97206940480399
-2.388091948073441
-1.4595174105129318
-1.0670803198980687
-0.93961071914783
-0.9023513716680397
-0.8924988056977569
-0.8815389551089712
-0.8588459613004973
-0.8270320900975556
-0.7938608580617864
-0.7533570447095346
-0.7141251868090236
-0.6741839146034012
-0.633213097275413
-0.5887252618328823
-0.5590362085174675
-0.518310929406302
-0.6381151220271455
-0.692618420658308
-0.747496175011697
-0.8043458128150119
-0.8704632762380856
-0.93594346840936
-1.0042382899496323
-1.0766230786270397
-1.1439329256128319
-1.2115271640482885
-1.2644932985506327
-1.3008120870528097
-1.3117793216786315
-1.3101601817401067
-1.34554253521988
-1.602531597739182
-2.524828153512008
-4.480520420777931
-6.634869618964916
-7.769641365794164
-8.00617399346469
-8.048437153050287
-7.270197201524685
-3.9209605061694583
-1.3438065013554021
-0.6662176931587913
-0.6961468986807251
-0.8376964993494599
-0.944987598053675
-1.0023302254088267
-1.014787770503268
-0.9953969553194005
-0.9569044204817756
-0.9129155209412628
-0.8654669438258943
-0.8137538820137107
-0.7619650579946436
-0.7080829520935711
-0.6640516850169462
-0.6171912705280916
-0.5730168101564206
-0.6975023853012424
-0.7552249481148957
-0.8186905227933988
-0.8892153667995362
-0.9693597436092609
-1.048429391502656
-1.138568412499922
-1.2316330316691757
-1.3197533720223729
-1.4009084063642794
-1.4626954157491034
-1.4990247577717868
-1.475350395736758
-1.3606745770515711
-1.1171907862927801
-0.8283119918552617
-1.1727592324710645
-4.244950717949823
-9.247023937708668
-10.975555342616962
-10.561705784736748
-9.893084738851151
-9.637456263395869
0.8797445561130958
1.9585831659711668
0.6036540380502418
-0.34543281701065304
-0.8533472740115895
-1.0977561384936458
-1.1887179813897142
-1.2026913354349584
-1.174012069662283
-1.120375836037126
-1.0549802603395222
-0.9922980819349269
-0.9228683635492112
-0.8564657318478568
-0.7949030620748258
-0.7339807024582312
-0.6815628293888122
-0.6310960308128043
-0.7507821443655223
-0.8240527182703395
-0.8985951292584177
-0.9829874050329542
-1.075382329892884
-1.1743066255578511
-1.2798615098237691
-1.3975179341906854
-1.5166365371555226
-1.6320364997186358
-1.7361513018177448
-1.8040505825224984
-1.7945908884062969
-1.6394418434923286
-1.1695088786857246
-0.13670663818465356
1.557684048174323
1.0699971052615855
-13.151528333086224
-4.064591236364319
-15.735602242224713
-13.890943291087819
-2.240366051778159
4.291717995930193
3.0009492374880935
0.5856933122562594
-0.6892741986542879
-1.2586555986710484
-1.4774761082682868
-1.5250676732921895
-1.489087713499016
-1.4189527120300456
-1.3272085138890526
-1.235684122668858
-1.1422253378671765
-1.0505515168255828
-0.9669581943129708
-0.8923344606197505
-0.8189124243441245
-0.7559352889506868
-0.6973160829314144
-0.8153891788603256
-0.8944955136630245
-0.9814258643720983
-1.083749435150532
-1.1898313088209123
-1.3098167499666635
-1.4431254520127474
-1.5897166282917208
-1.7437413620586861
-1.9128832053323805
-2.0710371103199323
-2.2161873980750975
-2.299248518450131
-2.2481668290390133
-1.911236797507108
-1.0040299303884654
0.6850273759837179
-0.2840260963681597
-9.182418959132905
-18.732140125301143
-18.74284204207807
-21.61230144984356
-22.258262754408545
-18.223657270660322
-1.2935818306524118
-1.3514158283495143
-1.9023750136013302
-2.0980980568684986
-2.0905241117444766
-1.992311459065271
-1.8604242257604162
-1.7145048775079808
-1.5735873059151704
-1.434892760224385
-1.310535202402109
-1.1924789418817503
-1.0893257265719456
-0.9937811503334588
-0.906630821205261
-0.8278855106116199
-0.7618416900558042
-0.8742532321766934
-0.9700200626748042
-1.066361737779315
-1.182068202124541
-1.3128624813409013
-1.4557645032073834
-1.6163141108807981
-1.7962738469010968
-1.9994853030479087
-2.218637554888164
-2.457701453542769
-2.706197958925491
-2.9470604417189157
-3.155616517464781
-3.2950518533928737
-3.3741813129194287
-3.7050306395098667
-12.86715660339394
-23.667920130372416
-18.666867993733824
-18.473327145449346
-17.733236755460666
-17.725276615931588
-10.444193706870616
-5.504950751368421
-4.068448744515806
-3.5321726028680334
-3.146657979147594
-2.8220740421049264
-2.5354164684067193
-2.2793759245214984
-2.047409884773248
-1.8336706388413495
-1.6526855265767981
-1.491405703073424
-1.3437517740826581
-1.2135879668138265
-1.1003502937719614
-0.9959441221667484
-0.9068255174200666
-0.8259249386785968
-0.9362281441058824
-1.0377140263127904
-1.1523309281240668
-1.2842144870195782
-1.4324334899604643
-1.599109748503704
-1.7854724568897016
-2.00474171620834
-2.2527637165223555
-2.531629356021966
-2.853798823707155
-3.2124915935591356
-3.621436514152451
-4.095024345962965
-4.699951667982752
-5.581768818727588
-7.084515647072706
-12.799681995273582
-14.870540674077718
-16.25137922550989
-16.182127137059084
-15.351353215182977
-13.85672439419651
-11.103789355466334
-8.194470623662946
-6.155234853335905
-4.957447411560912
-4.154479501735032
-3.5593136875721223
-3.092623643571873
-2.707594844794763
-2.386824783132031
-2.110457233073981
-1.875702372924511
-1.669464971483479
-1.4985788495487538
-1.3408487581179793
-1.2107033936744136
-1.0884098829195805
-0.9813071972173213
-0.891234179325349
-0.9992622107210293
-1.106756356296106
-1.2324544907364323
-1.3812953755862436
-1.543872847653221
-1.7353769789638442
-1.9546926661295942
-2.2088018619645613
-2.498375711705123
-2.842173176916055
-3.2358151201273095
-3.690362648830315
-4.234491876247349
-4.8955544562037705
-5.7389333062230445
-6.8732010102029975
-8.435637383488123
-10.51361411860295
-12.640080721935844
-13.941385440732063
-14.227923363863498
-13.69587961382448
-12.46599274701284
-10.767990537734569
-8.906427430878551
-7.2520446409885455
-5.965043215836851
-4.979435312586385
-4.212370118016774
-3.611818852952069
-3.121366465716048
-2.7198382995105304
-2.384369277550935
-2.100026253634993
-1.8552707689167396
-1.649966281677484
-1.471321662118572
-1.313803891527449
-1.1780154057135173
-1.0574584957959536
-0.9508198613461609
-1.0536541548138838
-1.1698277443884666
-1.3119172772496688
-1.4702956206465325
-1.6558832136935508
-1.8631604461731774
-2.1149890981405752
-2.3992396157026357
-2.733422910076402
-3.1216131197248576
-3.5762379992129962
-4.108030595334573
-4.741808870953735
-5.499694862466271
-6.417024230278711
-7.525877076581793
-8.843245179819297
-10.30611626886111
-11.707384183449395
-12.679805444212112
-13.015406477121408
-12.705519819367657
-11.841750029689152
-10.596134840440461
-9.19981629842851
-7.8263500697858
-6.607588604681783
-5.586480462276883
-4.747233110462944
-4.060218572088282
-3.490825162909318
-3.0278756567827263
-2.63520013752259
-2.310936709022247
-2.0325528754725797
-1.7906988642101473
-1.5877352441699628
-1.4137952143843735
-1.2621572516908819
-1.1313802476967587
-1.0147363598849926
-1.0976468973314488
-1.2326337989020255
-1.3788521379854837
-1.559373300627029
-1.7542730224436742
-1.9896303712708627
-2.2559533184747664
-2.576274164949305
-2.936813797091656
-3.368793078493988
-3.867854889891403
-4.450982018471406
-5.133760727556163
-5.927713279194787
-6.850729637911563
-7.891616356301269
-9.027286759930487
-10.177264885748277
-11.213482444454934
-11.941045408419193
-12.23633399204651
-12.044122924451324
-11.419703900184997
-10.466044470949859
-9.3277967236698
-8.14529328723964
-7.025223459267679
-6.020596433509606
-5.154225253006605
-4.42629660236971
-3.8131931233970593
-3.3014720718828894
-2.867483946252687
-2.502323236910118
-2.1905920860590498
-1.9277110149556889
-1.7034464212974985
-1.511569747270607
-1.3415699384736957
-1.198125915070493
-1.0714011643567474
-1.142688604364869
-1.287177614024313
-1.4435604901528871
-1.6282469971549678
-1.8425600845118937
-2.092286318464491
-2.3813859424423525
-2.7195805437544944
-3.1124854360277014
-3.5705440022077033
-4.1069412938203165
-4.7220116080586605
-5.434053515588868
-6.237233472778335
-7.134081937672195
-8.104821409320532
-9.098381945622048
-10.063814212705433
-10.888989306926078
-11.456145346556163
-11.689425352528993
-11.561703184503374
-11.074765950916262
-10.300756553566586
-9.348900068107689
-8.303867363027255
-7.27603149639493
-6.319220585734528
-5.4616815702938935
-4.712872541352265
-4.070668382440947
-3.524260616437848
-3.0611565610071816
-2.670062631986706
-2.333467232100516
-2.047654222237096
-1.803046080403001
-1.597526425954205
-1.413529812161808
-1.2600045992461186
-1.1218937910396025
-1.1864573509549148
-1.3308653680599383
-1.4995787210828484
-1.6906735422295949
-1.9200717985527012
-2.180725186298313
-2.481649975632048
-2.843471208649869
-3.2590227341334383
-3.737076184924783
-4.291042887517949
-4.925677960394076
-5.646734826820039
-6.441151844969897
-7.310201976817995
-8.216689861799004
-9.11855522304641
-9.950698160834069
-10.641720182571321
-11.116827417670978
-11.304382946623367
-11.190089273088546
-10.783654882066077
-10.127405050033445
-9.297878306492269
-8.369016466784437
-7.422913207111511
-6.51423800446063
-5.675690035234586
-4.925979503797629
-4.277829933442858
-3.707492034641516
-3.2270998427555204
-2.810058388573005
-2.4555369005729646
-2.1518134993995157
-1.8901308310111555
-1.6665487548693863
-1.4731854631353933
-1.3080070242583388
-1.1669933297032782
-1.2100584533573344
-1.3653855505781582
-1.537024030947676
-1.7427867302261908
-1.977782322641973
-2.2508638803821217
-2.571027736002701
-2.940227877261564
-3.3712692369812247
-3.860053648049356
-4.434157147615824
-5.077657839750866
-5.800225494649946
-6.588998560870769
-7.4230029344546535
-8.285302580943354
-9.112780274592364
-9.861668486964701
-10.463057857234306
-10.86561093344076
-11.022353933299346
-10.917026099770077
-10.557634716626206
-9.977799900174098
-9.258477503719591
-8.384775564617621
-7.502242492573457
-6.637734600127201
-5.824676470853879
-5.084084190231688
-4.427861183473663
-3.8459651214992734
-3.3484884372049772
-2.9195858104137167
-2.5524076716311583
-2.2370699059158796
-1.9607609377376793
-1.7254624079174083
-1.529150540135264
-1.3540573531805873
-1.2050359621409743
-1.2312856671204242
-1.3879439081015508
-1.5706733228831455
-1.7765465769098567
-2.019481477737456
-2.302476758138249
-2.6226129642256164
-3.009626766160213
-3.4426881153943434
-3.953557517062766
-4.526243521191697
-5.179579652754502
-5.896559825853903
-6.675180697093746
-7.492376710207821
-8.330756967647858
-9.099502095185645
-9.791541218973768
-10.33931759995206
-10.697105268303666
-10.83531539043028
-10.725268859593143
-10.391025323279198
-9.851476148296415
-9.165819613521332
-8.37213154933348
-7.538176866484107
-6.705191727431085
-5.915077531280719
-5.1867503394233285
-4.527200652824363
-3.9463644027947407
-3.4392954023910733
-2.9970601569814854
-2.6226534777019426
-2.292198788354322
-2.0077392996233026
-1.7702233884653635
-1.5617376506805087
-1.381301303049969
-1.2259448134041906
-1.2492150127188661
-1.405429927562756
-1.584677565859183
-1.7979558333694987
-2.0471798238805774
-2.3316642683158526
-2.664928794085516
-3.047329231674327
-3.4897569874468917
-4.00708552192044
-4.585410077172443
-5.2406468858034785
-5.956805304865442
-6.7278654061907375
-7.5328096192968115
-8.344536226716574
-9.093085759376729
-9.756529769195517
-10.270822087377384
-10.60404354646203
-10.722295389755066
-10.614690588837776
-10.290286662033944
-9.779138711975909
-9.123431580821036
-8.361055622289033
-7.550197972043076
-6.744371484264362
-5.967563868417113
-5.24869059955261
-4.589868412685106
-4.006910601347813
-3.4910215894539833
-3.048990245925422
-2.6639050390968033
-2.332857536663239
-2.0458110511177163
-1.7957990615089892
-1.5817896396127376
-1.4026207673965132
-1.248561467948346
-1.2485327947994596
-1.4080422016680367
-1.5903471953510175
-1.8033576269887295
-2.0525283217399592
-2.338677523641392
-2.6741327128245374
-3.0588620171048304
-3.508055502216215
-4.0211105749990725
-4.60576037073272
-5.25803014063299
-5.980231712056457
-6.7502681042198605
-7.552229652577241
-8.345245648885777
-9.09670860523115
-9.748113998250746
-10.254203787738728
-10.575117877207738
-10.682128537553313
-10.57463572644052
-10.255164180908542
-9.746679762804904
-9.097168319469798
-8.347884357681915
-7.5544468506638385
-6.752638647794603
-5.982526617324607
-5.2622700529475095
-4.608341994814138
-4.02632662768811
-3.5121619203922942
-3.0638192149498322
-2.677749234249579
-2.3404191860062977
-2.0553667128899398
-1.807065468415065
-1.5950536871548109
-1.4097107555625847
-1.251020528254006
-1.2492150127188661
-1.405429927562756
-1.584677565859183
-1.7979558333694987
-2.0471798238805774
-2.3316642683158526
-2.664928794085516
-3.047329231674327
-3.4897569874468917
-4.00708552192044
-4.585410077172443
-5.2406468858034785
-5.956805304865442
-6.7278654061907375
-7.5328096192968115
-8.344536226716574
-9.093085759376729
-9.756529769195517
-10.270822087377384
-10.60404354646203
-10.722295389755066
-10.614690588837776
-10.290286662033944
-9.779138711975909
-9.123431580821036
-8.361055622289033
-7.550197972043076
-6.744371484264362
-5.967563868417113
-5.24869059955261
-4.589868412685106
-4.006910601347813
-3.4910215894539833
-3.048990245925422
-2.6639050390968033
-2.332857536663239
-2.0458110511177163
-1.7957990615089892
-1.5817896396127376
-1.4026207673965132
-1.248561467948346
-1.2312856671204242
-1.3879439081015508
-1.5706733228831455
-1.7765465769098567
-2.019481477737456
-2.302476758138249
-2.6226129642256164
-3.009626766160213
-3.4426881153943434
-3.953557517062766
-4.526243521191697
-5.179579652754502
-5.896559825853903
-6.675180697093746
-7.492376710207821
-8.330756967647858
-9.099502095185645
-9.791541218973768
-10.33931759995206
-10.697105268303666
-10.83531539043028
-10.725268859593143
-10.391025323279198
-9.851476148296415
-9.165819613521332
-8.37213154933348
-7.538176866484107
-6.705191727431085
-5.915077531280719
-5.1867503394233285
-4.527200652824363
-3.9463644027947407
-3.4392954023910733
-2.9970601569814854
-2.6226534777019426
-2.292198788354322
-2.0077392996233026
-1.7702233884653635
-1.5617376506805087
-1.381301303049969
-1.2259448134041906
-1.2100584533573344
-1.3653855505781582
-1.537024030947676
-1.7427867302261908
-1.977782322641973
-2.2508638803821217
-2.571027736002701
-2.940227877261564
-3.3712692369812247
-3.860053648049356
-4.434157147615824
-5.077657839750866
-5.800225494649946
-6.588998560870769
-7.4230029344546535
-8.285302580943354
-9.112780274592364
-9.861668486964701
-10.463057857234306
-10.86561093344076
-11.022353933299346
-10.917026099770077
-10.557634716626206
-9.977799900174098
-9.258477503719591
-8.384775564617621
-7.502242492573457
-6.637734600127201
-5.824676470853879
-5.084084190231688
-4.427861183473663
-3.8459651214992734
-3.3484884372049772
-2.9195858104137167
-2.5524076716311583
-2.2370699059158796
-1.9607609377376793
-1.7254624079174083
-1.529150540135264
-1.3540573531805873
-1.2050359621409743
-1.1864573509549148
-1.3308653680599383
-1.4995787210828484
-1.6906735422295949
-1.9200717985527012
-2.180725186298313
-2.481649975632048
-2.843471208649869
-3.2590227341334383
-3.737076184924783
-4.291042887517949
-4.925677960394076
-5.646734826820039
-6.441151844969897
-7.310201976817995
-8.216689861799004
-9.11855522304641
-9.950698160834069
-10.641720182571321
-11.116827417670978
-11.304382946623367
-11.190089273088546
-10.783654882066077
-10.127405050033445
-9.297878306492269
-8.369016466784437
-7.422913207111511
-6.51423800446063
-5.675690035234586
-4.925979503797629
-4.277829933442858
-3.707492034641516
-3.2270998427555204
-2.810058388573005
-2.4555369005729646
-2.1518134993995157
-1.8901308310111555
-1.6665487548693863
-1.4731854631353933
-1.3080070242583388
-1.1669933297032782
-1.142688604364869
-1.287177614024313
-1.4435604901528871
-1.6282469971549678
-1.8425600845118937
-2.092286318464491
-2.3813859424423525
-2.7195805437544944
-3.1124854360277014
-3.5705440022077033
-4.1069412938203165
-4.7220116080586605
-5.434053515588868
-6.237233472778335
-7.134081937672195
-8.104821409320532
-9.098381945622048
-10.063814212705433
-10.888989306926078
-11.456145346556163
-11.689425352528993
-11.561703184503374
-11.074765950916262
-10.300756553566586
-9.348900068107689
-8.303867363027255
-7.27603149639493
-6.319220585734528
-5.4616815702938935
-4.712872541352265
-4.070668382440947
-3.524260616437848
-3.0611565610071816
-2.670062631986706
-2.333467232100516
-2.047654222237096
-1.803046080403001
-1.597526425954205
-1.413529812161808
-1.2600045992461186
-1.1218937910396025
-1.0976468973314488
-1.2326337989020255
-1.3788521379854837
-1.559373300627029
-1.7542730224436742
-1.9896303712708627
-2.2559533184747664
-2.576274164949305
-2.936813797091656
-3.368793078493988
-3.867854889891403
-4.450982018471406
-5.133760727556163
-5.927713279194787
-6.850729637911563
-7.891616356301269
-9.027286759930487
-10.177264885748277
-11.213482444454934
-11.941045408419193
-12.23633399204651
-12.044122924451324
-11.419703900184997
-10.466044470949859
-9.3277967236698
-8.14529328723964
-7.025223459267679
-6.020596433509606
-5.154225253006605
-4.42629660236971
-3.8131931233970593
-3.3014720718828894
-2.867483946252687
-2.502323236910118
-2.1905920860590498
-1.9277110149556889
-1.7034464212974985
-1.511569747270607
-1.3415699384736957
-1.198125915070493
-1.0714011643567474
-1.0536541548138838
-1.1698277443884666
-1.3119172772496688
-1.4702956206465325
-1.6558832136935508
-1.8631604461731774
-2.1149890981405752
-2.3992396157026357
-2.733422910076402
-3.1216131197248576
-3.5762379992129962
-4.108030595334573
-4.741808870953735
-5.499694862466271
-6.417024230278711
-7.525877076581793
-8.843245179819297
-10.30611626886111
-11.707384183449395
-12.679805444212112
-13.015406477121408
-12.705519819367657
-11.841750029689152
-10.596134840440461
-9.19981629842851
-7.8263500697858
-6.607588604681783
-5.586480462276883
-4.747233110462944
-4.060218572088282
-3.490825162909318
-3.0278756567827263
-2.63520013752259
-2.310936709022247
-2.0325528754725797
-1.7906988642101473
-1.5877352441699628
-1.4137952143843735
-1.2621572516908819
-1.1313802476967587
-1.0147363598849926
-0.9992622107210293
-1.106756356296106
-1.2324544907364323
-1.3812953755862436
-1.543872847653221
-1.7353769789638442
-1.9546926661295942
-2.2088018619645613
-2.498375711705123
-2.842173176916055
-3.2358151201273095
-3.690362648830315
-4.234491876247349
-4.8955544562037705
-5.7389333062230445
-6.8732010102029975
-8.435637383488123
-10.51361411860295
-12.640080721935844
-13.941385440732063
-14.227923363863498
-13.69587961382448
-12.46599274701284
-10.767990537734569
-8.906427430878551
-7.2520446409885455
-5.965043215836851
-4.979435312586385
-4.212370118016774
-3.611818852952069
-3.121366465716048
-2.7198382995105304
-2.384369277550935
-2.100026253634993
-1.8552707689167396
-1.649966281677484
-1.471321662118572
-1.313803891527449
-1.1780154057135173
-1.0574584957959536
-0.9508198613461609
-0.9362281441058824
-1.0377140263127904
-1.1523309281240668
-1.2842144870195782
-1.4324334899604643
-1.599109748503704
-1.7854724568897016
-2.00474171620834
-2.2527637165223555
-2.531629356021966
-2.853798823707155
-3.2124915935591356
-3.621436514152451
-4.095024345962965
-4.699951667982752
-5.581768818727588
-7.084515647072706
-12.799681995273582
-14.870540674077718
-16.25137922550989
-16.182127137059084
-15.351353215182977
-13.85672439419651
-11.103789355466334
-8.194470623662946
-6.155234853335905
-4.957447411560912
-4.154479501735032
-3.5593136875721223
-3.092623643571873
-2.707594844794763
-2.386824783132031
-2.110457233073981
-1.875702372924511
-1.669464971483479
-1.4985788495487538
-1.3408487581179793
-1.2107033936744136
-1.0884098829195805
-0.9813071972173213
-0.891234179325349
-0.8742532321766934
-0.9700200626748042
-1.066361737779315
-1.182068202124541
-1.3128624813409013
-1.4557645032073834
-1.6163141108807981
-1.7962738469010968
-1.9994853030479087
-2.218637554888164
-2.457701453542769
-2.706197958925491
-2.9470604417189157
-3.155616517464781
-3.2950518533928737
-3.3741813129194287
-3.7050306395098667
-12.86715660339394
-23.667920130372416
-18.666867993733824
-18.473327145449346
-17.733236755460666
-17.725276615931588
-10.444193706870616
-5.504950751368421
-4.068448744515806
-3.5321726028680334
-3.146657979147594
-2.8220740421049264
-2.5354164684067193
-2.2793759245214984
-2.047409884773248
-1.8336706388413495
-1.6526855265767981
-1.491405703073424
-1.3437517740826581
-1.2135879668138265
-1.1003502937719614
-0.9959441221667484
-0.9068255174200666
-0.8259249386785968
-0.8153891788603256
-0.8944955136630245
-0.9814258643720983
-1.083749435150532
-1.1898313088209123
-1.3098167499666635
-1.4431254520127474
-1.5897166282917208
-1.7437413620586861
-1.9128832053323805
-2.0710371103199323
-2.2161873980750975
-2.299248518450131
-2.2481668290390133
-1.911236797507108
-1.0040299303884654
0.6850273759837179
-0.2840260963681597
-9.182418959132905
-18.732140125301143
-18.74284204207807
-21.61230144984356
-22.258262754408545
-18.223657270660322
-1.2935818306524118
-1.3514158283495143
-1.9023750136013302
-2.0980980568684986
-2.0905241117444766
-1.992311459065271
-1.8604242257604162
-1.7145048775079808
-1.5735873059151704
-1.434892760224385
-1.310535202402109
-1.1924789418817503
-1.0893257265719456
-0.9937811503334588
-0.906630821205261
-0.8278855106116199
-0.7618416900558042
-0.7507821443655223
-0.8240527182703395
-0.8985951292584177
-0.9829874050329542
-1.075382329892884
-1.1743066255578511
-1.2798615098237691
-1.3975179341906854
-1.5166365371555226
-1.6320364997186358
-1.7361513018177448
-1.8040505825224984
-1.7945908884062969
-1.6394418434923286
-1.1695088786857246
-0.13670663818465356
1.557684048174323
1.0699971052615855
-13.151528333086224
-4.064591236364319
-15.735602242224713
-13.890943291087819
-2.240366051778159
4.291717995930193
3.0009492374880935
0.5856933122562594
-0.6892741986542879
-1.2586555986710484
-1.4774761082682868
-1.5250676732921895
-1.489087713499016
-1.4189527120300456
-1.3272085138890526
-1.235684122668858
-1.1422253378671765
-1.0505515168255828
-0.9669581943129708
-0.8923344606197505
-0.8189124243441245
-0.7559352889506868
-0.6973160829314144
-0.6975023853012424
-0.7552249481148957
-0.8186905227933988
-0.8892153667995362
-0.9693597436092609
-1.048429391502656
-1.138568412499922
-1.2316330316691757
-1.3197533720223729
-1.4009084063642794
-1.4626954157491034
-1.4990247577717868
-1.475350395736758
-1.3606745770515711
-1.1171907862927801
-0.8283119918552617
-1.1727592324710645
-4.244950717949823
-9.247023937708668
-10.975555342616962
-10.561705784736748
-9.893084738851151
-9.637456263395869
0.8797445561130958
1.9585831659711668
0.6036540380502418
-0.34543281701065304
-0.8533472740115895
-1.0977561384936458
-1.1887179813897142
-1.2026913354349584
-1.174012069662283
-1.120375836037126
-1.0549802603395222
-0.9922980819349269
-0.9228683635492112
-0.8564657318478568
-0.7949030620748258
-0.7339807024582312
-0.6815628293888122
-0.6310960308128043
-0.6381151220271455
-0.692618420658308
-0.747496175011697
-0.8043458128150119
-0.8704632762380856
-0.93594346840936
-1.0042382899496323
-1.0766230786270397
-1.1439329256128319
-1.2115271640482885
-1.2644932985506327
-1.3008120870528097
-1.3117793216786315
-1.3101601817401067
-1.34554253521988
-1.602531597739182
-2.524828153512008
-4.480520420777931
-6.634869618964916
-7.769641365794164
-8.00617399346469
-8.048437153050287
-7.270197201524685
-3.9209605061694583
-1.3438065013554021
-0.6662176931587913
-0.6961468986807251
-0.8376964993494599
-0.944987598053675
-1.0023302254088267
-1.014787770503268
-0.9953969553194005
-0.9569044204817756
-0.9129155209412628
-0.8654669438258943
-0.8137538820137107
-0.7619650579946436
-0.7080829520935711
-0.6640516850169462
-0.6171912705280916
-0.5730168101564206
-0.5825506965799359
-0.627042262982956
-0.6746223594240188
-0.7270612383806203
-0.7780381247600207
-0.8347083618598423
-0.8895947803671336
-0.9456545117811994
-1.0013214747012116
-1.055580686053971
-1.108191184168063
-1.1530473888131356
-1.203296645320123
-1.289549608328009
-1.4721925232515578
-1.8750560333754633
-2.6608807394972374
-3.8296546672606078
-5.000950299324194
-5.766742422169601
-6.100457220875846
-6.110294730869194
-5.483340667259682
-3.97206940480399
-2.388091948073441
-1.4595174105129318
-1.0670803198980687
-0.93961071914783
-0.9023513716680397
-0.8924988056977569
-0.8815389551089712
-0.8588459613004973
-0.8270320900975556
-0.7938608580617864
-0.7533570447095346
-0.7141251868090236
-0.6741839146034012
-0.633213097275413
-0.5887252618328823
-0.5590362085174675
-0.518310929406302
-0.5317385777072019
-0.5711840503562018
-0.6103554987419535
-0.6544162221407606
-0.6953683074926542
-0.7434229801700354
-0.7913455395703479
-0.8365922164332555
-0.8906367561727804
-0.9381347275981986
-0.989326534503227
-1.0491967717477384
-1.1350045694922246
-1.2687049567700819
-1.494034948522724
-1.8818098670823649
-2.4812138989014394
-3.227924396261446
-3.969007632964899
-4.499254692939746
-4.770085966162364
-4.74175843440169
-4.300988436598266
-3.4591988177061754
-2.4969293630984097
-1.7462014661204228
-1.2829343182407382
-1.035009431978732
-0.9078600654971503
-0.8390278669482115
-0.7994326303092203
-0.7629872982512793
-0.7304560169179379
-0.6944957089142443
-0.6663591924306893
-0.6311261128589323
-0.5979524415203363
-0.5681520724526122
-0.53239855924382
-0.5012966534395882
-0.47321390945106884
-0.485727204991295
-0.5187506596314991
-0.5543955436790359
-0.5880314836410409
-0.6266851541412632
-0.667144624507363
-0.7065153370411907
-0.7461450853604423
-0.7959861011970454
-0.8411061517411033
-0.9018438845160267
-0.971623889162638
-1.0732928002952706
-1.2258978623522239
-1.4529422379561008
-1.7860230181702985
-2.235339532044829
-2.75392057002609
-3.2563819388313977
-3.629391935365084
-3.8291912586348937
-3.7881995412925975
-3.48297394716484
-2.9528487282476803
-2.3300833107239423
-1.773084911845877
-1.3573087986084944
-1.0856643873701353
-0.9180772669200914
-0.8135446419316272
-0.7456870703436416
-0.6942147757063729
-0.6590560185302204
-0.623564709331907
-0.5952790746831272
-0.5606066936555428
-0.5310820182575672
-0.5048086840348371
-0.48032347478628773
-0.4516924580141641
-0.4322746800231732
-0.4491892117160218
-0.4720927435093212
-0.5035986583200878
-0.5336203227152486
-0.5625082375523436
-0.5994408969235394
-0.6366099178883686
-0.674950663121805
-0.717652736303946
-0.7680148045530361
-0.8269072077608318
-0.9063780510815883
-1.0135470689213713
-1.1663959342534909
-1.3719115218072808
-1.6514826753160838
-1.9931403790252185
-2.3689513257602086
-2.722897571102307
-2.9929331368082046
-3.1191871122705916
-3.086052827945922
-2.876970932161596
-2.522585067031958
-2.0935728362407713
-1.6837123489717776
-1.3403745569899337
-1.0878697124849552
-0.913312046768035
-0.7891309280779779
-0.7066943482996024
-0.6481283013869275
-0.6035214357976073
-0.565841118823761
-0.5366889805973971
-0.5080632993908611
-0.4799006060347287
-0.451570470543265
-0.4347476273886172
-0.4130235275241427
-0.38826485479634515
-0.4091265369488558
-0.42979578583025385
-0.45505469292814504
-0.4874498088813054
-0.5093008980816934
-0.5419603760428703
-0.5788379859312319
-0.614543344067747
-0.6537839466951726
-0.7047608672844343
-0.7690400266844477
-0.8467079937536736
-0.9536762188623124
-1.0949613924838175
-1.2786895126293756
-1.5069225327540057
-1.7734289962973708
-2.052337333487071
-2.3050964878356797
-2.499135095323565
-2.596193078258463
-2.560735829784821
-2.4143621982322316
-2.172459157205332
-1.866746950550931
-1.5575698333998922
-1.2827086810588868
-1.0598659579215477
-0.8921294148285358
-0.7692187784678821
-0.6769615160796763
-0.6095721816262278
-0.5609878539792621
-0.5232664576771415
-0.4882674875138678
-0.46130788728923416
-0.4392126542094359
-0.41365721148206425
-0.3923912496994874
-0.3730652962015496
-0.35567218243326626
-0.37104125130392285
-0.39274851641682773
-0.4154136898074833
-0.44301228650100505
-0.4655814902861162
-0.4925638802721764
-0.5258564659651661
-0.5570828771163931
-0.6039992620994676
-0.6478536430640169
-0.714867662721838
-0.7948094689849856
-0.8954905496158878
-1.0208530164964669
-1.1775617667411737
-1.370010698330685
-1.5760350355221595
-1.786437845385912
-1.9757036752872343
-2.1117973218628205
-2.181210645633276
-2.157391075413055
-2.0488035929665034
-1.8703574302649522
-1.653330482348473
-1.4177926688875726
-1.196230583670217
-1.0079616071003519
-0.8582423852773097
-0.7385115271532046
-0.6468660272269219
-0.5787842452454107
-0.5280772280377894
-0.48499961206987463
-0.447985733927581
-0.4245769215393396
-0.3985125775132939
-0.37506246462834314
-0.3568829267569832
-0.341492696515884
-0.3231299138580513
