-0.008484392146944155
-0.012031270474660854
-0.014481988941088979
-0.016805854201644578
-0.022490802338331745
-0.025498409274407503
-0.03181045237103828
-0.041923927448615415
-0.05252982184924492
-0.0683816000135253
-0.09019346295246713
-0.12001694589498237
-0.15488956373734555
-0.20163236290267325
-0.25051844621969216
-0.3108672560934915
-0.3663077681791973
-0.41616513190626586
-0.45390430853999336
-0.4747162229396721
-0.4633718218853704
-0.43059154970497965
-0.38060860516472395
-0.31681287989461865
-0.2584065350995497
-0.20207797861608806
-0.1504441363539577
-0.10836039224087261
-0.07491115384442067
-0.05161358470062177
-0.03294447305229054
-0.017731724813787233
-0.011233846614563885
-0.005259168041203674
0.002092300910913274
0.0005478171152042808
0.000481143921801077
0.005713835439172128
0.004700066590132742
0.006572217455403874
0.008255983729837917
-0.0005359622473155463
-0.0011148917935932445
-0.004948854945626264
-0.003782669102308616
-0.008112377900391413
-0.007902209303092942
-0.01650632915021103
-0.024098217371116167
-0.03311908984637398
-0.049383556051894074
-0.07209012913646909
-0.10475528272369833
-0.15171023907437656
-0.21412585070697535
-0.28757732809141395
-0.37795309031158275
-0.47920442812298003
-0.5691212815788896
-0.6471777821556979
-0.6876890155733003
-0.6853343853038026
-0.6326812212080574
-0.5456019441761862
-0.44194378645670135
-0.3372490228766229
-0.24408479560469395
-0.1660486853615751
-0.105029607815495
-0.05904982602805193
-0.027912265213732614
-0.007927451657272164
0.004950119917223628
0.012170250994115775
0.018029189350831254
0.01893916101273527
0.021803669842640542
0.018753837632001932
0.018522368273673994
0.013753061289397525
0.014935774122283627
0.012234225241631695
0.005450549856504915
0.006331102539239963
0.007367228725217357
0.009064649063339399
0.008020425326605445
0.007821610923494378
0.006552601124144435
0.00581220390564772
-0.0028496739787720843
-0.017054691068020295
-0.04011629160932923
-0.07565352712829809
-0.12660810186649613
-0.21170802551841839
-0.3187019627068216
-0.4578490966281437
-0.6237951695513354
-0.8016557493409464
-0.953741858371114
-1.0493717381804297
-1.0571193536566243
-0.9673737709873167
-0.8095344217639144
-0.622362292001953
-0.4429497932478276
-0.2858881553874518
-0.1671102159033584
-0.07930001635343463
-0.020702591231252603
0.014162412834349566
0.03495460041096599
0.04445672145116188
0.048432909894765355
0.046609708596567385
0.04111443210777179
0.039509576570715035
0.03418009684838049
0.029326559433989794
0.029003684978158084
0.022838985974461226
0.02495383946351109
0.012933142600217596
0.0162188227410433
0.019572605312724964
0.023905122900207857
0.025393112775120484
0.0319101217546051
0.037361617507154665
0.03692433749941794
0.040154338052417006
0.031847724227446
0.015247091810412
-0.02046447009090154
-0.07763403882100493
-0.17407371006507155
-0.3282463960861138
-0.5418127345562737
-0.8242239865890931
-1.150727584254018
-1.4650284117030616
-1.6749683910807556
-1.7152812971512224
-1.5604169201034672
-1.2550157377012165
-0.8962612158289393
-0.5705965806703442
-0.3147412762071509
-0.13443757050582564
-0.015857686278483316
0.05373742186942975
0.08645896531112264
0.09777880144999779
0.1006737254766499
0.08945756193625035
0.0789783010832399
0.07109439632247712
0.06313931072290593
0.052857823809738545
0.050394529983862735
0.039427261009740505
0.038494861728080004
0.03234228577585465
0.02482666661397299
0.027111632919581862
0.031712253612874615
0.040967457986613
0.04809263787968123
0.056753844874798266
0.06908370433634184
0.07835499915905679
0.09040602647326783
0.09332237045951676
0.09344891933793338
0.07101336243480692
0.015548358584641075
-0.08965877944128356
-0.2834575804969717
-0.5983371331942481
-1.0688792196582815
-1.6891520173201928
-2.331253778658423
-2.8063921649791257
-2.923832169311174
-2.6232540931005888
-2.0097799239433782
-1.3001449303147083
-0.7076963949458305
-0.2947010102810923
-0.033639149597874576
0.11275221056934569
0.1822086281012025
0.19900741430804125
0.1919229203565331
0.17058818072564239
0.14904275969445877
0.12490440178944862
0.10536703351510805
0.08736730113254962
0.07325589278091846
0.062251094778612
0.05397173529560458
0.04600325895830361
0.03791036727072665
0.03355428638219074
0.036549241825189885
0.047274999112159884
0.05693599328480484
0.06894639179577634
0.0879277003784954
0.1053481703756166
0.12373976571326191
0.1496720984338484
0.17636511669667887
0.19612898887239605
0.2024111926564144
0.17644334299493403
0.0847274221797314
-0.12885249203255794
-0.555190488588657
-1.3191187905055428
-2.4723964134085183
-3.807473738915933
-4.8671256064668444
-5.1807138832922455
-4.588125962815991
-3.2955172118901235
-1.8501423427699322
-0.7741726314638404
-0.12756462317171371
0.21398836770124158
0.35570946964546785
0.3811219557791712
0.3575805179896211
0.3058313156410133
0.25421318469762244
0.2132606610570273
0.17241911102857713
0.14102039441151973
0.11932767831935157
0.09757540973496603
0.07900020095968845
0.07146434004163704
0.05755185201188662
0.05209261100510058
0.03864208006278652
0.05047935707724699
0.059921140296940546
0.07420022237580462
0.09027799913347401
0.11361732255544028
0.14410814712756617
0.1797308878871505
0.21892617490967314
0.26955167465346225
0.32782371559063156
0.38139203731772964
0.414262131276039
0.391123204781868
0.22478183620151931
-0.25135397526675934
-1.3764574285817133
-3.484767110022992
-6.2563813903196674
-8.468612910464643
-9.116245158928134
-8.002988864180741
-5.359938531209974
-2.407427989329473
-0.5078927211000811
0.3938453542367462
0.7191314274124649
0.761285141096504
0.6795838936513025
0.5618431252899005
0.45398655889006206
0.35931472248033053
0.2862915630796298
0.2246369387915912
0.18357623999695147
0.1459648315393807
0.11602996017912051
0.09856598055846315
0.08201305284132328
0.07200743589970361
0.06138537952501791
0.05065317641119716
0.0594006648650895
0.07580466433499314
0.09093058025084799
0.11106367297676437
0.1459105317715915
0.18001080554245882
0.22713090174609266
0.29353887908455983
0.3736592967402605
0.4962633809290242
0.6192763909717196
0.7597602886642256
0.8890140782425412
0.932746993122379
0.6610600414246648
-0.6252266556626489
-4.248862703747805
-9.776100785930348
-13.584967978530315
-14.535798582099012
-12.631630465553739
-8.035144778177962
-2.2525088940982134
0.9512809719522377
1.7245964586266997
1.6844954463241566
1.399212660718626
1.089731627808261
0.831466090207541
0.6315403374940936
0.48223207997585765
0.3710330684092042
0.2869113801729062
0.2293595251477661
0.18248548591687336
0.14935945328713132
0.12454463031296757
0.10613071932773768
0.08601941833554956
0.07451768486570999
0.06413141753130853
0.076233636231547
0.09260886049854632
0.11241288193289513
0.14163429729920485
0.17568909435878274
0.22111482057710116
0.28386036069361087
0.36815937821457245
0.48180111058935365
0.6326572569961277
0.8329922213446063
1.094021847921058
1.4297934540271657
1.8075649124622648
2.0441145195127004
1.0907585190372355
-4.462247218487906
-13.058702742275406
-12.222414297038256
-18.434491587911545
-15.069365555071743
-13.90990870634533
-4.730315737355133
2.2695243455213197
3.3244836149326473
2.746605547724081
2.019486487429822
1.4488636692288464
1.0471167222368967
0.7666233903034726
0.5659809682310025
0.43091849650954733
0.3335935319829926
0.26167618867544185
0.20291663149115471
0.1674612657966588
0.13618921852410268
0.1110493161789797
0.09641058696249581
0.08042509201589935
0.06915848902339543
0.08265085426299108
0.09982762157474911
0.12184198537516971
0.1514169693658567
0.1918651955460667
0.24592703339147268
0.3213239333373766
0.4136526901368286
0.5495934811794327
0.7342085096371816
1.0006068760446527
1.367502523098816
1.891202584311166
2.601960866714725
3.351785282900071
2.7524428122560476
-7.361298561850542
-17.822827054324684
-17.45535412578381
-19.003716750396475
-19.23176720694443
-15.75764279834381
-11.698230167389701
4.415626962679909
4.80577014947922
3.4775668468324006
2.3603950014442248
1.6362425503156226
1.1517586518045067
0.8294726571858226
0.610053396879435
0.4564645860590185
0.3481369919696712
0.26804805542699084
0.21483586422667678
0.17224711525240827
0.14232646425929124
0.11539402384817384
0.09516034124731687
0.0849625727886932
0.06782080854969542
0.08256120687058344
0.09699493209182637
0.1206656013215579
0.15236053793366
0.1928650422944954
0.24541866175804178
0.32487313370332777
0.4251418856667997
0.5651168075627641
0.7669003715491283
1.0560948260446752
1.4720541172714998
2.07494358917879
2.928432965697376
4.052888216763195
5.079456794230335
-1.0090398612696705
-14.541179021655152
-18.14338210911485
-20.671713848052306
-21.85405918757782
-18.08041108770351
-4.034951742474276
4.328568988158397
4.479021776778557
3.2988601423647967
2.324801195787507
1.6342837898350286
1.1649349815141652
0.8457354526962721
0.619775988279095
0.4682107366513163
0.3644928814795222
0.282702698912494
0.2245903312493243
0.1776808615528958
0.14892524269381463
0.12168708673595993
0.10414418530687414
0.08979729643341208
0.0707460838398478
0.08605819150379805
0.10452516718887991
0.13054244979798685
0.15298866182657336
0.1925980756918401
0.24697299314342458
0.319481511662961
0.418926662917373
0.5564277211351876
0.7504704790879023
1.0220347759867643
1.408737584376736
1.9379483619372764
2.645337177456928
3.5002965397725623
4.092733402115297
0.44024346481824206
-10.22056383706873
-16.529447621011474
-18.309043152556168
-17.278532453346
-12.258751557272248
-4.278297310229928
1.2780491134315155
2.6711642211218716
2.4386495000627826
1.9089415860384287
1.4292776325682532
1.0615517821710807
0.7854365551269838
0.5955838064809218
0.4538504456945035
0.35595668349813786
0.2803177771417325
0.2229130513035566
0.18309017453788617
0.14969771595357104
0.1246981678282442
0.10899733853068398
0.09325931121543116
0.06920827407835503
0.08453470941577533
0.0994095114844617
0.12289922189588713
0.15071680399536644
0.1868258970494538
0.24331893574366806
0.2994443538891413
0.391168812819022
0.5150700942405122
0.6776872791298716
0.898711822278844
1.185428227969334
1.5509920069828251
1.9514903865435709
2.217975312614435
1.7773596498916533
-0.8807706003414327
-6.198912709478814
-10.559921057960025
-11.825109529378242
-10.486731009208238
-7.064741416509367
-2.984023619956514
-0.02941285728347775
1.2682774987569874
1.5185487159888686
1.3717399721427284
1.1187590096289086
0.8849480209909029
0.6833492347137811
0.5341598304802901
0.41969686547469753
0.3317818931831118
0.26695671520623687
0.21803839118275728
0.1803231481422498
0.14864117631403953
0.12425699545741309
0.10617984912134831
0.09361952804289764
0.0717988256585497
0.08084803760930069
0.10519903857567349
0.12071961961776657
0.1441471664030378
0.17759122208575978
0.21711710249015126
0.2679662453295756
0.3452535015728028
0.4358958840531076
0.5617603228982356
0.7116624770816684
0.890623681778142
1.0912260335950204
1.2319613099417992
1.172156327624112
0.5727526602908563
-1.050404097952881
-3.6314983865227197
-5.884978143892133
-6.675194407024151
-5.916276419184944
-4.0968444217893705
-2.00893507555533
-0.3963131193821277
0.5004457611407922
0.8417507955287514
0.8804620265655735
0.7966480757464067
0.6802752583897466
0.5540688095597384
0.4527238478511848
0.363888111944428
0.29366673396796017
0.24696750254296074
0.20095420942767656
0.17140044106100502
0.142062444156456
0.12255502745873471
0.10811476907683741
0.09780550451295213
0.070257464944027
0.08334801207768368
0.09614865664028566
0.10782179394617535
0.13237949571480714
0.15884149226539862
0.1901469922112208
0.2325137890922582
0.28168048972078813
0.3470706276310769
0.42072404201570557
0.5099620568606377
0.6005450247093691
0.666138998822993
0.6550700183080083
0.46521111868338927
-0.042152584045030556
-1.0088457151266457
-2.2963923796033674
-3.3943713054928426
-3.830266854265594
-3.4847882696348895
-2.5671720523506822
-1.4769116220921725
-0.5510958119323314
0.05693130817111676
0.3779925046899213
0.5048771499256236
0.5157240847045379
0.48150203077146586
0.42268727097732184
0.36160780062309733
0.3042321137101973
0.25740514077079507
0.21701635804005584
0.18741959070323985
0.15860012800870507
0.13618475891332776
0.11785257905986025
0.10270150791008299
0.09523231393934932
0.07298840153500162
0.0788648923168007
0.08917169924667351
0.10254246688113577
0.12029620357019509
0.13573502654593428
0.1589890510823691
0.18007864846863392
0.215804460233424
0.2512972014705537
0.29052521116427865
0.3251188107525362
0.34772200453838226
0.33251627944942086
0.24129283540768967
0.027067581882060595
-0.36885523754075933
-0.9648192316454373
-1.6485570493384232
-2.2254167137509806
-2.4687387330702095
-2.304338052465576
-1.82329161957381
-1.2131374367506151
-0.6374635376544834
-0.20320299701148287
0.07366020104921664
0.22386252633324513
0.29529159395321325
0.31059673294248147
0.2989634022901841
0.269844302658412
0.24620208555159245
0.21075133925842102
0.1866307533789325
0.16286240330608426
0.14183750337339904
0.12776583918556497
0.11456892168277524
0.10225000877027474
0.09070067009650487
0.06872215333631765
0.07829510378598249
0.08187403697457186
0.09142847539866245
0.10392283315905161
0.11846112228636316
0.12952925611489802
0.13762926705638492
0.15619482551262376
0.16867182963217067
0.17600186806071838
0.17266523659302158
0.148210014116246
0.08571293785378437
-0.03765114654959021
-0.24931533935587263
-0.5516865903317277
-0.9415424828618467
-1.3560356101653497
-1.6770240229943487
-1.8176921323824293
-1.7282983807699204
-1.4479077125779098
-1.0725481854759282
-0.6857658989986316
-0.36412478246429525
-0.12299175924890765
0.032155064552817164
0.13008043809239986
0.17668135560663298
0.1904516917536219
0.19391636518631494
0.18230781448583455
0.17377860340700044
0.1576198762237934
0.14384969121378116
0.1301000757720678
0.11698673376516179
0.10525300282211186
0.0988559928220055
0.0867493915252921
0.06863293709098481
0.07230094370817435
0.07934702773276045
0.08285284083950852
0.09366971636258752
0.09508274441562353
0.10708972443514898
0.10713687782525268
0.10762032343566044
0.10207162311888442
0.08914332545728337
0.05823722484000792
0.0020391792038606145
-0.08554319750595935
-0.2216375621441762
-0.41230728286368534
-0.653883672849686
-0.9328110943932657
-1.2006861044831674
-1.4087537215562427
-1.4906467517544975
-1.4330783403622847
-1.2510918554191186
-0.9857796014483746
-0.7116614943996502
-0.4605548830613484
-0.2532308059986016
-0.09689651896345147
0.005249978310197129
0.07311388436123388
0.10993828279096915
0.12888303628230505
0.13747124668757882
0.13533098245647407
0.1290150869442518
0.1210813545196877
0.12025191014291683
0.10537662535215532
0.10015922105432544
0.09072102304703566
0.0809148324625236
0.06644260919986027
0.07236894562004108
0.07400390110852209
0.08028268305773228
0.08530045493907597
0.0851061546205954
0.08371120467241512
0.08323187061771722
0.0719546910719136
0.05504278738480068
0.02280150965722341
-0.02252452707861422
-0.0927528833143122
-0.19281599037890898
-0.3265298137091921
-0.510288235484642
-0.7069147997428925
-0.9215898827015494
-1.1211967408330938
-1.2596998614131887
-1.3175396702762974
-1.2679179878871856
-1.138010880749848
-0.941279892899485
-0.7244978324922687
-0.5120911393539576
-0.3294155874713775
-0.18259900294635384
-0.07636031158962812
0.0015142616535786704
0.04919094520144053
0.07867963587396276
0.09690033600984756
0.10471288035994412
0.10494800558639025
0.10539603160021685
0.10394955221519334
0.09554042448279983
0.09005568329327279
0.08841614594710927
0.0777464355667839
0.07085593922949414
0.07612059595305756
0.07645106700785763
0.07674474246692625
0.08364955560861873
0.08160955776912268
0.07841803517569433
0.0673006309621618
0.053018524734000747
0.027829026434517703
-0.009212099643479436
-0.06209268956963128
-0.14262891959542345
-0.24890434413939339
-0.3867385968116249
-0.5567574401209816
-0.7318184589972865
-0.9120557261310964
-1.0727123114217372
-1.1860743855758
-1.231497243742678
-1.187370792785678
-1.0769437674214635
-0.9121530067954247
-0.7257481246449372
-0.5371860503273658
-0.37462388192128343
-0.23322491572602935
-0.12388062126006255
-0.04446578731841371
0.012054361222917363
0.04871733673298672
0.0715902464359013
0.08752954696603374
0.09071155415892877
0.09285862708545903
0.09205437347336465
0.09030697259479722
0.08651325916785152
0.0837644211618743
0.07219155367728941
0.06899360693566645
0.07616474319293802
0.07912997810552629
0.0816259869502642
0.08176460626560952
0.08395753773930209
0.0800133805232074
0.06846696093280187
0.0524787860907128
0.02525152620578907
-0.013555331116345685
-0.07238135015139048
-0.15436437636172032
-0.26209990147870726
-0.39511817063173144
-0.5569706735897932
-0.7332608654673004
-0.9078235439291718
-1.0575468579340146
-1.164660639014297
-1.2044572787642278
-1.1601276544548944
-1.0561952675998139
-0.9060804750327164
-0.7311162733287718
-0.55551006949007
-0.39220722039603784
-0.25678090216117433
-0.1494277002490103
-0.06385255175514813
-0.006804797901845035
0.03243113023379979
0.0530744584808193
0.07202538653342457
0.08161989782332255
0.08735670156350134
0.08672259473841314
0.08313088511505666
0.08383702665844386
0.07853019731924171
0.07489261838277844
0.07085593922949414
0.07612059595305756
0.07645106700785763
0.07674474246692625
0.08364955560861873
0.08160955776912268
0.07841803517569433
0.0673006309621618
0.053018524734000747
0.027829026434517703
-0.009212099643479436
-0.06209268956963128
-0.14262891959542345
-0.24890434413939339
-0.3867385968116249
-0.5567574401209816
-0.7318184589972865
-0.9120557261310964
-1.0727123114217372
-1.1860743855758
-1.231497243742678
-1.187370792785678
-1.0769437674214635
-0.9121530067954247
-0.7257481246449372
-0.5371860503273658
-0.37462388192128343
-0.23322491572602935
-0.12388062126006255
-0.04446578731841371
0.012054361222917363
0.04871733673298672
0.0715902464359013
0.08752954696603374
0.09071155415892877
0.09285862708545903
0.09205437347336465
0.09030697259479722
0.08651325916785152
0.0837644211618743
0.07219155367728941
0.06644260919986027
0.07236894562004108
0.07400390110852209
0.08028268305773228
0.08530045493907597
0.0851061546205954
0.08371120467241512
0.08323187061771722
0.0719546910719136
0.05504278738480068
0.02280150965722341
-0.02252452707861422
-0.0927528833143122
-0.19281599037890898
-0.3265298137091921
-0.510288235484642
-0.7069147997428925
-0.9215898827015494
-1.1211967408330938
-1.2596998614131887
-1.3175396702762974
-1.2679179878871856
-1.138010880749848
-0.941279892899485
-0.7244978324922687
-0.5120911393539576
-0.3294155874713775
-0.18259900294635384
-0.07636031158962812
0.0015142616535786704
0.04919094520144053
0.07867963587396276
0.09690033600984756
0.10471288035994412
0.10494800558639025
0.10539603160021685
0.10394955221519334
0.09554042448279983
0.09005568329327279
0.08841614594710927
0.0777464355667839
0.06863293709098481
0.07230094370817435
0.07934702773276045
0.08285284083950852
0.09366971636258752
0.09508274441562353
0.10708972443514898
0.10713687782525268
0.10762032343566044
0.10207162311888442
0.08914332545728337
0.05823722484000792
0.0020391792038606145
-0.08554319750595935
-0.2216375621441762
-0.41230728286368534
-0.653883672849686
-0.9328110943932657
-1.2006861044831674
-1.4087537215562427
-1.4906467517544975
-1.4330783403622847
-1.2510918554191186
-0.9857796014483746
-0.7116614943996502
-0.4605548830613484
-0.2532308059986016
-0.09689651896345147
0.005249978310197129
0.07311388436123388
0.10993828279096915
0.12888303628230505
0.13747124668757882
0.13533098245647407
0.1290150869442518
0.1210813545196877
0.12025191014291683
0.10537662535215532
0.10015922105432544
0.09072102304703566
0.0809148324625236
0.06872215333631765
0.07829510378598249
0.08187403697457186
0.09142847539866245
0.10392283315905161
0.11846112228636316
0.12952925611489802
0.13762926705638492
0.15619482551262376
0.16867182963217067
0.17600186806071838
0.17266523659302158
0.148210014116246
0.08571293785378437
-0.03765114654959021
-0.24931533935587263
-0.5516865903317277
-0.9415424828618467
-1.3560356101653497
-1.6770240229943487
-1.8176921323824293
-1.7282983807699204
-1.4479077125779098
-1.0725481854759282
-0.6857658989986316
-0.36412478246429525
-0.12299175924890765
0.032155064552817164
0.13008043809239986
0.17668135560663298
0.1904516917536219
0.19391636518631494
0.18230781448583455
0.17377860340700044
0.1576198762237934
0.14384969121378116
0.1301000757720678
0.11698673376516179
0.10525300282211186
0.0988559928220055
0.0867493915252921
0.07298840153500162
0.0788648923168007
0.08917169924667351
0.10254246688113577
0.12029620357019509
0.13573502654593428
0.1589890510823691
0.18007864846863392
0.215804460233424
0.2512972014705537
0.29052521116427865
0.3251188107525362
0.34772200453838226
0.33251627944942086
0.24129283540768967
0.027067581882060595
-0.36885523754075933
-0.9648192316454373
-1.6485570493384232
-2.2254167137509806
-2.4687387330702095
-2.304338052465576
-1.82329161957381
-1.2131374367506151
-0.6374635376544834
-0.20320299701148287
0.07366020104921664
0.22386252633324513
0.29529159395321325
0.31059673294248147
0.2989634022901841
0.269844302658412
0.24620208555159245
0.21075133925842102
0.1866307533789325
0.16286240330608426
0.14183750337339904
0.12776583918556497
0.11456892168277524
0.10225000877027474
0.09070067009650487
0.070257464944027
0.08334801207768368
0.09614865664028566
0.10782179394617535
0.13237949571480714
0.15884149226539862
0.1901469922112208
0.2325137890922582
0.28168048972078813
0.3470706276310769
0.42072404201570557
0.5099620568606377
0.6005450247093691
0.666138998822993
0.6550700183080083
0.46521111868338927
-0.042152584045030556
-1.0088457151266457
-2.2963923796033674
-3.3943713054928426
-3.830266854265594
-3.4847882696348895
-2.5671720523506822
-1.4769116220921725
-0.5510958119323314
0.05693130817111676
0.3779925046899213
0.5048771499256236
0.5157240847045379
0.48150203077146586
0.42268727097732184
0.36160780062309733
0.3042321137101973
0.25740514077079507
0.21701635804005584
0.18741959070323985
0.15860012800870507
0.13618475891332776
0.11785257905986025
0.10270150791008299
0.09523231393934932
0.0717988256585497
0.08084803760930069
0.10519903857567349
0.12071961961776657
0.1441471664030378
0.17759122208575978
0.21711710249015126
0.2679662453295756
0.3452535015728028
0.4358958840531076
0.5617603228982356
0.7116624770816684
0.890623681778142
1.0912260335950204
1.2319613099417992
1.172156327624112
0.5727526602908563
-1.050404097952881
-3.6314983865227197
-5.884978143892133
-6.675194407024151
-5.916276419184944
-4.0968444217893705
-2.00893507555533
-0.3963131193821277
0.5004457611407922
0.8417507955287514
0.8804620265655735
0.7966480757464067
0.6802752583897466
0.5540688095597384
0.4527238478511848
0.363888111944428
0.29366673396796017
0.24696750254296074
0.20095420942767656
0.17140044106100502
0.142062444156456
0.12255502745873471
0.10811476907683741
0.09780550451295213
0.06920827407835503
0.08453470941577533
0.0994095114844617
0.12289922189588713
0.15071680399536644
0.1868258970494538
0.24331893574366806
0.2994443538891413
0.391168812819022
0.5150700942405122
0.6776872791298716
0.898711822278844
1.185428227969334
1.5509920069828251
1.9514903865435709
2.217975312614435
1.7773596498916533
-0.8807706003414327
-6.198912709478814
-10.559921057960025
-11.825109529378242
-10.486731009208238
-7.064741416509367
-2.984023619956514
-0.02941285728347775
1.2682774987569874
1.5185487159888686
1.3717399721427284
1.1187590096289086
0.8849480209909029
0.6833492347137811
0.5341598304802901
0.41969686547469753
0.3317818931831118
0.26695671520623687
0.21803839118275728
0.1803231481422498
0.14864117631403953
0.12425699545741309
0.10617984912134831
0.09361952804289764
0.0707460838398478
0.08605819150379805
0.10452516718887991
0.13054244979798685
0.15298866182657336
0.1925980756918401
0.24697299314342458
0.319481511662961
0.418926662917373
0.5564277211351876
0.7504704790879023
1.0220347759867643
1.408737584376736
1.9379483619372764
2.645337177456928
3.5002965397725623
4.092733402115297
0.44024346481824206
-10.22056383706873
-16.529447621011474
-18.309043152556168
-17.278532453346
-12.258751557272248
-4.278297310229928
1.2780491134315155
2.6711642211218716
2.4386495000627826
1.9089415860384287
1.4292776325682532
1.0615517821710807
0.7854365551269838
0.5955838064809218
0.4538504456945035
0.35595668349813786
0.2803177771417325
0.2229130513035566
0.18309017453788617
0.14969771595357104
0.1246981678282442
0.10899733853068398
0.09325931121543116
0.06782080854969542
0.08256120687058344
0.09699493209182637
0.1206656013215579
0.15236053793366
0.1928650422944954
0.24541866175804178
0.32487313370332777
0.4251418856667997
0.5651168075627641
0.7669003715491283
1.0560948260446752
1.4720541172714998
2.07494358917879
2.928432965697376
4.052888216763195
5.079456794230335
-1.0090398612696705
-14.541179021655152
-18.14338210911485
-20.671713848052306
-21.85405918757782
-18.08041108770351
-4.034951742474276
4.328568988158397
4.479021776778557
3.2988601423647967
2.324801195787507
1.6342837898350286
1.1649349815141652
0.8457354526962721
0.619775988279095
0.4682107366513163
0.3644928814795222
0.282702698912494
0.2245903312493243
0.1776808615528958
0.14892524269381463
0.12168708673595993
0.10414418530687414
0.08979729643341208
0.06915848902339543
0.08265085426299108
0.09982762157474911
0.12184198537516971
0.1514169693658567
0.1918651955460667
0.24592703339147268
0.3213239333373766
0.4136526901368286
0.5495934811794327
0.7342085096371816
1.0006068760446527
1.367502523098816
1.891202584311166
2.601960866714725
3.351785282900071
2.7524428122560476
-7.361298561850542
-17.822827054324684
-17.45535412578381
-19.003716750396475
-19.23176720694443
-15.75764279834381
-11.698230167389701
4.415626962679909
4.80577014947922
3.4775668468324006
2.3603950014442248
1.6362425503156226
1.1517586518045067
0.8294726571858226
0.610053396879435
0.4564645860590185
0.3481369919696712
0.26804805542699084
0.21483586422667678
0.17224711525240827
0.14232646425929124
0.11539402384817384
0.09516034124731687
0.0849625727886932
0.06413141753130853
0.076233636231547
0.09260886049854632
0.11241288193289513
0.14163429729920485
0.17568909435878274
0.22111482057710116
0.28386036069361087
0.36815937821457245
0.48180111058935365
0.6326572569961277
0.8329922213446063
1.094021847921058
1.4297934540271657
1.8075649124622648
2.0441145195127004
1.0907585190372355
-4.462247218487906
-13.058702742275406
-12.222414297038256
-18.434491587911545
-15.069365555071743
-13.90990870634533
-4.730315737355133
2.2695243455213197
3.3244836149326473
2.746605547724081
2.019486487429822
1.4488636692288464
1.0471167222368967
0.7666233903034726
0.5659809682310025
0.43091849650954733
0.3335935319829926
0.26167618867544185
0.20291663149115471
0.1674612657966588
0.13618921852410268
0.1110493161789797
0.09641058696249581
0.08042509201589935
0.05065317641119716
0.0594006648650895
0.07580466433499314
0.09093058025084799
0.11106367297676437
0.1459105317715915
0.18001080554245882
0.22713090174609266
0.29353887908455983
0.3736592967402605
0.4962633809290242
0.6192763909717196
0.7597602886642256
0.8890140782425412
0.932746993122379
0.6610600414246648
-0.6252266556626489
-4.248862703747805
-9.776100785930348
-13.584967978530315
-14.535798582099012
-12.631630465553739
-8.035144778177962
-2.2525088940982134
0.9512809719522377
1.7245964586266997
1.6844954463241566
1.399212660718626
1.089731627808261
0.831466090207541
0.6315403374940936
0.48223207997585765
0.3710330684092042
0.2869113801729062
0.2293595251477661
0.18248548591687336
0.14935945328713132
0.12454463031296757
0.10613071932773768
0.08601941833554956
0.07451768486570999
0.03864208006278652
0.05047935707724699
0.059921140296940546
0.07420022237580462
0.09027799913347401
0.11361732255544028
0.14410814712756617
0.1797308878871505
0.21892617490967314
0.26955167465346225
0.32782371559063156
0.38139203731772964
0.414262131276039
0.391123204781868
0.22478183620151931
-0.25135397526675934
-1.3764574285817133
-3.484767110022992
-6.2563813903196674
-8.468612910464643
-9.116245158928134
-8.002988864180741
-5.359938531209974
-2.407427989329473
-0.5078927211000811
0.3938453542367462
0.7191314274124649
0.761285141096504
0.6795838936513025
0.5618431252899005
0.45398655889006206
0.35931472248033053
0.2862915630796298
0.2246369387915912
0.18357623999695147
0.1459648315393807
0.11602996017912051
0.09856598055846315
0.08201305284132328
0.07200743589970361
0.06138537952501791
0.03355428638219074
0.036549241825189885
0.047274999112159884
0.05693599328480484
0.06894639179577634
0.0879277003784954
0.1053481703756166
0.12373976571326191
0.1496720984338484
0.17636511669667887
0.19612898887239605
0.2024111926564144
0.17644334299493403
0.0847274221797314
-0.12885249203255794
-0.555190488588657
-1.3191187905055428
-2.4723964134085183
-3.807473738915933
-4.8671256064668444
-5.1807138832922455
-4.588125962815991
-3.2955172118901235
-1.8501423427699322
-0.7741726314638404
-0.12756462317171371
0.21398836770124158
0.35570946964546785
0.3811219557791712
0.3575805179896211
0.3058313156410133
0.25421318469762244
0.2132606610570273
0.17241911102857713
0.14102039441151973
0.11932767831935157
0.09757540973496603
0.07900020095968845
0.07146434004163704
0.05755185201188662
0.05209261100510058
0.02482666661397299
0.027111632919581862
0.031712253612874615
0.040967457986613
0.04809263787968123
0.056753844874798266
0.06908370433634184
0.07835499915905679
0.09040602647326783
0.09332237045951676
0.09344891933793338
0.07101336243480692
0.015548358584641075
-0.08965877944128356
-0.2834575804969717
-0.5983371331942481
-1.0688792196582815
-1.6891520173201928
-2.331253778658423
-2.8063921649791257
-2.923832169311174
-2.6232540931005888
-2.0097799239433782
-1.3001449303147083
-0.7076963949458305
-0.2947010102810923
-0.033639149597874576
0.11275221056934569
0.1822086281012025
0.19900741430804125
0.1919229203565331
0.17058818072564239
0.14904275969445877
0.12490440178944862
0.10536703351510805
0.08736730113254962
0.07325589278091846
0.062251094778612
0.05397173529560458
0.04600325895830361
0.03791036727072665
0.012933142600217596
0.0162188227410433
0.019572605312724964
0.023905122900207857
0.025393112775120484
0.0319101217546051
0.037361617507154665
0.03692433749941794
0.040154338052417006
0.031847724227446
0.015247091810412
-0.02046447009090154
-0.07763403882100493
-0.17407371006507155
-0.3282463960861138
-0.5418127345562737
-0.8242239865890931
-1.150727584254018
-1.4650284117030616
-1.6749683910807556
-1.7152812971512224
-1.5604169201034672
-1.2550157377012165
-0.8962612158289393
-0.5705965806703442
-0.3147412762071509
-0.13443757050582564
-0.015857686278483316
0.05373742186942975
0.08645896531112264
0.09777880144999779
0.1006737254766499
0.08945756193625035
0.0789783010832399
0.07109439632247712
0.06313931072290593
0.052857823809738545
0.050394529983862735
0.039427261009740505
0.038494861728080004
0.03234228577585465
0.005450549856504915
0.006331102539239963
0.007367228725217357
0.009064649063339399
0.008020425326605445
0.007821610923494378
0.006552601124144435
0.00581220390564772
-0.0028496739787720843
-0.017054691068020295
-0.04011629160932923
-0.07565352712829809
-0.12660810186649613
-0.21170802551841839
-0.3187019627068216
-0.4578490966281437
-0.6237951695513354
-0.8016557493409464
-0.953741858371114
-1.0493717381804297
-1.0571193536566243
-0.9673737709873167
-0.8095344217639144
-0.622362292001953
-0.4429497932478276
-0.2858881553874518
-0.1671102159033584
-0.07930001635343463
-0.020702591231252603
0.014162412834349566
0.03495460041096599
0.04445672145116188
0.048432909894765355
0.046609708596567385
0.04111443210777179
0.039509576570715035
0.03418009684838049
0.029326559433989794
0.029003684978158084
0.022838985974461226
0.02495383946351109
-0.0005359622473155463
-0.0011148917935932445
-0.004948854945626264
-0.003782669102308616
-0.008112377900391413
-0.007902209303092942
-0.01650632915021103
-0.024098217371116167
-0.03311908984637398
-0.049383556051894074
-0.07209012913646909
-0.10475528272369833
-0.15171023907437656
-0.21412585070697535
-0.28757732809141395
-0.37795309031158275
-0.47920442812298003
-0.5691212815788896
-0.6471777821556979
-0.6876890155733003
-0.6853343853038026
-0.6326812212080574
-0.5456019441761862
-0.44194378645670135
-0.3372490228766229
-0.24408479560469395
-0.1660486853615751
-0.105029607815495
-0.05904982602805193
-0.027912265213732614
-0.007927451657272164
0.004950119917223628
0.012170250994115775
0.018029189350831254
0.01893916101273527
0.021803669842640542
0.018753837632001932
0.018522368273673994
0.013753061289397525
0.014935774122283627
0.012234225241631695
-0.008484392146944155
-0.012031270474660854
-0.014481988941088979
-0.016805854201644578
-0.022490802338331745
-0.025498409274407503
-0.03181045237103828
-0.041923927448615415
-0.05252982184924492
-0.0683816000135253
-0.09019346295246713
-0.12001694589498237
-0.15488956373734555
-0.20163236290267325
-0.25051844621969216
-0.3108672560934915
-0.3663077681791973
-0.41616513190626586
-0.45390430853999336
-0.4747162229396721
-0.4633718218853704
-0.43059154970497965
-0.38060860516472395
-0.31681287989461865
-0.2584065350995497
-0.20207797861608806
-0.1504441363539577
-0.10836039224087261
-0.07491115384442067
-0.05161358470062177
-0.03294447305229054
-0.017731724813787233
-0.011233846614563885
-0.005259168041203674
0.002092300910913274
0.0005478171152042808
0.000481143921801077
0.005713835439172128
0.004700066590132742
0.006572217455403874
0.008255983729837917
