0.41310268410325934
0.4318004344298288
0.4466027115305786
0.46205425299492286
0.49487661451479137
0.5278361064657807
0.546259732715746
0.5850569731199586
0.6316721119658857
0.6791625046666638
0.7244192455458249
0.7700573738485873
0.8597748160548927
0.9322822236529752
1.0551363435842334
1.1868947783733397
1.3387840133584492
1.5289455370266345
1.6592172187815506
1.7752747206043071
1.8747705343358607
1.8577637602276251
1.7947285278197942
1.6855868790246105
1.5516425938237877
1.393040231724999
1.2310001101719426
1.0878948739923997
0.992473762563627
0.8812157884297119
0.7882754280758593
0.7215740695661294
0.6626255710273461
0.6122099051635534
0.5658389845801796
0.5214747269144412
0.5028341486910034
0.45804078075983096
0.4403186137116294
0.43109893028889884
0.38089251081617903
0.4532071762589467
0.4791323177342416
0.49609722818150576
0.5312076839488846
0.5613229083706225
0.596702082313951
0.625640785420929
0.657604585765056
0.709916997300686
0.7446137277778562
0.7885364346273955
0.8383160157307968
0.9315710462517416
1.0120170415167868
1.1276493944830963
1.2967040895132524
1.4933316687474951
1.684399530930536
1.901556399056959
2.0701673444537003
2.1903997279562724
2.1692239754269504
2.0824328548376996
1.9526935047451506
1.767191583713259
1.5579558702857368
1.3801295457704577
1.2268158287011637
1.0941651765680735
0.9734773279808381
0.875464742075154
0.7953860071270812
0.7396462008985483
0.6775880610968447
0.6215398218083377
0.5723561739014384
0.5413718967199619
0.5069378895991457
0.46180493413924417
0.45292546724662985
0.41883063574458157
0.485999870278579
0.5121977336786093
0.5552868771712486
0.59149230136344
0.6236475651492286
0.6575742390583473
0.6954454896358356
0.7468484755477576
0.7862010852741694
0.8184833293881325
0.8674130151917778
0.9220347809579793
0.986117602732598
1.0807032223268205
1.2200513987866728
1.3991297657787862
1.6276709997788275
1.8949626943512956
2.169038284805518
2.3992374816635045
2.5277155280428087
2.54859502458158
2.4549711409431865
2.275426869796705
2.0201599515681647
1.7805708139149428
1.5693334348984893
1.3660982326963282
1.2142970057585138
1.0861545419984024
0.9796175866551822
0.8851659185433433
0.815718949795223
0.7525902097716164
0.6895135264558123
0.6573303126457273
0.5966462424132567
0.5485186146580653
0.529188655995227
0.4767437010885127
0.46389926296976947
0.5277284137564846
0.5740195157459047
0.6029857236341054
0.6481542342053475
0.688069121164358
0.7417420885136898
0.7782235212588956
0.8295267567480608
0.8698690238915723
0.914798950469708
0.9752885187452148
1.0312761626021671
1.073520906494594
1.1537566053814743
1.2796079514644356
1.469172310908572
1.7759319246149305
2.1534868634540096
2.5181162889474593
2.8360064558571647
3.022087402694168
3.008227962006583
2.885370444264816
2.626031604783572
2.318880196288535
2.002004603697402
1.7544975578037865
1.5304804956488416
1.3514181788597766
1.2082512267412133
1.0901115022260557
0.9891855238693358
0.9093920625302154
0.8449113892134864
0.764667051632118
0.7161261329672075
0.6633005506112496
0.6273215069149412
0.5843118810048299
0.528127258674343
0.5046603483480773
0.5958587949122885
0.6257468957090007
0.6753601006372169
0.7194418300128855
0.7632228525809911
0.8160316919480445
0.8700040481522393
0.9349071646315682
0.991072796385016
1.04763080876759
1.0959034572141728
1.151799926470148
1.197341058282158
1.2424601355825045
1.3427465852390752
1.5223735908705085
1.870193598745166
2.3674295642313563
2.962499478575944
3.420253803260028
3.6227462196288993
3.618811345209582
3.4113051017462634
3.041293372292483
2.6259328441028233
2.2706930177576234
1.9819165551730753
1.731267674377031
1.5353693715230465
1.370128544581264
1.245037235763477
1.1411177514162283
1.023062238053795
0.9622289049795694
0.8712470187530069
0.8090076391103055
0.7429305249799107
0.6963553870122694
0.6557919362006841
0.5839081606633771
0.5452976301553587
0.6388589017429376
0.6877079610766575
0.73429167710433
0.7829905357714818
0.8442622603568641
0.9117976898738798
0.9896006915626873
1.0591431177839739
1.1258571905649521
1.1978760241856834
1.2675238806024955
1.3200336373634
1.3501464081509214
1.370708430861448
1.3782114557675167
1.4722582211438535
1.824293144462991
2.589098524602892
3.550288036142952
4.240657682475116
4.47430456305639
4.33497868993891
3.9647583737669914
3.406675746059782
2.92602059701447
2.582003185849443
2.269578394906367
1.978954933873901
1.7586931269386248
1.5707395934258246
1.4106439581365948
1.2969860047147355
1.1724601781521318
1.0750471152095706
0.9834660084549648
0.910161900971801
0.844532527491145
0.7661935345436997
0.6999562013031977
0.6572050557738935
0.6108280161012041
0.6891740932282775
0.7344363529756387
0.7988473617014655
0.8678813968047476
0.9467886264787121
1.0335910185415556
1.1104290819379892
1.203921678371911
1.2913263463834166
1.3956661835337585
1.4796287127638026
1.543741419741966
1.590722138296484
1.5446296832097113
1.4319532740558227
1.2297111880808702
1.3513755844826123
2.47277125291616
4.385338072244553
5.539800756971539
5.580951842372137
5.106468751029198
4.269888250892306
3.0691370778028118
2.844978394266171
2.8311071400324153
2.5860200880812356
2.2931135767672184
2.0227704096045462
1.8120562782673955
1.624518131481293
1.4721068173375171
1.328949216235659
1.2101957925763003
1.1000512295228315
1.0171208749512781
0.9368317523827364
0.8520581819200848
0.7765066703961743
0.717739144345255
0.6524486038953453
0.7257277038600203
0.808131068883083
0.8783109210503814
0.9410520751850722
1.0205340267364484
1.1275527406016477
1.2533671652325973
1.3665983431432014
1.483872666742674
1.5944984350789013
1.712555232533343
1.8180418811655572
1.8936109637825052
1.8243192012733176
1.5266015570072586
0.6437095447625543
-0.6880797245402991
0.32778983201143574
5.466825348653927
7.574890954872646
6.809365656264189
6.19309955483759
2.3390272104734238
-4.57950270923699
-0.3530831616422695
2.256795307437142
2.590716336451243
2.42958493703031
2.2313282563353636
1.9931921610248993
1.7991815376363447
1.6064396997747734
1.4579748368766607
1.314157745222786
1.2076682389751556
1.0913643423485755
1.009939739399773
0.9246714616232445
0.8352691465509546
0.7511491543336964
0.7032037127188544
0.7911656098024972
0.8551191137257933
0.9587328856968976
1.03644530942655
1.135839483670783
1.2559200625512392
1.3820211403446812
1.5183987530552716
1.6787613229519704
1.8253461699487614
2.0061565268136947
2.1792200110872453
2.351084181530449
2.399788717031482
2.180911503507983
0.7610195691516931
-3.8884997186006722
-8.93604352487622
6.208120044785698
1.2907787091267178
7.498657702876812
2.284675018342289
-1.7127003991366092
-7.069832427407181
0.2852525587693461
3.035666931042694
3.127460722684594
2.8495018862581767
2.5770899022911133
2.315369522229673
2.060654874927686
1.8334653681123152
1.6540030545271993
1.4923884613572556
1.3379310887493616
1.2163441268211317
1.0986534473800944
1.0015141293798058
0.9197492526661847
0.822098985392921
0.7508106463748225
0.8428692390186544
0.9368124867157648
1.0103180533346436
1.1248107529719493
1.2385184389311379
1.370550966088414
1.5201980238701163
1.7006062958648098
1.8780943048929049
2.1008433120964507
2.344733341972096
2.5981688535399976
2.899691432977964
3.1964869318773244
3.4868629815534926
3.2458060688631414
-0.053939154517489214
-1.0482057336925794
12.406827472408994
6.846682592750039
6.412046422723244
10.861113919892677
10.486165149626416
23.56549296712119
4.311888371709948
3.685024866118247
3.628349092478497
3.5331783994980315
3.087621956482434
2.7257223244669024
2.3877072390903837
2.1109260302707002
1.8886467471344492
1.6746494189006518
1.5129888357534589
1.3651458995282089
1.2215069165357664
1.1144122643385965
1.0101991282367777
0.9088845934861739
0.832857666284725
0.9104621296786104
0.9968787542899605
1.0896305460235354
1.2117808655838664
1.3402456895723946
1.4940114074144044
1.6654671869290456
1.864261859342357
2.0773379604781432
2.3433791621662228
2.610967857302866
2.9740557121158733
3.418651012742872
4.0138997684558495
4.866371846612174
6.32761926739101
8.076100715192087
17.649352072747675
17.634548010714347
8.631133689210245
6.565725038945915
11.057359715866129
15.90734034257502
2.4453598900292044
2.9612374335786975
4.168087510008654
4.232700713375631
3.85447675260766
3.4364729595255237
3.013941738100836
2.672118751327249
2.3337221048805197
2.073126621120424
1.8319090916456495
1.6316586802710953
1.4695495000483876
1.3163559657803359
1.1882610844856414
1.0739495761401
0.9673719489305159
0.8604611035383914
0.9509181721199192
1.0565968300802406
1.1682104666641984
1.306048743049094
1.4478737626108018
1.6261494051378178
1.8046609589242735
2.020348863098708
2.270422647139419
2.550059560354509
2.8989818706010997
3.318418247142572
3.8273184344548707
4.498472127464988
5.495946247505458
6.937170707324825
8.075138679906765
9.94983589070098
5.686383399956745
7.184726524415831
7.580042914625927
8.77431703306197
8.666118490253321
5.0090207023824185
4.060837312623608
4.386590906299013
4.437769439511936
4.12709410374698
3.701633899536075
3.2575298447884506
2.886711287472041
2.5575538756110707
2.2598761955034394
2.003570712969083
1.7880447549897547
1.5883980510026938
1.4186555286364335
1.261352514418055
1.1520761294101727
1.0241340510825185
0.9221510269638654
1.0147194914475197
1.0972649401879835
1.2332444665398883
1.3756116110577925
1.53369383861925
1.7274463197092356
1.9260754132817002
2.156655590934158
2.4398758288062545
2.7512885538456904
3.1263382036373684
3.5705727958489004
4.112713454926582
4.75580653412413
5.581730416345465
6.437582224922197
6.874154370627228
6.477239223134492
6.308758944944903
7.109336308864879
7.8857806918405835
7.950089521044205
7.157098468379458
5.880515893853031
5.1347695416240295
4.874950643850355
4.677629458206431
4.337650324655112
3.919467188154817
3.491953562095379
3.0862395262901354
2.7297898020636113
2.4108789905107657
2.1395466792646674
1.8995191536760283
1.694667636662399
1.5018682241696188
1.354611081025548
1.2198679899298037
1.0905896124824985
0.9724604324855973
1.0587335906803412
1.1646921373432686
1.3093396748511206
1.456575694952063
1.607518395018499
1.8238223120873902
2.0375515259911836
2.2976579162898405
2.578718413782989
2.916948256299325
3.298681433633503
3.747285382597252
4.2269796466012535
4.804219035981456
5.387569314963251
5.960860982462211
6.267292722799031
6.410062279230059
6.709951216163379
7.294904067793964
7.7123893286170935
7.620293435061073
7.034683335913201
6.311656918699428
5.7364817060824285
5.31284212336096
4.958335224924729
4.543468519340118
4.109261261028707
3.694250926694747
3.2655350010050923
2.8909336412289295
2.5549430323561366
2.2479013610093004
2.009612223411316
1.7931564955686823
1.599779263577881
1.4390877215914235
1.28024411181741
1.1543854054460438
1.014095661347007
1.106491567102361
1.2208014868736334
1.3590598597411896
1.5098454015306098
1.720690043769079
1.9159880088238566
2.139292138003538
2.382597659747351
2.6841420545584542
3.0385025380106434
3.4099162259949867
3.8645371527668404
4.329595719846099
4.841299281608679
5.332698027403106
5.789892653977505
6.14136479030185
6.470420812909791
6.884111140878547
7.270987477619851
7.49033615574311
7.4211290632977995
7.051772227687779
6.5356582079707435
6.0364871885831946
5.588746455795802
5.153459683348122
4.718996857437466
4.28276403221665
3.8237181876840505
3.4088331381187644
3.024790336743965
2.6989175618598575
2.3919648751866704
2.1034681765743026
1.8798872722804563
1.6638894029083122
1.4967637975394008
1.341135199387144
1.2203471349907054
1.0835125282345521
1.1438208268595034
1.2626645387194761
1.403069919714233
1.57960399322375
1.769326231962993
1.9750915156499904
2.2015157171118265
2.5069189894016812
2.786378435352342
3.1481638368856264
3.5254476304945297
3.924316108075879
4.405390146250962
4.855271086086164
5.334128608655626
5.75166763497639
6.164110823694918
6.522477174223117
6.8917352188419425
7.198423435969638
7.338465516933682
7.294724034615885
7.00704563284727
6.640579735292608
6.194335015236022
5.757058413863397
5.292049248060664
4.849896440714841
4.391327074303775
3.948176986033667
3.5290586670692097
3.1301788479496775
2.792890423040448
2.472714247889026
2.196408420169963
1.9527667352404694
1.736663758846512
1.5534769006423939
1.4012190069215644
1.2538526436873305
1.1290024392407028
1.1782544416140517
1.3041148254965935
1.4538020344515614
1.617513709295285
1.8380539753332745
2.0425391800272066
2.267778656076971
2.556919645944693
2.8787023867612938
3.220913424501506
3.5887382356738895
4.002680688415887
4.443356665460166
4.892437266153925
5.356042861533575
5.775083954569776
6.171874653021313
6.553114496977234
6.883506754835503
7.1241303269037575
7.222441327919177
7.1920930363016575
6.9867852800211105
6.66388530935049
6.275910512210671
5.831866776562364
5.3956265227402405
4.932057037046816
4.457647884646898
4.022734933523373
3.6103702797753154
3.2146421155588913
2.8525278868042885
2.546190374928049
2.261494817082531
2.0112660514938168
1.8069667636801632
1.609833266694378
1.4615856591481422
1.2914045953508253
1.1798163358714993
1.1928176493911387
1.3176671042261732
1.4627578733198079
1.666586779435512
1.8391527295991656
2.0795088936378647
2.3163834452660073
2.6096870533975833
2.938743813174741
3.280565361532914
3.6626002856197015
4.079617650837573
4.507658999048261
4.942775759690926
5.382987567089692
5.822410192941699
6.210347538668019
6.553686199977295
6.839667365871063
7.064875563336043
7.142429216322082
7.100026846531632
6.931669953028382
6.638892227004754
6.2882197730387706
5.877592839682864
5.422497437618581
4.9765198194837295
4.527045785553571
4.077926232631317
3.672130354122812
3.289374610454812
2.934159005134234
2.614332960596653
2.330854223626425
2.0893688972398614
1.8489737455218627
1.654260039489064
1.4788258691780738
1.3145076103048732
1.2040736870005233
1.1987103068593628
1.340550691976366
1.5073039942561801
1.7012560575268367
1.8914506148327295
2.115675797078712
2.357060287441323
2.652187927440028
2.9782317302675985
3.3132057820045686
3.6868876177808794
4.117949526830214
4.524806507862521
4.98405861061042
5.420951739593887
5.8447366461626
6.24141363494166
6.55418273294142
6.841696807608516
7.024307994004794
7.091393911390186
7.020286039985576
6.864025343656856
6.606479447229458
6.279577478724025
5.888361037336471
5.447565186848728
5.015746108026885
4.5718413231016966
4.118788101448562
3.6953857234287537
3.3286480439202757
2.96078281727289
2.6624333203089363
2.373033469715404
2.0966476644165932
1.869049985196492
1.696246751778007
1.500813190833326
1.3393136044120204
1.2027968478080684
1.1994126669922487
1.3607829335196364
1.5289316612301391
1.7131959434786646
1.9087046731412338
2.128419739344166
2.374961930897907
2.6870929204322254
2.9985772203189094
3.351990013472415
3.728297126525161
4.143503759185285
4.560606235930436
5.00455691489168
5.450359243968407
5.874876624569023
6.2265099567791315
6.565847371832202
6.850030282553924
6.993188594974884
7.047382831775062
7.012738342267543
6.843308044559128
6.585126854619222
6.2493262259316005
5.86206201206229
5.455201662941417
5.0164016237895215
4.5746151500385155
4.139808672600487
3.7251383812613437
3.346041788042658
2.9905272835990253
2.659525749099321
2.3762339829679724
2.120309858056091
1.8978618669274632
1.694950461320515
1.5177696700093577
1.3472225771955566
1.2188660868846863
1.2279412331673953
1.371027054106538
1.528139140065118
1.6853834462720894
1.9098630486269432
2.139276598588053
2.4035874308925282
2.6855952889991577
3.008944855819444
3.3627267667283753
3.7291575184979338
4.1637968619392955
4.571126034356662
5.012017355070177
5.448326336125304
5.860971008263024
6.255806621778756
6.586211044534313
6.818337798613142
6.989654483006145
7.0355325386231735
7.007554309661185
6.828325204475506
6.565478288436994
6.239809122431617
5.863076067589383
5.449543564468915
5.014387433056637
4.578469017695
4.15402988419222
3.721557373414778
3.354143138734864
3.0018083361441734
2.6881139583954083
2.4087463082621237
2.1486783443603534
1.9097638196821531
1.6971135934019348
1.5390561793995516
1.3700726275183064
1.2070456301412844
1.1994126669922487
1.3607829335196364
1.5289316612301391
1.7131959434786646
1.9087046731412338
2.128419739344166
2.374961930897907
2.6870929204322254
2.9985772203189094
3.351990013472415
3.728297126525161
4.143503759185285
4.560606235930436
5.00455691489168
5.450359243968407
5.874876624569023
6.2265099567791315
6.565847371832202
6.850030282553924
6.993188594974884
7.047382831775062
7.012738342267543
6.843308044559128
6.585126854619222
6.2493262259316005
5.86206201206229
5.455201662941417
5.0164016237895215
4.5746151500385155
4.139808672600487
3.7251383812613437
3.346041788042658
2.9905272835990253
2.659525749099321
2.3762339829679724
2.120309858056091
1.8978618669274632
1.694950461320515
1.5177696700093577
1.3472225771955566
1.2188660868846863
1.1987103068593628
1.340550691976366
1.5073039942561801
1.7012560575268367
1.8914506148327295
2.115675797078712
2.357060287441323
2.652187927440028
2.9782317302675985
3.3132057820045686
3.6868876177808794
4.117949526830214
4.524806507862521
4.98405861061042
5.420951739593887
5.8447366461626
6.24141363494166
6.55418273294142
6.841696807608516
7.024307994004794
7.091393911390186
7.020286039985576
6.864025343656856
6.606479447229458
6.279577478724025
5.888361037336471
5.447565186848728
5.015746108026885
4.5718413231016966
4.118788101448562
3.6953857234287537
3.3286480439202757
2.96078281727289
2.6624333203089363
2.373033469715404
2.0966476644165932
1.869049985196492
1.696246751778007
1.500813190833326
1.3393136044120204
1.2027968478080684
1.1928176493911387
1.3176671042261732
1.4627578733198079
1.666586779435512
1.8391527295991656
2.0795088936378647
2.3163834452660073
2.6096870533975833
2.938743813174741
3.280565361532914
3.6626002856197015
4.079617650837573
4.507658999048261
4.942775759690926
5.382987567089692
5.822410192941699
6.210347538668019
6.553686199977295
6.839667365871063
7.064875563336043
7.142429216322082
7.100026846531632
6.931669953028382
6.638892227004754
6.2882197730387706
5.877592839682864
5.422497437618581
4.9765198194837295
4.527045785553571
4.077926232631317
3.672130354122812
3.289374610454812
2.934159005134234
2.614332960596653
2.330854223626425
2.0893688972398614
1.8489737455218627
1.654260039489064
1.4788258691780738
1.3145076103048732
1.2040736870005233
1.1782544416140517
1.3041148254965935
1.4538020344515614
1.617513709295285
1.8380539753332745
2.0425391800272066
2.267778656076971
2.556919645944693
2.8787023867612938
3.220913424501506
3.5887382356738895
4.002680688415887
4.443356665460166
4.892437266153925
5.356042861533575
5.775083954569776
6.171874653021313
6.553114496977234
6.883506754835503
7.1241303269037575
7.222441327919177
7.1920930363016575
6.9867852800211105
6.66388530935049
6.275910512210671
5.831866776562364
5.3956265227402405
4.932057037046816
4.457647884646898
4.022734933523373
3.6103702797753154
3.2146421155588913
2.8525278868042885
2.546190374928049
2.261494817082531
2.0112660514938168
1.8069667636801632
1.609833266694378
1.4615856591481422
1.2914045953508253
1.1798163358714993
1.1438208268595034
1.2626645387194761
1.403069919714233
1.57960399322375
1.769326231962993
1.9750915156499904
2.2015157171118265
2.5069189894016812
2.786378435352342
3.1481638368856264
3.5254476304945297
3.924316108075879
4.405390146250962
4.855271086086164
5.334128608655626
5.75166763497639
6.164110823694918
6.522477174223117
6.8917352188419425
7.198423435969638
7.338465516933682
7.294724034615885
7.00704563284727
6.640579735292608
6.194335015236022
5.757058413863397
5.292049248060664
4.849896440714841
4.391327074303775
3.948176986033667
3.5290586670692097
3.1301788479496775
2.792890423040448
2.472714247889026
2.196408420169963
1.9527667352404694
1.736663758846512
1.5534769006423939
1.4012190069215644
1.2538526436873305
1.1290024392407028
1.106491567102361
1.2208014868736334
1.3590598597411896
1.5098454015306098
1.720690043769079
1.9159880088238566
2.139292138003538
2.382597659747351
2.6841420545584542
3.0385025380106434
3.4099162259949867
3.8645371527668404
4.329595719846099
4.841299281608679
5.332698027403106
5.789892653977505
6.14136479030185
6.470420812909791
6.884111140878547
7.270987477619851
7.49033615574311
7.4211290632977995
7.051772227687779
6.5356582079707435
6.0364871885831946
5.588746455795802
5.153459683348122
4.718996857437466
4.28276403221665
3.8237181876840505
3.4088331381187644
3.024790336743965
2.6989175618598575
2.3919648751866704
2.1034681765743026
1.8798872722804563
1.6638894029083122
1.4967637975394008
1.341135199387144
1.2203471349907054
1.0835125282345521
1.0587335906803412
1.1646921373432686
1.3093396748511206
1.456575694952063
1.607518395018499
1.8238223120873902
2.0375515259911836
2.2976579162898405
2.578718413782989
2.916948256299325
3.298681433633503
3.747285382597252
4.2269796466012535
4.804219035981456
5.387569314963251
5.960860982462211
6.267292722799031
6.410062279230059
6.709951216163379
7.294904067793964
7.7123893286170935
7.620293435061073
7.034683335913201
6.311656918699428
5.7364817060824285
5.31284212336096
4.958335224924729
4.543468519340118
4.109261261028707
3.694250926694747
3.2655350010050923
2.8909336412289295
2.5549430323561366
2.2479013610093004
2.009612223411316
1.7931564955686823
1.599779263577881
1.4390877215914235
1.28024411181741
1.1543854054460438
1.014095661347007
1.0147194914475197
1.0972649401879835
1.2332444665398883
1.3756116110577925
1.53369383861925
1.7274463197092356
1.9260754132817002
2.156655590934158
2.4398758288062545
2.7512885538456904
3.1263382036373684
3.5705727958489004
4.112713454926582
4.75580653412413
5.581730416345465
6.437582224922197
6.874154370627228
6.477239223134492
6.308758944944903
7.109336308864879
7.8857806918405835
7.950089521044205
7.157098468379458
5.880515893853031
5.1347695416240295
4.874950643850355
4.677629458206431
4.337650324655112
3.919467188154817
3.491953562095379
3.0862395262901354
2.7297898020636113
2.4108789905107657
2.1395466792646674
1.8995191536760283
1.694667636662399
1.5018682241696188
1.354611081025548
1.2198679899298037
1.0905896124824985
0.9724604324855973
0.9509181721199192
1.0565968300802406
1.1682104666641984
1.306048743049094
1.4478737626108018
1.6261494051378178
1.8046609589242735
2.020348863098708
2.270422647139419
2.550059560354509
2.8989818706010997
3.318418247142572
3.8273184344548707
4.498472127464988
5.495946247505458
6.937170707324825
8.075138679906765
9.94983589070098
5.686383399956745
7.184726524415831
7.580042914625927
8.77431703306197
8.666118490253321
5.0090207023824185
4.060837312623608
4.386590906299013
4.437769439511936
4.12709410374698
3.701633899536075
3.2575298447884506
2.886711287472041
2.5575538756110707
2.2598761955034394
2.003570712969083
1.7880447549897547
1.5883980510026938
1.4186555286364335
1.261352514418055
1.1520761294101727
1.0241340510825185
0.9221510269638654
0.9104621296786104
0.9968787542899605
1.0896305460235354
1.2117808655838664
1.3402456895723946
1.4940114074144044
1.6654671869290456
1.864261859342357
2.0773379604781432
2.3433791621662228
2.610967857302866
2.9740557121158733
3.418651012742872
4.0138997684558495
4.866371846612174
6.32761926739101
8.076100715192087
17.649352072747675
17.634548010714347
8.631133689210245
6.565725038945915
11.057359715866129
15.90734034257502
2.4453598900292044
2.9612374335786975
4.168087510008654
4.232700713375631
3.85447675260766
3.4364729595255237
3.013941738100836
2.672118751327249
2.3337221048805197
2.073126621120424
1.8319090916456495
1.6316586802710953
1.4695495000483876
1.3163559657803359
1.1882610844856414
1.0739495761401
0.9673719489305159
0.8604611035383914
0.8428692390186544
0.9368124867157648
1.0103180533346436
1.1248107529719493
1.2385184389311379
1.370550966088414
1.5201980238701163
1.7006062958648098
1.8780943048929049
2.1008433120964507
2.344733341972096
2.5981688535399976
2.899691432977964
3.1964869318773244
3.4868629815534926
3.2458060688631414
-0.053939154517489214
-1.0482057336925794
12.406827472408994
6.846682592750039
6.412046422723244
10.861113919892677
10.486165149626416
23.56549296712119
4.311888371709948
3.685024866118247
3.628349092478497
3.5331783994980315
3.087621956482434
2.7257223244669024
2.3877072390903837
2.1109260302707002
1.8886467471344492
1.6746494189006518
1.5129888357534589
1.3651458995282089
1.2215069165357664
1.1144122643385965
1.0101991282367777
0.9088845934861739
0.832857666284725
0.7911656098024972
0.8551191137257933
0.9587328856968976
1.03644530942655
1.135839483670783
1.2559200625512392
1.3820211403446812
1.5183987530552716
1.6787613229519704
1.8253461699487614
2.0061565268136947
2.1792200110872453
2.351084181530449
2.399788717031482
2.180911503507983
0.7610195691516931
-3.8884997186006722
-8.93604352487622
6.208120044785698
1.2907787091267178
7.498657702876812
2.284675018342289
-1.7127003991366092
-7.069832427407181
0.2852525587693461
3.035666931042694
3.127460722684594
2.8495018862581767
2.5770899022911133
2.315369522229673
2.060654874927686
1.8334653681123152
1.6540030545271993
1.4923884613572556
1.3379310887493616
1.2163441268211317
1.0986534473800944
1.0015141293798058
0.9197492526661847
0.822098985392921
0.7508106463748225
0.7257277038600203
0.808131068883083
0.8783109210503814
0.9410520751850722
1.0205340267364484
1.1275527406016477
1.2533671652325973
1.3665983431432014
1.483872666742674
1.5944984350789013
1.712555232533343
1.8180418811655572
1.8936109637825052
1.8243192012733176
1.5266015570072586
0.6437095447625543
-0.6880797245402991
0.32778983201143574
5.466825348653927
7.574890954872646
6.809365656264189
6.19309955483759
2.3390272104734238
-4.57950270923699
-0.3530831616422695
2.256795307437142
2.590716336451243
2.42958493703031
2.2313282563353636
1.9931921610248993
1.7991815376363447
1.6064396997747734
1.4579748368766607
1.314157745222786
1.2076682389751556
1.0913643423485755
1.009939739399773
0.9246714616232445
0.8352691465509546
0.7511491543336964
0.7032037127188544
0.6891740932282775
0.7344363529756387
0.7988473617014655
0.8678813968047476
0.9467886264787121
1.0335910185415556
1.1104290819379892
1.203921678371911
1.2913263463834166
1.3956661835337585
1.4796287127638026
1.543741419741966
1.590722138296484
1.5446296832097113
1.4319532740558227
1.2297111880808702
1.3513755844826123
2.47277125291616
4.385338072244553
5.539800756971539
5.580951842372137
5.106468751029198
4.269888250892306
3.0691370778028118
2.844978394266171
2.8311071400324153
2.5860200880812356
2.2931135767672184
2.0227704096045462
1.8120562782673955
1.624518131481293
1.4721068173375171
1.328949216235659
1.2101957925763003
1.1000512295228315
1.0171208749512781
0.9368317523827364
0.8520581819200848
0.7765066703961743
0.717739144345255
0.6524486038953453
0.6388589017429376
0.6877079610766575
0.73429167710433
0.7829905357714818
0.8442622603568641
0.9117976898738798
0.9896006915626873
1.0591431177839739
1.1258571905649521
1.1978760241856834
1.2675238806024955
1.3200336373634
1.3501464081509214
1.370708430861448
1.3782114557675167
1.4722582211438535
1.824293144462991
2.589098524602892
3.550288036142952
4.240657682475116
4.47430456305639
4.33497868993891
3.9647583737669914
3.406675746059782
2.92602059701447
2.582003185849443
2.269578394906367
1.978954933873901
1.7586931269386248
1.5707395934258246
1.4106439581365948
1.2969860047147355
1.1724601781521318
1.0750471152095706
0.9834660084549648
0.910161900971801
0.844532527491145
0.7661935345436997
0.6999562013031977
0.6572050557738935
0.6108280161012041
0.5958587949122885
0.6257468957090007
0.6753601006372169
0.7194418300128855
0.7632228525809911
0.8160316919480445
0.8700040481522393
0.9349071646315682
0.991072796385016
1.04763080876759
1.0959034572141728
1.151799926470148
1.197341058282158
1.2424601355825045
1.3427465852390752
1.5223735908705085
1.870193598745166
2.3674295642313563
2.962499478575944
3.420253803260028
3.6227462196288993
3.618811345209582
3.4113051017462634
3.041293372292483
2.6259328441028233
2.2706930177576234
1.9819165551730753
1.731267674377031
1.5353693715230465
1.370128544581264
1.245037235763477
1.1411177514162283
1.023062238053795
0.9622289049795694
0.8712470187530069
0.8090076391103055
0.7429305249799107
0.6963553870122694
0.6557919362006841
0.5839081606633771
0.5452976301553587
0.5277284137564846
0.5740195157459047
0.6029857236341054
0.6481542342053475
0.688069121164358
0.7417420885136898
0.7782235212588956
0.8295267567480608
0.8698690238915723
0.914798950469708
0.9752885187452148
1.0312761626021671
1.073520906494594
1.1537566053814743
1.2796079514644356
1.469172310908572
1.7759319246149305
2.1534868634540096
2.5181162889474593
2.8360064558571647
3.022087402694168
3.008227962006583
2.885370444264816
2.626031604783572
2.318880196288535
2.002004603697402
1.7544975578037865
1.5304804956488416
1.3514181788597766
1.2082512267412133
1.0901115022260557
0.9891855238693358
0.9093920625302154
0.8449113892134864
0.764667051632118
0.7161261329672075
0.6633005506112496
0.6273215069149412
0.5843118810048299
0.528127258674343
0.5046603483480773
0.485999870278579
0.5121977336786093
0.5552868771712486
0.59149230136344
0.6236475651492286
0.6575742390583473
0.6954454896358356
0.7468484755477576
0.7862010852741694
0.8184833293881325
0.8674130151917778
0.9220347809579793
0.986117602732598
1.0807032223268205
1.2200513987866728
1.3991297657787862
1.6276709997788275
1.8949626943512956
2.169038284805518
2.3992374816635045
2.5277155280428087
2.54859502458158
2.4549711409431865
2.275426869796705
2.0201599515681647
1.7805708139149428
1.5693334348984893
1.3660982326963282
1.2142970057585138
1.0861545419984024
0.9796175866551822
0.8851659185433433
0.815718949795223
0.7525902097716164
0.6895135264558123
0.6573303126457273
0.5966462424132567
0.5485186146580653
0.529188655995227
0.4767437010885127
0.46389926296976947
0.4532071762589467
0.4791323177342416
0.49609722818150576
0.5312076839488846
0.5613229083706225
0.596702082313951
0.625640785420929
0.657604585765056
0.709916997300686
0.7446137277778562
0.7885364346273955
0.8383160157307968
0.9315710462517416
1.0120170415167868
1.1276493944830963
1.2967040895132524
1.4933316687474951
1.684399530930536
1.901556399056959
2.0701673444537003
2.1903997279562724
2.1692239754269504
2.0824328548376996
1.9526935047451506
1.767191583713259
1.5579558702857368
1.3801295457704577
1.2268158287011637
1.0941651765680735
0.9734773279808381
0.875464742075154
0.7953860071270812
0.7396462008985483
0.6775880610968447
0.6215398218083377
0.5723561739014384
0.5413718967199619
0.5069378895991457
0.46180493413924417
0.45292546724662985
0.41883063574458157
0.41310268410325934
0.4318004344298288
0.4466027115305786
0.46205425299492286
0.49487661451479137
0.5278361064657807
0.546259732715746
0.5850569731199586
0.6316721119658857
0.6791625046666638
0.7244192455458249
0.7700573738485873
0.8597748160548927
0.9322822236529752
1.0551363435842334
1.1868947783733397
1.3387840133584492
1.5289455370266345
1.6592172187815506
1.7752747206043071
1.8747705343358607
1.8577637602276251
1.7947285278197942
1.6855868790246105
1.5516425938237877
1.393040231724999
1.2310001101719426
1.0878948739923997
0.992473762563627
0.8812157884297119
0.7882754280758593
0.7215740695661294
0.6626255710273461
0.6122099051635534
0.5658389845801796
0.5214747269144412
0.5028341486910034
0.45804078075983096
0.4403186137116294
0.43109893028889884
0.38089251081617903
