0.0016971780615753303
-0.007308443088100015
-0.019222484668521975
-0.0348723290217645
-0.056637926746484456
-0.08456215394355865
-0.12259042955478049
-0.17227729185745483
-0.238644663539938
-0.32656166688778193
-0.4420424844386114
-0.5904860294448069
-0.7779706788211141
-1.0068060947733084
-1.2785260211525271
-1.5777904785753645
-1.8907829421637001
-2.1835544514171676
-2.4304174064802626
-2.5951223539523607
-2.660651224455172
-2.613680774265289
-2.4508616725097783
-2.194162574176191
-1.8754207152841418
-1.5381862642613966
-1.2101119197367898
-0.9198401533983982
-0.6814859636218336
-0.49235129675169703
-0.3464762717866535
-0.23779644851442558
-0.1596421197436783
-0.10011564535808304
-0.05804728923565832
-0.02881369102845678
-0.006225482329907689
0.010118777004947163
0.020656089207532452
0.02857960620745933
0.0341206657287966
0.023907880869326686
0.01766376849329378
0.010337087002945196
-0.001453997450196942
-0.018093166679043482
-0.04028106398818666
-0.07253970382448882
-0.1167788618855693
-0.18003350942938715
-0.26718631180985647
-0.3883685191191609
-0.5522563834500234
-0.7701402347697617
-1.052731981684127
-1.4024080854465713
-1.8089525705530127
-2.248410971569215
-2.6711755870606555
-3.031097932283404
-3.283237997787389
-3.388295478130743
-3.3325033344853874
-3.0997684795445473
-2.716270455216568
-2.2449580912949116
-1.7608787654055027
-1.3086772558914455
-0.930299783016198
-0.6392924685384442
-0.4211202466941786
-0.26519222372429824
-0.1583841433987897
-0.08428052255705544
-0.03391958659258343
0.00025331805522768727
0.022774090694055858
0.03729451163444254
0.047075331454000564
0.05316529952763375
0.05697593042961857
0.05845624867028492
0.04727380649244118
0.04551607079646017
0.042460372027286995
0.03711648836411622
0.027240467124886335
0.012933271854450933
-0.010075676752375782
-0.044496800641914185
-0.097697839274579
-0.17714414554913765
-0.2947818554259561
-0.466305364136607
-0.7154284445157346
-1.057258955776578
-1.5090044066061383
-2.06532648749345
-2.693976144346716
-3.3252629016966573
-3.8654961064981874
-4.25039666236649
-4.4254196800775665
-4.366689192483788
-4.0222333695027475
-3.4388536763219926
-2.7226872181082786
-1.9953753066037874
-1.3632615469649803
-0.8743566863095501
-0.525027518080972
-0.2912759411566606
-0.13792209654928617
-0.04244070838384236
0.016520549168043585
0.05173018969064099
0.07216146160430295
0.08309396130169665
0.08830497192006044
0.08953758774754172
0.08840073668257808
0.08642265437424594
0.08452481668336673
0.07300398797306427
0.07598192413755865
0.07853317352958779
0.07922257041284549
0.07874744146755402
0.07457877872386591
0.06556524131907138
0.046256188703653445
0.011693567764783915
-0.048997479780114005
-0.1521634221167791
-0.31734557332235636
-0.5804159153710553
-0.9788654213967498
-1.5594280410499157
-2.330555432307519
-3.262588339230795
-4.22008768050533
-5.044798077917655
-5.627346982300802
-5.920732208546589
-5.892151637531177
-5.41022841893796
-4.489820659961306
-3.3182689092849977
-2.1910033173277608
-1.3036313526269048
-0.6913945485258711
-0.30263777499673994
-0.07874521210147972
0.04697301634775591
0.11355243912836231
0.14418606807464807
0.15510373606328204
0.15623451138600844
0.15189127809865174
0.1440790307870669
0.13550153095751324
0.12677703217789188
0.11871401877583819
0.11152189485895347
0.09926961212732577
0.10692302086554907
0.11527881752086501
0.1241682540511939
0.134545323773384
0.14369992973283768
0.15124503464147251
0.15337282471753183
0.1448095634969307
0.11760907136279733
0.05229961526290657
-0.07986092040285664
-0.3229581116396359
-0.7557343263944365
-1.4754470383290312
-2.5531777611214643
-3.9736620274021828
-5.490773203328549
-6.757764184827514
-7.588978437581292
-8.080752851950635
-8.224012603887385
-7.633678091619827
-6.070117330144887
-4.003566874759547
-2.205688020099567
-0.9849236345680916
-0.2802369523607259
0.0785235028016334
0.24120253808685815
0.30186167131004105
0.31029573686795436
0.2967340976267104
0.2747956321497681
0.25017057632096856
0.22621349955778436
0.2036788520852442
0.18377683261607705
0.1663596941209594
0.15131080920165005
0.1384146954144872
0.12509913612573167
0.13836078600532078
0.1524553937055241
0.17049474839812545
0.19224098319702745
0.21641864646773756
0.24476110472185414
0.27375900416898136
0.30256752462690895
0.3237614648373342
0.32405798321910134
0.27131171434156537
0.10426729116622775
-0.28473033225418043
-1.0910956319567586
-2.5656937494016305
-4.840518492210714
-7.4490746577476825
-9.385980742582337
-10.304208643713027
-10.952648658682051
-11.775040568081444
-11.447967984600298
-8.530991819941876
-4.506002851350557
-1.586085798490114
-0.10076400076464366
0.5040472147541939
0.682963156707802
0.6867858363715073
0.6235956448615735
0.545456021158847
0.4715982027503196
0.4051473197396284
0.3487384483265608
0.3016028214385951
0.26350322398049403
0.23158699150184955
0.20472462860630336
0.18373298907806296
0.16547707037302833
0.15039268313359538
0.16794444676908846
0.18866818342392522
0.21599881617052788
0.24765357741721117
0.28875865317542104
0.3384862899217992
0.40067366698220264
0.4728002362394492
0.5591803219035547
0.6554304587344109
0.733431854283693
0.7475095370690029
0.5685465837607024
-0.1070532050043374
-1.9204211470200372
-5.633238368457955
-10.680201779560297
-13.714907801627152
-13.521090920778922
-13.662926361386075
-16.612663539024233
-18.433148771196674
-12.23401446721972
-3.614988551607147
0.7012222813964535
1.7933763706700914
1.7865653765423568
1.5189018359642834
1.232778706486678
0.9903712477884182
0.7956979968422132
0.648025479788494
0.5321311964191497
0.443997333108518
0.3746099279494086
0.32023844413114894
0.27681838454458174
0.2426470355508031
0.21408574124082103
0.19044722006442066
0.17332806085755556
0.19556754203198223
0.2224943078539373
0.2570436593830976
0.29908361169076086
0.3542933703114628
0.42600296961571527
0.5181422633092458
0.6403318872641212
0.7990750634409282
1.0112414279117088
1.2755754277630467
1.5934938781160926
1.9006960850570083
1.881627475992458
0.4171600561743417
-5.299350294020291
-16.258660628809185
-21.22502646606681
-15.541213343752851
-12.493501869554619
-19.85108759698266
-31.181818886791593
-17.568746618068595
1.0253977016309206
5.695106961880518
4.806926501776498
3.420870339154829
2.4350710192287495
1.7701767768730028
1.3266748962441415
1.0179842789191647
0.7974558617132033
0.6407154544081057
0.5232837888958899
0.4332704431147074
0.36619532052037057
0.3137017310606438
0.27135144538896205
0.23832787377173156
0.2109097009884623
0.194783146058376
0.22064909656198176
0.25249353910561484
0.2934700724726422
0.34517242281633975
0.41224587350590314
0.5012686482277732
0.6204440329873503
0.7827436307629374
1.0105340695367586
1.3330706576806353
1.7937971035649334
2.4855353515026377
3.5278771544438428
4.975719758355731
5.683759905944741
-0.975326374697268
-25.45196369359584
-34.15261021941347
-12.502692768161891
-3.625528016076095
-14.685705434011695
-49.03247527762802
-27.58470087662282
8.39541870873683
12.031413614588441
7.981098556243436
4.931511871340443
3.2104081028542635
2.2107281114205115
1.595722137307766
1.193278153992774
0.9214215828571976
0.7297905051684843
0.5888114557360536
0.4857464072588701
0.4062937455214987
0.3466161342086761
0.2985979937593853
0.2604741139653844
0.23065930019761005
0.2112890112938154
0.23917501970837546
0.27433466685831215
0.31790863465013564
0.3755668122262857
0.4508769200896454
0.5512259080664191
0.6873448176478393
0.8766804387350606
1.1468583521579596
1.5417475379502141
2.1482078748734885
3.1305859905112143
4.836383186736261
7.9363735494218925
12.285004555973632
8.484867460426193
-34.02639409892488
-51.260905142436094
-6.842970144847099
4.5146552021377735
-6.255226769503823
-50.71630448188234
-38.99848262015557
6.941901139046943
12.787620255152955
8.676466063686947
5.4751295499711805
3.542652469323324
2.4247986463256
1.7447674980444867
1.3028359890731576
1.0029588794524837
0.7925371075966876
0.6396151419636423
0.5266400478171647
0.4417173421724804
0.3753412227721052
0.3237231936056259
0.2833642455537227
0.24993188823332096
0.2211185298530302
0.25028965786092866
0.28557708591703884
0.3313371213682733
0.3889296634851339
0.46564887406060973
0.5668948354790162
0.7067005835660737
0.9000788926044473
1.1778890398406758
1.585484335878485
2.2120044731174193
3.231028726862405
5.03833256283632
8.414712395407056
13.670699122055673
12.771265630662219
-23.11369202143597
-50.877736274608665
-14.996445012515304
-3.215320536934096
-12.187728833211766
-35.23630368450311
-27.687778216339964
0.05139243390655597
7.691591053986398
6.5803862298139215
4.620253713410082
3.2050879668372443
2.2924058236205105
1.691956887760343
1.2852020262178618
1.001775633576059
0.7983703975493883
0.6485873908817833
0.5385907474385679
0.4532054415977831
0.3884578758756676
0.3368442652935396
0.29555424872534103
0.26195060378657725
0.22897847607282276
0.2570551219852097
0.2919418512670393
0.3355525032748205
0.390941681085527
0.4632398715796878
0.5575032476235563
0.6859139601110977
0.8604269920932012
1.1065555183548446
1.4590057365102342
1.971984116755186
2.7627282056625946
4.011729895456085
5.943041431009102
7.928229692403113
4.567656937370741
-15.093891438793733
-32.01621966158135
-21.049075342994655
-13.230339066188114
-16.114663654314946
-21.867456679126906
-16.54578677935826
-4.188666867859465
2.2033414594853205
3.49211587815048
3.113922764023496
2.4688128614798956
1.9132686129034737
1.4880339394110682
1.171694664313678
0.9375319421916991
0.7615608344031848
0.62930470615975
0.5286532551857449
0.4509926138598611
0.389775873215478
0.34029375662229516
0.3013423519211474
0.2677062371294105
0.23307208859528203
0.2596431348604858
0.2915055602552488
0.3317607641046593
0.38150255341167416
0.443414951675857
0.5232222028181185
0.6271930773744492
0.765706145293933
0.9500883870462742
1.1968116030916398
1.5263732186857912
1.9532479044640012
2.457353640340563
2.841301886397021
2.201313628833903
-1.8955924244322429
-11.20222005775919
-18.614569905369944
-17.368769153350414
-14.420559148003838
-14.008754880756825
-13.741740210969935
-10.18121803816103
-4.565416243979509
-0.5332199260974188
1.2243586909195237
1.6820329263050002
1.6196267925586096
1.408874637577451
1.1802820006372767
0.979841119730675
0.8155059232295898
0.68472566035427
0.581328442238801
0.49808412800135926
0.43224162894960855
0.37853165710256365
0.3341907383794977
0.29823140155981553
0.2680684109639671
0.2347151038107729
0.25822605492321626
0.28623374903170545
0.3185384558535137
0.35800231161575036
0.4057628999010039
0.4654382302889674
0.5380938529421868
0.6285717377098409
0.7379699972960096
0.8669203897284988
1.0038920622923948
1.1080925034046296
1.0775385424854316
0.6576027074083163
-0.6843201056210735
-3.6529215542713436
-8.045339572700513
-11.509333316177399
-12.273220131626625
-11.55497986443103
-10.664888056015325
-9.302702305213923
-6.918816259891
-3.9712292399376197
-1.5388630629455173
-0.06922922060235179
0.6282332708760712
0.8750027421684125
0.9076556540372057
0.8483525904368655
0.7603171630218065
0.671460537464596
0.5880669361299898
0.5166996038631895
0.4567875949830134
0.4047414722897395
0.3620127093999535
0.3251936096877753
0.2932569505370741
0.266332900967825
0.23283766583011356
0.2524443898516707
0.2745935125125717
0.3001633427580591
0.3273625009260011
0.35932584515532007
0.3938621519294737
0.4331557026626839
0.47308450217838205
0.5092789777563381
0.5293945584804076
0.5087059206407729
0.39529190782268153
0.08859621283168183
-0.5724760519327768
-1.8077753241910335
-3.733267231977111
-6.049670607530367
-7.942428680956812
-8.807926308559136
-8.747428131913864
-8.085501096537678
-6.934637653669156
-5.325497930976244
-3.533278329627792
-1.9558848267971578
-0.8143867239639473
-0.10696412253721986
0.2789747966344216
0.46136615645281664
0.5282052527220708
0.5355825900289507
0.5143397196606069
0.48032262923988583
0.4427104487196055
0.40564241868314443
0.37103092894555784
0.33993419380603423
0.3110820710224803
0.2852392373455703
0.2614825439502662
0.22954477627203682
0.24524526517823778
0.26137575042955224
0.2779504412573711
0.29402982019505025
0.30888922383069384
0.32017886700888054
0.32481902121613004
0.31831524961973723
0.29036665255985467
0.22560083365013087
0.09556856863792747
-0.1445635900794627
-0.5602569366598165
-1.2328339934904853
-2.2322560956562465
-3.531376977762361
-4.938633327794387
-6.113660598846148
-6.787823541960876
-6.882841213012356
-6.475910244470887
-5.651358068431389
-4.536682284872294
-3.3159752198037653
-2.1865657704249566
-1.2728929978724135
-0.6127450836968988
-0.1764265734074658
0.0903375690355223
0.24443741890456896
0.3249590649681473
0.3609739998957858
0.3708379515778527
0.3650200028538403
0.35119725544146774
0.33341784416369724
0.31399577784536453
0.2936762634570336
0.27322377803307646
0.254538057763347
0.22504347698979463
0.23700605708542272
0.2480001904245198
0.2560456097947032
0.2612046202645181
0.26074565158133833
0.25009722743284324
0.22683881004386872
0.18194001734838208
0.10352053544840265
-0.023228438947110634
-0.22113389432180994
-0.5247667914462804
-0.9705508219418868
-1.5929306354184976
-2.4036552904226216
-3.351995363451875
-4.313818079623413
-5.1252317467127675
-5.628842791652915
-5.755854426265517
-5.499245668533306
-4.915413015088553
-4.11169443357473
-3.209884682533998
-2.332156947424337
-1.5701102800757853
-0.9631407323833883
-0.5141177980752213
-0.2009466459633432
0.008380007642220468
0.14171744968098482
0.2233318756532756
0.26869931699884475
0.2917501341510467
0.29872631771309066
0.2959709503159625
0.2880416489393931
0.2756880181685308
0.26174807620590973
0.24615089431011833
0.22083623882695988
0.2301581474461204
0.23592686747424632
0.23815930949770742
0.2339447009974305
0.21938814457260777
0.19270127648852575
0.1453714754930972
0.0707463337536769
-0.04239977536850866
-0.20960720787065928
-0.4484986529854181
-0.780572116518988
-1.2251770959075041
-1.7937776794326268
-2.47291708540848
-3.2164229391122965
-3.9445661667569683
-4.552581972545193
-4.946079190429633
-5.062855975891387
-4.889063299908344
-4.468745553309023
-3.8624971058038042
-3.1501858039391912
-2.423489886066755
-1.765958824998377
-1.201870164760947
-0.7554604864118881
-0.41862142633158406
-0.17500231833418403
-0.006175821689765872
0.10845138809536467
0.18156171184788863
0.2267300916143866
0.25153864771526957
0.2616387838430378
0.26277463053955563
0.2587525775600753
0.24946929300801982
0.23788308522034754
0.21868034953127694
0.22543522926531046
0.22792411442182758
0.2241553941066178
0.2131475525766829
0.18997182918281144
0.14975120395476643
0.08664888068022422
-0.008144849781150909
-0.14536210610212885
-0.33674469716681626
-0.5980907785246868
-0.9412715845957497
-1.376400269360567
-1.9023650450090035
-2.499536072875229
-3.126507106682665
-3.72074557414502
-4.21330240116563
-4.535956153642129
-4.6427977177937905
-4.521767732399038
-4.187001186693938
-3.6920730334687217
-3.0975519997318366
-2.4752348374920317
-1.8813752700187174
-1.3555611626129285
-0.9175053180865029
-0.570947460888122
-0.3076814586843388
-0.11561509840664885
0.021215524505477305
0.11471634220926848
0.17571773987734393
0.21303044894054574
0.2335276589357074
0.24309457480758453
0.24364978456545056
0.23912551496014825
0.2305066383379744
0.21839845618651707
0.22368883051644917
0.22389489026539028
0.21801036464368712
0.20302327104363033
0.17398481166339866
0.12688058982886333
0.05376750456141978
-0.05231108400383371
-0.20227129911867436
-0.4070353546432236
-0.6785407128191066
-1.0266996809891107
-1.4536007468652763
-1.9531182786878991
-2.505089888401579
-3.0699545363138427
-3.5972849151723265
-4.032207967243718
-4.317944937870869
-4.4157774715958364
-4.313990120241286
-4.024794217860486
-3.5931240074601885
-3.0670005208592754
-2.4981636685378965
-1.9455766312768965
-1.4431573295751572
-1.0128111652540088
-0.6624420208189831
-0.38998289603969394
-0.18436725194680473
-0.03559241821616732
0.06933619278928141
0.14039684722197618
0.1865431465854584
0.21375843054357702
0.22801502852918762
0.23229159335765295
0.23055524314179804
0.22481237620987662
0.22087868661728063
0.2255541502550424
0.22581690369255142
0.2194810726683023
0.2034280693605237
0.17335982263253846
0.1242722972248896
0.049161192875742124
-0.05997778223491527
-0.21415077967785323
-0.42337271700534523
-0.69832931723089
-1.0479379906410513
-1.4739298791179711
-1.9692678718957977
-2.5046149411707654
-3.0550259116004943
-3.557265776418948
-3.9775285496383144
-4.248691477030234
-4.338594196693125
-4.247693188931082
-3.9755234075807717
-3.565259120641103
-3.0561175520138812
-2.5046120418763853
-1.9665763760316874
-1.4739261584130026
-1.0486102115011378
-0.6993259587510182
-0.42407893226726756
-0.21486924181771108
-0.06069581390430898
0.04909588883242795
0.12421189058041314
0.17330463760589435
0.20271794038849644
0.2194369553067475
0.22581731006680492
0.2255205301721394
0.22087897725345193
0.21839845618651707
0.22368883051644917
0.22389489026539028
0.21801036464368712
0.20302327104363033
0.17398481166339866
0.12688058982886333
0.05376750456141978
-0.05231108400383371
-0.20227129911867436
-0.4070353546432236
-0.6785407128191066
-1.0266996809891107
-1.4536007468652763
-1.9531182786878991
-2.505089888401579
-3.0699545363138427
-3.5972849151723265
-4.032207967243718
-4.317944937870869
-4.4157774715958364
-4.313990120241286
-4.024794217860486
-3.5931240074601885
-3.0670005208592754
-2.4981636685378965
-1.9455766312768965
-1.4431573295751572
-1.0128111652540088
-0.6624420208189831
-0.38998289603969394
-0.18436725194680473
-0.03559241821616732
0.06933619278928141
0.14039684722197618
0.1865431465854584
0.21375843054357702
0.22801502852918762
0.23229159335765295
0.23055524314179804
0.22481237620987662
0.21868034953127694
0.22543522926531046
0.22792411442182758
0.2241553941066178
0.2131475525766829
0.18997182918281144
0.14975120395476643
0.08664888068022422
-0.008144849781150909
-0.14536210610212885
-0.33674469716681626
-0.5980907785246868
-0.9412715845957497
-1.376400269360567
-1.9023650450090035
-2.499536072875229
-3.126507106682665
-3.72074557414502
-4.21330240116563
-4.535956153642129
-4.6427977177937905
-4.521767732399038
-4.187001186693938
-3.6920730334687217
-3.0975519997318366
-2.4752348374920317
-1.8813752700187174
-1.3555611626129285
-0.9175053180865029
-0.570947460888122
-0.3076814586843388
-0.11561509840664885
0.021215524505477305
0.11471634220926848
0.17571773987734393
0.21303044894054574
0.2335276589357074
0.24309457480758453
0.24364978456545056
0.23912551496014825
0.2305066383379744
0.22083623882695988
0.2301581474461204
0.23592686747424632
0.23815930949770742
0.2339447009974305
0.21938814457260777
0.19270127648852575
0.1453714754930972
0.0707463337536769
-0.04239977536850866
-0.20960720787065928
-0.4484986529854181
-0.780572116518988
-1.2251770959075041
-1.7937776794326268
-2.47291708540848
-3.2164229391122965
-3.9445661667569683
-4.552581972545193
-4.946079190429633
-5.062855975891387
-4.889063299908344
-4.468745553309023
-3.8624971058038042
-3.1501858039391912
-2.423489886066755
-1.765958824998377
-1.201870164760947
-0.7554604864118881
-0.41862142633158406
-0.17500231833418403
-0.006175821689765872
0.10845138809536467
0.18156171184788863
0.2267300916143866
0.25153864771526957
0.2616387838430378
0.26277463053955563
0.2587525775600753
0.24946929300801982
0.23788308522034754
0.22504347698979463
0.23700605708542272
0.2480001904245198
0.2560456097947032
0.2612046202645181
0.26074565158133833
0.25009722743284324
0.22683881004386872
0.18194001734838208
0.10352053544840265
-0.023228438947110634
-0.22113389432180994
-0.5247667914462804
-0.9705508219418868
-1.5929306354184976
-2.4036552904226216
-3.351995363451875
-4.313818079623413
-5.1252317467127675
-5.628842791652915
-5.755854426265517
-5.499245668533306
-4.915413015088553
-4.11169443357473
-3.209884682533998
-2.332156947424337
-1.5701102800757853
-0.9631407323833883
-0.5141177980752213
-0.2009466459633432
0.008380007642220468
0.14171744968098482
0.2233318756532756
0.26869931699884475
0.2917501341510467
0.29872631771309066
0.2959709503159625
0.2880416489393931
0.2756880181685308
0.26174807620590973
0.24615089431011833
0.22954477627203682
0.24524526517823778
0.26137575042955224
0.2779504412573711
0.29402982019505025
0.30888922383069384
0.32017886700888054
0.32481902121613004
0.31831524961973723
0.29036665255985467
0.22560083365013087
0.09556856863792747
-0.1445635900794627
-0.5602569366598165
-1.2328339934904853
-2.2322560956562465
-3.531376977762361
-4.938633327794387
-6.113660598846148
-6.787823541960876
-6.882841213012356
-6.475910244470887
-5.651358068431389
-4.536682284872294
-3.3159752198037653
-2.1865657704249566
-1.2728929978724135
-0.6127450836968988
-0.1764265734074658
0.0903375690355223
0.24443741890456896
0.3249590649681473
0.3609739998957858
0.3708379515778527
0.3650200028538403
0.35119725544146774
0.33341784416369724
0.31399577784536453
0.2936762634570336
0.27322377803307646
0.254538057763347
0.23283766583011356
0.2524443898516707
0.2745935125125717
0.3001633427580591
0.3273625009260011
0.35932584515532007
0.3938621519294737
0.4331557026626839
0.47308450217838205
0.5092789777563381
0.5293945584804076
0.5087059206407729
0.39529190782268153
0.08859621283168183
-0.5724760519327768
-1.8077753241910335
-3.733267231977111
-6.049670607530367
-7.942428680956812
-8.807926308559136
-8.747428131913864
-8.085501096537678
-6.934637653669156
-5.325497930976244
-3.533278329627792
-1.9558848267971578
-0.8143867239639473
-0.10696412253721986
0.2789747966344216
0.46136615645281664
0.5282052527220708
0.5355825900289507
0.5143397196606069
0.48032262923988583
0.4427104487196055
0.40564241868314443
0.37103092894555784
0.33993419380603423
0.3110820710224803
0.2852392373455703
0.2614825439502662
0.2347151038107729
0.25822605492321626
0.28623374903170545
0.3185384558535137
0.35800231161575036
0.4057628999010039
0.4654382302889674
0.5380938529421868
0.6285717377098409
0.7379699972960096
0.8669203897284988
1.0038920622923948
1.1080925034046296
1.0775385424854316
0.6576027074083163
-0.6843201056210735
-3.6529215542713436
-8.045339572700513
-11.509333316177399
-12.273220131626625
-11.55497986443103
-10.664888056015325
-9.302702305213923
-6.918816259891
-3.9712292399376197
-1.5388630629455173
-0.06922922060235179
0.6282332708760712
0.8750027421684125
0.9076556540372057
0.8483525904368655
0.7603171630218065
0.671460537464596
0.5880669361299898
0.5166996038631895
0.4567875949830134
0.4047414722897395
0.3620127093999535
0.3251936096877753
0.2932569505370741
0.266332900967825
0.23307208859528203
0.2596431348604858
0.2915055602552488
0.3317607641046593
0.38150255341167416
0.443414951675857
0.5232222028181185
0.6271930773744492
0.765706145293933
0.9500883870462742
1.1968116030916398
1.5263732186857912
1.9532479044640012
2.457353640340563
2.841301886397021
2.201313628833903
-1.8955924244322429
-11.20222005775919
-18.614569905369944
-17.368769153350414
-14.420559148003838
-14.008754880756825
-13.741740210969935
-10.18121803816103
-4.565416243979509
-0.5332199260974188
1.2243586909195237
1.6820329263050002
1.6196267925586096
1.408874637577451
1.1802820006372767
0.979841119730675
0.8155059232295898
0.68472566035427
0.581328442238801
0.49808412800135926
0.43224162894960855
0.37853165710256365
0.3341907383794977
0.29823140155981553
0.2680684109639671
0.22897847607282276
0.2570551219852097
0.2919418512670393
0.3355525032748205
0.390941681085527
0.4632398715796878
0.5575032476235563
0.6859139601110977
0.8604269920932012
1.1065555183548446
1.4590057365102342
1.971984116755186
2.7627282056625946
4.011729895456085
5.943041431009102
7.928229692403113
4.567656937370741
-15.093891438793733
-32.01621966158135
-21.049075342994655
-13.230339066188114
-16.114663654314946
-21.867456679126906
-16.54578677935826
-4.188666867859465
2.2033414594853205
3.49211587815048
3.113922764023496
2.4688128614798956
1.9132686129034737
1.4880339394110682
1.171694664313678
0.9375319421916991
0.7615608344031848
0.62930470615975
0.5286532551857449
0.4509926138598611
0.389775873215478
0.34029375662229516
0.3013423519211474
0.2677062371294105
0.2211185298530302
0.25028965786092866
0.28557708591703884
0.3313371213682733
0.3889296634851339
0.46564887406060973
0.5668948354790162
0.7067005835660737
0.9000788926044473
1.1778890398406758
1.585484335878485
2.2120044731174193
3.231028726862405
5.03833256283632
8.414712395407056
13.670699122055673
12.771265630662219
-23.11369202143597
-50.877736274608665
-14.996445012515304
-3.215320536934096
-12.187728833211766
-35.23630368450311
-27.687778216339964
0.05139243390655597
7.691591053986398
6.5803862298139215
4.620253713410082
3.2050879668372443
2.2924058236205105
1.691956887760343
1.2852020262178618
1.001775633576059
0.7983703975493883
0.6485873908817833
0.5385907474385679
0.4532054415977831
0.3884578758756676
0.3368442652935396
0.29555424872534103
0.26195060378657725
0.2112890112938154
0.23917501970837546
0.27433466685831215
0.31790863465013564
0.3755668122262857
0.4508769200896454
0.5512259080664191
0.6873448176478393
0.8766804387350606
1.1468583521579596
1.5417475379502141
2.1482078748734885
3.1305859905112143
4.836383186736261
7.9363735494218925
12.285004555973632
8.484867460426193
-34.02639409892488
-51.260905142436094
-6.842970144847099
4.5146552021377735
-6.255226769503823
-50.71630448188234
-38.99848262015557
6.941901139046943
12.787620255152955
8.676466063686947
5.4751295499711805
3.542652469323324
2.4247986463256
1.7447674980444867
1.3028359890731576
1.0029588794524837
0.7925371075966876
0.6396151419636423
0.5266400478171647
0.4417173421724804
0.3753412227721052
0.3237231936056259
0.2833642455537227
0.24993188823332096
0.194783146058376
0.22064909656198176
0.25249353910561484
0.2934700724726422
0.34517242281633975
0.41224587350590314
0.5012686482277732
0.6204440329873503
0.7827436307629374
1.0105340695367586
1.3330706576806353
1.7937971035649334
2.4855353515026377
3.5278771544438428
4.975719758355731
5.683759905944741
-0.975326374697268
-25.45196369359584
-34.15261021941347
-12.502692768161891
-3.625528016076095
-14.685705434011695
-49.03247527762802
-27.58470087662282
8.39541870873683
12.031413614588441
7.981098556243436
4.931511871340443
3.2104081028542635
2.2107281114205115
1.595722137307766
1.193278153992774
0.9214215828571976
0.7297905051684843
0.5888114557360536
0.4857464072588701
0.4062937455214987
0.3466161342086761
0.2985979937593853
0.2604741139653844
0.23065930019761005
0.17332806085755556
0.19556754203198223
0.2224943078539373
0.2570436593830976
0.29908361169076086
0.3542933703114628
0.42600296961571527
0.5181422633092458
0.6403318872641212
0.7990750634409282
1.0112414279117088
1.2755754277630467
1.5934938781160926
1.9006960850570083
1.881627475992458
0.4171600561743417
-5.299350294020291
-16.258660628809185
-21.22502646606681
-15.541213343752851
-12.493501869554619
-19.85108759698266
-31.181818886791593
-17.568746618068595
1.0253977016309206
5.695106961880518
4.806926501776498
3.420870339154829
2.4350710192287495
1.7701767768730028
1.3266748962441415
1.0179842789191647
0.7974558617132033
0.6407154544081057
0.5232837888958899
0.4332704431147074
0.36619532052037057
0.3137017310606438
0.27135144538896205
0.23832787377173156
0.2109097009884623
0.15039268313359538
0.16794444676908846
0.18866818342392522
0.21599881617052788
0.24765357741721117
0.28875865317542104
0.3384862899217992
0.40067366698220264
0.4728002362394492
0.5591803219035547
0.6554304587344109
0.733431854283693
0.7475095370690029
0.5685465837607024
-0.1070532050043374
-1.9204211470200372
-5.633238368457955
-10.680201779560297
-13.714907801627152
-13.521090920778922
-13.662926361386075
-16.612663539024233
-18.433148771196674
-12.23401446721972
-3.614988551607147
0.7012222813964535
1.7933763706700914
1.7865653765423568
1.5189018359642834
1.232778706486678
0.9903712477884182
0.7956979968422132
0.648025479788494
0.5321311964191497
0.443997333108518
0.3746099279494086
0.32023844413114894
0.27681838454458174
0.2426470355508031
0.21408574124082103
0.19044722006442066
0.12509913612573167
0.13836078600532078
0.1524553937055241
0.17049474839812545
0.19224098319702745
0.21641864646773756
0.24476110472185414
0.27375900416898136
0.30256752462690895
0.3237614648373342
0.32405798321910134
0.27131171434156537
0.10426729116622775
-0.28473033225418043
-1.0910956319567586
-2.5656937494016305
-4.840518492210714
-7.4490746577476825
-9.385980742582337
-10.304208643713027
-10.952648658682051
-11.775040568081444
-11.447967984600298
-8.530991819941876
-4.506002851350557
-1.586085798490114
-0.10076400076464366
0.5040472147541939
0.682963156707802
0.6867858363715073
0.6235956448615735
0.545456021158847
0.4715982027503196
0.4051473197396284
0.3487384483265608
0.3016028214385951
0.26350322398049403
0.23158699150184955
0.20472462860630336
0.18373298907806296
0.16547707037302833
0.09926961212732577
0.10692302086554907
0.11527881752086501
0.1241682540511939
0.134545323773384
0.14369992973283768
0.15124503464147251
0.15337282471753183
0.1448095634969307
0.11760907136279733
0.05229961526290657
-0.07986092040285664
-0.3229581116396359
-0.7557343263944365
-1.4754470383290312
-2.5531777611214643
-3.9736620274021828
-5.490773203328549
-6.757764184827514
-7.588978437581292
-8.080752851950635
-8.224012603887385
-7.633678091619827
-6.070117330144887
-4.003566874759547
-2.205688020099567
-0.9849236345680916
-0.2802369523607259
0.0785235028016334
0.24120253808685815
0.30186167131004105
0.31029573686795436
0.2967340976267104
0.2747956321497681
0.25017057632096856
0.22621349955778436
0.2036788520852442
0.18377683261607705
0.1663596941209594
0.15131080920165005
0.1384146954144872
0.07300398797306427
0.07598192413755865
0.07853317352958779
0.07922257041284549
0.07874744146755402
0.07457877872386591
0.06556524131907138
0.046256188703653445
0.011693567764783915
-0.048997479780114005
-0.1521634221167791
-0.31734557332235636
-0.5804159153710553
-0.9788654213967498
-1.5594280410499157
-2.330555432307519
-3.262588339230795
-4.22008768050533
-5.044798077917655
-5.627346982300802
-5.920732208546589
-5.892151637531177
-5.41022841893796
-4.489820659961306
-3.3182689092849977
-2.1910033173277608
-1.3036313526269048
-0.6913945485258711
-0.30263777499673994
-0.07874521210147972
0.04697301634775591
0.11355243912836231
0.14418606807464807
0.15510373606328204
0.15623451138600844
0.15189127809865174
0.1440790307870669
0.13550153095751324
0.12677703217789188
0.11871401877583819
0.11152189485895347
0.04727380649244118
0.04551607079646017
0.042460372027286995
0.03711648836411622
0.027240467124886335
0.012933271854450933
-0.010075676752375782
-0.044496800641914185
-0.097697839274579
-0.17714414554913765
-0.2947818554259561
-0.466305364136607
-0.7154284445157346
-1.057258955776578
-1.5090044066061383
-2.06532648749345
-2.693976144346716
-3.3252629016966573
-3.8654961064981874
-4.25039666236649
-4.4254196800775665
-4.366689192483788
-4.0222333695027475
-3.4388536763219926
-2.7226872181082786
-1.9953753066037874
-1.3632615469649803
-0.8743566863095501
-0.525027518080972
-0.2912759411566606
-0.13792209654928617
-0.04244070838384236
0.016520549168043585
0.05173018969064099
0.07216146160430295
0.08309396130169665
0.08830497192006044
0.08953758774754172
0.08840073668257808
0.08642265437424594
0.08452481668336673
0.023907880869326686
0.01766376849329378
0.010337087002945196
-0.001453997450196942
-0.018093166679043482
-0.04028106398818666
-0.07253970382448882
-0.1167788618855693
-0.18003350942938715
-0.26718631180985647
-0.3883685191191609
-0.5522563834500234
-0.7701402347697617
-1.052731981684127
-1.4024080854465713
-1.8089525705530127
-2.248410971569215
-2.6711755870606555
-3.031097932283404
-3.283237997787389
-3.388295478130743
-3.3325033344853874
-3.0997684795445473
-2.716270455216568
-2.2449580912949116
-1.7608787654055027
-1.3086772558914455
-0.930299783016198
-0.6392924685384442
-0.4211202466941786
-0.26519222372429824
-0.1583841433987897
-0.08428052255705544
-0.03391958659258343
0.00025331805522768727
0.022774090694055858
0.03729451163444254
0.047075331454000564
0.05316529952763375
0.05697593042961857
0.05845624867028492
0.0016971780615753303
-0.007308443088100015
-0.019222484668521975
-0.0348723290217645
-0.056637926746484456
-0.08456215394355865
-0.12259042955478049
-0.17227729185745483
-0.238644663539938
-0.32656166688778193
-0.4420424844386114
-0.5904860294448069
-0.7779706788211141
-1.0068060947733084
-1.2785260211525271
-1.5777904785753645
-1.8907829421637001
-2.1835544514171676
-2.4304174064802626
-2.5951223539523607
-2.660651224455172
-2.613680774265289
-2.4508616725097783
-2.194162574176191
-1.8754207152841418
-1.5381862642613966
-1.2101119197367898
-0.9198401533983982
-0.6814859636218336
-0.49235129675169703
-0.3464762717866535
-0.23779644851442558
-0.1596421197436783
-0.10011564535808304
-0.05804728923565832
-0.02881369102845678
-0.006225482329907689
0.010118777004947163
0.020656089207532452
0.02857960620745933
0.0341206657287966
