-0.372660781091681
-0.3946553480698683
-0.41727406601307865
-0.44213124004059356
-0.467574742896872
-0.49766399910026293
-0.5287719505326851
-0.5628783903564047
-0.6076481242503605
-0.6574760703865413
-0.7207102867588516
-0.8032870046483591
-0.9061719295690625
-1.037423212353094
-1.1976047913971584
-1.3901932163386586
-1.6027562267317341
-1.8198356978914474
-2.0144228790954246
-2.152992398457518
-2.2171743661861303
-2.2021399543015208
-2.0913185765228373
-1.905022083517694
-1.6822599884853646
-1.443744164184363
-1.2165776136345172
-1.024394604160626
-0.8684144125159052
-0.7471933191096901
-0.6513571617216349
-0.5826443508391135
-0.5297669689321607
-0.4869035019779626
-0.4518367736960361
-0.4262023141081736
-0.3988906115990697
-0.3761708367026435
-0.3593185116446156
-0.34076076619089
-0.32249769229530634
-0.4116693949343181
-0.4321863805681318
-0.45590420445049695
-0.48680214850792525
-0.5110920007755786
-0.5420567567167952
-0.5821666711522614
-0.6131404816797936
-0.6576262490995727
-0.7069395064316943
-0.7745878342857341
-0.8579264042325304
-0.9652187736279318
-1.1140010728420202
-1.2992966632870804
-1.5332983022671964
-1.8038829015874633
-2.0885921552131728
-2.351922242361015
-2.5489883692625583
-2.643124128270927
-2.6094172739229404
-2.4615810317460185
-2.207111273453794
-1.89715121968669
-1.5851487146325776
-1.3045393837419788
-1.0756068601858233
-0.9041788324465619
-0.7749553751682758
-0.683034611971895
-0.6163134531585672
-0.5641652465677
-0.5230083627060996
-0.48859679497450315
-0.4619161326064818
-0.4369138165900085
-0.41335149489024947
-0.3925385171615707
-0.37662550452196164
-0.35159529142437806
-0.44701781726617656
-0.47281314034328537
-0.503634465726101
-0.5342115425423597
-0.5646964902359394
-0.5997369498296009
-0.6370161253719946
-0.6775156201830996
-0.7198167525334233
-0.7704729774669775
-0.8315288567648211
-0.9174062211165301
-1.0260970744037254
-1.1812188584414776
-1.3976850513613566
-1.6805892226244683
-2.0278199067397855
-2.41738483008851
-2.774350603969795
-3.0413642868368576
-3.1850503098865453
-3.145648615621205
-2.939238043990217
-2.572442441352731
-2.1413314163140287
-1.7190914799429582
-1.3683425022809375
-1.1082779305152883
-0.9248851354896943
-0.7984766981399973
-0.7124253533216117
-0.6478085180564164
-0.6046884423508461
-0.5667939646411299
-0.535319320985749
-0.5092865879638243
-0.4823450051117485
-0.45203866155960054
-0.43160567103030556
-0.41279457862644464
-0.3862994137320285
-0.4845118391678077
-0.5194500273514586
-0.5512957151889906
-0.5891037461199226
-0.6252647826280202
-0.6650964262123771
-0.706218470414001
-0.7480203523950814
-0.7949086852003955
-0.8430728351834239
-0.9045998930733402
-0.9771649646206892
-1.0839683320008817
-1.241375843326642
-1.4763398837027502
-1.820129919506479
-2.2791522067307115
-2.8070323118704374
-3.315207560630324
-3.698928218295725
-3.89595026309389
-3.8607866032313556
-3.556353697885479
-3.0156883677837625
-2.3834286129118416
-1.813343410480029
-1.3836538713598605
-1.1043305015600493
-0.928836925739507
-0.8191442722417787
-0.7482533594698534
-0.6981283426035406
-0.6545650429720038
-0.6242900524159474
-0.593253738839514
-0.5594368134582006
-0.5328612946263344
-0.5029030859259109
-0.48020382858059046
-0.4535671509238319
-0.4287067326134584
-0.5330196427928031
-0.5705953348391155
-0.6099796933291806
-0.6503396931906765
-0.6950783070538998
-0.7411160586236608
-0.7883950892165897
-0.8375492259619396
-0.8883252420365099
-0.9387070012678722
-0.9904826401321805
-1.051732976046607
-1.1402948824235486
-1.2802499007878354
-1.5209650985517564
-1.9166225441863827
-2.53282167241121
-3.300153997431403
-4.044921012345148
-4.5886188232781535
-4.868494647169382
-4.837439609277895
-4.404934668598067
-3.542979861747909
-2.5640677797148497
-1.7910970498604177
-1.3090423970249212
-1.0519371997618825
-0.9154598720937716
-0.8456861636208592
-0.8011827405846139
-0.7632428776060833
-0.7307208105207503
-0.6932890457571762
-0.6639539401111603
-0.6300077652027336
-0.5976627290668787
-0.5647617502476664
-0.5330552192295991
-0.4999633236865872
-0.4726604827738859
-0.5793866071693483
-0.6249188035840498
-0.6749010302458898
-0.720790146441901
-0.7727179719675964
-0.8335680961787955
-0.8853895340017826
-0.9440474724057751
-1.0009489268496952
-1.0568995069685883
-1.1060511600446852
-1.15289676345633
-1.2095707925736308
-1.3002287834598711
-1.491910786880014
-1.9124410643776286
-2.7214504178354213
-3.9154248088734085
-5.10497648856439
-5.87010018899446
-6.211040611257076
-6.235268784423984
-5.625229862275999
-4.096695662084518
-2.4745673155962704
-1.5062183061000347
-1.088644608313484
-0.947678108863612
-0.9121398885447574
-0.8931215058611787
-0.87930005209632
-0.8559067608792691
-0.825056388795934
-0.7911890415979177
-0.7517914534012403
-0.7096528454314838
-0.6699276492187148
-0.6338301017447929
-0.5899333556751848
-0.5556421827837247
-0.5176454411074521
-0.6378806735152938
-0.6861733234837145
-0.7420691370386798
-0.8016876249499645
-0.8668597368697616
-0.9298754433817374
-1.0007677164807962
-1.0743034442882367
-1.1416661860089186
-1.2033463446871715
-1.2581686516561492
-1.2957942769770248
-1.3123007017607244
-1.3127915685470009
-1.358397311406443
-1.6356143779008863
-2.59268377164038
-4.595560352785532
-6.765241599156672
-7.878597929233419
-8.108248906216284
-8.199482444125403
-7.4687351869639755
-4.096029969235945
-1.4299045242332542
-0.7041187825832956
-0.7092275602153586
-0.8411956508648699
-0.9438537582633608
-0.9962842091453352
-1.009503540844719
-0.9922231498943119
-0.9541258387114502
-0.909618669772164
-0.8581425208076164
-0.8108836753189942
-0.7558875618707586
-0.7082112464985587
-0.6591856889565957
-0.6141595904027937
-0.5733621535413305
-0.6908895874067366
-0.750997082486159
-0.8139956283847558
-0.8888048658368718
-0.9647740103727283
-1.0457545575663767
-1.1337125847078176
-1.223897267200023
-1.312680077212722
-1.3950954456162403
-1.457272757370314
-1.4864136043847116
-1.4646026559395888
-1.3482865708701963
-1.1143899881944466
-0.8379838994416012
-1.2292910722305828
-4.388557326521711
-9.418849401162564
-11.040330702107426
-10.573054589047922
-9.986395315915312
-9.826266345601102
0.8130243293527918
1.9662941017695263
0.61878049513061
-0.32797073777239444
-0.8377258448329206
-1.0863989670227736
-1.1777468850494024
-1.1951827370965618
-1.162648763522218
-1.1125170318483322
-1.0507545370203462
-0.9841287495798662
-0.9171836063908113
-0.8547374327950689
-0.7896956846135117
-0.7311889161801332
-0.6776587793314419
-0.6319537176771508
-0.7461176704889398
-0.8201565797650024
-0.8923000031878537
-0.9748280741821378
-1.0697911440501486
-1.16903579126099
-1.2770900999295314
-1.3921087630617301
-1.5075787888799004
-1.6260153365785424
-1.7250185302349552
-1.7947083304824225
-1.782379106305009
-1.615512688688987
-1.1349159643334192
-0.08319573726214574
1.6391527227085818
1.1496615369943648
-13.183350894263176
-3.9293786623082574
-15.427853681777668
-13.405230066651702
-1.6109255192671919
4.981549814049615
3.2326813203643923
0.6780337232461244
-0.6429764242749368
-1.2294315453121332
-1.461419025914676
-1.5113673812535677
-1.482625020595029
-1.4058108578771715
-1.3172447434058872
-1.2264241426353855
-1.1316197912681332
-1.0446994912116145
-0.9600958281578849
-0.885195101587402
-0.8157691135321687
-0.7512945782881487
-0.6921137309040625
-0.8140515258612433
-0.8910327580459417
-0.9782501630950294
-1.0781063077982471
-1.1820594331997678
-1.3038750410922637
-1.4364373458119022
-1.582876636973054
-1.7389462618543943
-1.8980707960714065
-2.0554229000680277
-2.1997558841106026
-2.2749596465768556
-2.2107034727223307
-1.8530066637481746
-0.8855457681807954
1.0195570336358715
0.6768286978872502
-7.984324600285089
-17.926618177301837
-18.128798993086807
-20.805384419326458
-20.862117915922266
-17.248026798967267
-1.0991192631483029
-1.2527595437916075
-1.843729453518146
-2.067386466546714
-2.068726665240285
-1.978484832527243
-1.8444640564180599
-1.7061442954950423
-1.563571879193348
-1.4249525384974147
-1.3028376371766943
-1.1851322559556987
-1.0829296293543076
-0.9906259713382692
-0.9015010058006243
-0.8252756596322286
-0.7583607836800639
-0.8738259010354897
-0.9660445186311005
-1.0626967336566562
-1.178365937504236
-1.3064626817225469
-1.4466557249094447
-1.6085018536713311
-1.7902837427975213
-1.995495807281819
-2.210193051087302
-2.444307721095251
-2.690692794763998
-2.9205943694063015
-3.118463721695275
-3.2378509996353655
-3.2794689901848133
-3.5292163284825473
-12.517965157764092
-22.968009450602718
-18.181565757214212
-18.023445571655333
-17.434670983923194
-17.76103747674361
-10.532758761334422
-5.507697525785129
-4.029239602509631
-3.490282567474219
-3.1156851966424246
-2.801568529319872
-2.5171701328589546
-2.2629358451993657
-2.033188031883458
-1.8253579008778984
-1.6443286015449847
-1.4804912726865322
-1.330847995174074
-1.209858357531534
-1.0947154258007485
-0.9917862652876436
-0.9018780285997399
-0.8220884983441669
-0.9312187759001089
-1.0302283570961084
-1.1458311887322814
-1.2776199865012403
-1.4229555011323392
-1.5905444859423776
-1.7778797419611179
-1.999180800268465
-2.244372719908774
-2.519847930200287
-2.8396795418819925
-3.199740934850289
-3.5987419163867527
-4.070786529166822
-4.668225505697951
-5.549727867041936
-7.113918632106424
-12.980890541041227
-15.051383300738415
-16.22555254126787
-16.070241490090286
-15.315351164302637
-13.972481473655408
-11.228684687642055
-8.237694775107736
-6.150643992134683
-4.939168310331667
-4.134248817965732
-3.5415645003395566
-3.0729399170790983
-2.695069613936861
-2.373177258434065
-2.1009153145745225
-1.8660963848772847
-1.664468235377281
-1.4880593913140328
-1.3361289251193285
-1.1987784250769669
-1.0817470221320105
-0.9760809837884958
-0.8843504271112475
-0.9904102694894132
-1.1041332448294012
-1.2312365599397157
-1.373618350806681
-1.5391711062920437
-1.7268228498721159
-1.9470942776437292
-2.2041452028198045
-2.4880653315619097
-2.829159789589191
-3.22001350563156
-3.678194082666971
-4.22057374259915
-4.879090759369026
-5.729627202112397
-6.8822403475419245
-8.50714340649782
-10.660172955634652
-12.793910425462041
-14.023379690874076
-14.26288883694437
-13.742792195188828
-12.550929823526156
-10.840893263591008
-8.941129356233347
-7.259883830901349
-5.952497177351588
-4.963543376694622
-4.199750099213733
-3.59563596898086
-3.105449851492705
-2.706865178930205
-2.3724257658757346
-2.0889578306210006
-1.845156114820493
-1.638563019584296
-1.4626765422706303
-1.3088092491755354
-1.1718893429619288
-1.055354950973489
-0.9484431352900458
-1.0491727605289036
-1.1683620367911804
-1.3037668531771724
-1.4651648407777424
-1.6489051989360457
-1.8571957744982492
-2.1043903034863116
-2.3885831621612716
-2.722820735609249
-3.1120709251935716
-3.5653932869377494
-4.100916422024795
-4.730771464962242
-5.491189209530772
-6.418082111242765
-7.544548480404684
-8.894674139823234
-10.393461943642386
-11.798850590180063
-12.755594307519624
-13.070401111145536
-12.759459837065208
-11.899541997499274
-10.64579885381832
-9.222434828784818
-7.837057234064017
-6.608549633854305
-5.578759993138901
-4.733006427800014
-4.046119905548134
-3.4816192498188387
-3.013069656998271
-2.6251188074476226
-2.300805861173158
-2.0253969865252484
-1.7865438927060868
-1.5807733271951214
-1.4076619343521115
-1.2576942115793277
-1.1239807870034606
-1.008462045403346
-1.0949668599657034
-1.2261484546116235
-1.3762219336790738
-1.5538158283352652
-1.7508829331268239
-1.97853930284432
-2.251534466618667
-2.5632609388535648
-2.928520004094257
-3.357633433183565
-3.862464493333743
-4.44440172908949
-5.129111325445898
-5.930728265878153
-6.856526971807161
-7.910263382544052
-9.064751116920293
-10.232699548801481
-11.275029143198893
-12.002847950355044
-12.287315488435071
-12.09209494924908
-11.460555724199157
-10.497774796387018
-9.350455735190588
-8.151108395290162
-7.026125815951233
-6.011684093026865
-5.1484921712927845
-4.4138280872786915
-3.800805807756674
-3.2803489286750445
-2.8553684415883698
-2.4939490437441982
-2.1831791557626357
-1.9224444400308631
-1.6978973984956631
-1.5041271017568618
-1.3409536421572508
-1.193499208113374
-1.065897083503636
-1.1380345781557104
-1.2816589167265924
-1.4389661733713592
-1.6247053058411045
-1.839002026839427
-2.0867766286524487
-2.374960645119574
-2.7131843876171815
-3.1078785939832705
-3.562028748998697
-4.098312534925632
-4.716322585577463
-5.426224841781375
-6.231276662786619
-7.1359414686079745
-8.121453131872462
-9.13097088052427
-10.098473089220061
-10.928726603763597
-11.506007651318553
-11.738406339401786
-11.602694391677348
-11.106688735355782
-10.331599710312387
-9.367707242539803
-8.315684074984107
-7.279912540787006
-6.317198559217097
-5.4538003823212335
-4.707086615307584
-4.062972293318239
-3.5175368748386613
-3.0574722712405906
-2.6585068823588736
-2.3268312590463287
-2.0391036186789564
-1.8012486036835915
-1.5898834381327844
-1.4069699228425347
-1.2532590178142127
-1.1181221492038467
-1.1796709828577756
-1.326078812983227
-1.4908761407361095
-1.6859583787464065
-1.9114001352980632
-2.1750675646412407
-2.4809146549575978
-2.836745113471287
-3.2483916521883
-3.7302971896937267
-4.287254492847993
-4.9247481765220025
-5.644709183633212
-6.44702535807968
-7.315078822392572
-8.231449085725268
-9.141312030267146
-9.982462083716555
-10.673570965419758
-11.14675247751603
-11.342366451462048
-11.224088272189016
-10.814624485845622
-10.153339400216739
-9.314788813608828
-8.378919706264261
-7.428837679913187
-6.5112176246492055
-5.672737667624988
-4.921048821685996
-4.266049879691571
-3.701708369235037
-3.217346792173733
-2.8022872196396538
-2.444789258761396
-2.14803535666694
-1.8813627642947575
-1.6637526805811778
-1.4683374590681875
-1.3031911960723443
-1.1602854059507315
-1.202207752586569
-1.3595284485118497
-1.5331753942442827
-1.7339361556844703
-1.971903853131989
-2.245020387395709
-2.562227074521673
-2.9284599595900285
-3.3604518421414347
-3.858120862358121
-4.427253353977834
-5.073680702082405
-5.796241250806392
-6.587945820839037
-7.43089690313923
-8.298160784104248
-9.130644349022397
-9.88055191205163
-10.494961010830512
-10.894562219374908
-11.053338957025058
-10.941025857290938
-10.583628609901638
-9.992788779684064
-9.272612980905853
-8.3887407568156
-7.507207781169195
-6.639709328364457
-5.82169027331677
-5.081112830821676
-4.422905599409249
-3.8430086650669004
-3.346543808443918
-2.9136863976173504
-2.5455265528958213
-2.223256761411654
-1.9509039244382942
-1.7205469942857639
-1.5203193573885174
-1.3481778588088673
-1.2030921714908243
-1.2293009945208813
-1.3810212193604006
-1.5617576759097342
-1.7705963806246359
-2.0135724958853087
-2.294591028793886
-2.619653642945843
-3.0007182376869332
-3.4387480090222593
-3.9466279285188577
-4.522270516989062
-5.175588550407364
-5.899542013717553
-6.684124596510303
-7.5033131168899585
-8.33975273809091
-9.119433026232386
-9.815472976648092
-10.362266794801933
-10.726073789838631
-10.862301379819202
-10.753266071310733
-10.416024807742735
-9.872473859775956
-9.183810625589473
-8.383119808175385
-7.547161794162663
-6.70618443787733
-5.915066527115289
-5.181756233944252
-4.525196608385794
-3.944386542224921
-3.431348496800739
-2.991103264375231
-2.6147043071235903
-2.284266324061385
-2.0047550842461375
-1.7622781338591924
-1.5547987371524559
-1.377340807493366
-1.2219737401830377
-1.2412351428780855
-1.3984002870098926
-1.5796978522954652
-1.7929766072875055
-2.0402698968322857
-2.3236578382714126
-2.6530335728808
-3.0393739167523837
-3.491677616243189
-3.997141210457626
-4.579427312760095
-5.236664348038467
-5.9587918968671385
-6.73483048040003
-7.539785047434783
-8.358072185592452
-9.10805413360453
-9.772501932251021
-10.298794891255316
-10.631022088346795
-10.750281315234387
-10.640684068328595
-10.315282434876082
-9.795148407198342
-9.137326206608174
-8.369055306539
-7.561193727380401
-6.749373170629302
-5.968545077375796
-5.242729601137473
-4.58586220503905
-4.003914774052331
-3.487949600964536
-3.042936918830499
-2.6579391848977623
-2.3229109048644414
-2.0368390858211343
-1.7877902489578112
-1.5777624750916337
-1.393762364900316
-1.241549113674924
-1.2449337858464504
-1.4013400662991213
-1.587990274919487
-1.7962340451223398
-2.0479265891242653
-2.3306783207889175
-2.664986128658272
-3.0551695369294976
-3.502655190254653
-4.017875855247603
-4.602761335555184
-5.258924267273419
-5.978175879528671
-6.752381764935544
-7.55828911742375
-8.356879975900728
-9.11399716328258
-9.763108194376526
-10.274322609174781
-10.59939226763942
-10.713268099961885
-10.598936033280774
-10.279191520011475
-9.765627095147503
-9.11183656993724
-8.357698296663056
-7.563194071031539
-6.758978774980574
-5.9795264245657025
-5.260321736055565
-4.606659285882922
-4.021920421331819
-3.5077085456784713
-3.0578203809466364
-2.6701332271875264
-2.3354473932869264
-2.048082934008147
-1.7997584449458912
-1.588720359508858
-1.404705099427626
-1.2483768240793423
-1.2412351428780855
-1.3984002870098926
-1.5796978522954652
-1.7929766072875055
-2.0402698968322857
-2.3236578382714126
-2.6530335728808
-3.0393739167523837
-3.491677616243189
-3.997141210457626
-4.579427312760095
-5.236664348038467
-5.9587918968671385
-6.73483048040003
-7.539785047434783
-8.358072185592452
-9.10805413360453
-9.772501932251021
-10.298794891255316
-10.631022088346795
-10.750281315234387
-10.640684068328595
-10.315282434876082
-9.795148407198342
-9.137326206608174
-8.369055306539
-7.561193727380401
-6.749373170629302
-5.968545077375796
-5.242729601137473
-4.58586220503905
-4.003914774052331
-3.487949600964536
-3.042936918830499
-2.6579391848977623
-2.3229109048644414
-2.0368390858211343
-1.7877902489578112
-1.5777624750916337
-1.393762364900316
-1.241549113674924
-1.2293009945208813
-1.3810212193604006
-1.5617576759097342
-1.7705963806246359
-2.0135724958853087
-2.294591028793886
-2.619653642945843
-3.0007182376869332
-3.4387480090222593
-3.9466279285188577
-4.522270516989062
-5.175588550407364
-5.899542013717553
-6.684124596510303
-7.5033131168899585
-8.33975273809091
-9.119433026232386
-9.815472976648092
-10.362266794801933
-10.726073789838631
-10.862301379819202
-10.753266071310733
-10.416024807742735
-9.872473859775956
-9.183810625589473
-8.383119808175385
-7.547161794162663
-6.70618443787733
-5.915066527115289
-5.181756233944252
-4.525196608385794
-3.944386542224921
-3.431348496800739
-2.991103264375231
-2.6147043071235903
-2.284266324061385
-2.0047550842461375
-1.7622781338591924
-1.5547987371524559
-1.377340807493366
-1.2219737401830377
-1.202207752586569
-1.3595284485118497
-1.5331753942442827
-1.7339361556844703
-1.971903853131989
-2.245020387395709
-2.562227074521673
-2.9284599595900285
-3.3604518421414347
-3.858120862358121
-4.427253353977834
-5.073680702082405
-5.796241250806392
-6.587945820839037
-7.43089690313923
-8.298160784104248
-9.130644349022397
-9.88055191205163
-10.494961010830512
-10.894562219374908
-11.053338957025058
-10.941025857290938
-10.583628609901638
-9.992788779684064
-9.272612980905853
-8.3887407568156
-7.507207781169195
-6.639709328364457
-5.82169027331677
-5.081112830821676
-4.422905599409249
-3.8430086650669004
-3.346543808443918
-2.9136863976173504
-2.5455265528958213
-2.223256761411654
-1.9509039244382942
-1.7205469942857639
-1.5203193573885174
-1.3481778588088673
-1.2030921714908243
-1.1796709828577756
-1.326078812983227
-1.4908761407361095
-1.6859583787464065
-1.9114001352980632
-2.1750675646412407
-2.4809146549575978
-2.836745113471287
-3.2483916521883
-3.7302971896937267
-4.287254492847993
-4.9247481765220025
-5.644709183633212
-6.44702535807968
-7.315078822392572
-8.231449085725268
-9.141312030267146
-9.982462083716555
-10.673570965419758
-11.14675247751603
-11.342366451462048
-11.224088272189016
-10.814624485845622
-10.153339400216739
-9.314788813608828
-8.378919706264261
-7.428837679913187
-6.5112176246492055
-5.672737667624988
-4.921048821685996
-4.266049879691571
-3.701708369235037
-3.217346792173733
-2.8022872196396538
-2.444789258761396
-2.14803535666694
-1.8813627642947575
-1.6637526805811778
-1.4683374590681875
-1.3031911960723443
-1.1602854059507315
-1.1380345781557104
-1.2816589167265924
-1.4389661733713592
-1.6247053058411045
-1.839002026839427
-2.0867766286524487
-2.374960645119574
-2.7131843876171815
-3.1078785939832705
-3.562028748998697
-4.098312534925632
-4.716322585577463
-5.426224841781375
-6.231276662786619
-7.1359414686079745
-8.121453131872462
-9.13097088052427
-10.098473089220061
-10.928726603763597
-11.506007651318553
-11.738406339401786
-11.602694391677348
-11.106688735355782
-10.331599710312387
-9.367707242539803
-8.315684074984107
-7.279912540787006
-6.317198559217097
-5.4538003823212335
-4.707086615307584
-4.062972293318239
-3.5175368748386613
-3.0574722712405906
-2.6585068823588736
-2.3268312590463287
-2.0391036186789564
-1.8012486036835915
-1.5898834381327844
-1.4069699228425347
-1.2532590178142127
-1.1181221492038467
-1.0949668599657034
-1.2261484546116235
-1.3762219336790738
-1.5538158283352652
-1.7508829331268239
-1.97853930284432
-2.251534466618667
-2.5632609388535648
-2.928520004094257
-3.357633433183565
-3.862464493333743
-4.44440172908949
-5.129111325445898
-5.930728265878153
-6.856526971807161
-7.910263382544052
-9.064751116920293
-10.232699548801481
-11.275029143198893
-12.002847950355044
-12.287315488435071
-12.09209494924908
-11.460555724199157
-10.497774796387018
-9.350455735190588
-8.151108395290162
-7.026125815951233
-6.011684093026865
-5.1484921712927845
-4.4138280872786915
-3.800805807756674
-3.2803489286750445
-2.8553684415883698
-2.4939490437441982
-2.1831791557626357
-1.9224444400308631
-1.6978973984956631
-1.5041271017568618
-1.3409536421572508
-1.193499208113374
-1.065897083503636
-1.0491727605289036
-1.1683620367911804
-1.3037668531771724
-1.4651648407777424
-1.6489051989360457
-1.8571957744982492
-2.1043903034863116
-2.3885831621612716
-2.722820735609249
-3.1120709251935716
-3.5653932869377494
-4.100916422024795
-4.730771464962242
-5.491189209530772
-6.418082111242765
-7.544548480404684
-8.894674139823234
-10.393461943642386
-11.798850590180063
-12.755594307519624
-13.070401111145536
-12.759459837065208
-11.899541997499274
-10.64579885381832
-9.222434828784818
-7.837057234064017
-6.608549633854305
-5.578759993138901
-4.733006427800014
-4.046119905548134
-3.4816192498188387
-3.013069656998271
-2.6251188074476226
-2.300805861173158
-2.0253969865252484
-1.7865438927060868
-1.5807733271951214
-1.4076619343521115
-1.2576942115793277
-1.1239807870034606
-1.008462045403346
-0.9904102694894132
-1.1041332448294012
-1.2312365599397157
-1.373618350806681
-1.5391711062920437
-1.7268228498721159
-1.9470942776437292
-2.2041452028198045
-2.4880653315619097
-2.829159789589191
-3.22001350563156
-3.678194082666971
-4.22057374259915
-4.879090759369026
-5.729627202112397
-6.8822403475419245
-8.50714340649782
-10.660172955634652
-12.793910425462041
-14.023379690874076
-14.26288883694437
-13.742792195188828
-12.550929823526156
-10.840893263591008
-8.941129356233347
-7.259883830901349
-5.952497177351588
-4.963543376694622
-4.199750099213733
-3.59563596898086
-3.105449851492705
-2.706865178930205
-2.3724257658757346
-2.0889578306210006
-1.845156114820493
-1.638563019584296
-1.4626765422706303
-1.3088092491755354
-1.1718893429619288
-1.055354950973489
-0.9484431352900458
-0.9312187759001089
-1.0302283570961084
-1.1458311887322814
-1.2776199865012403
-1.4229555011323392
-1.5905444859423776
-1.7778797419611179
-1.999180800268465
-2.244372719908774
-2.519847930200287
-2.8396795418819925
-3.199740934850289
-3.5987419163867527
-4.070786529166822
-4.668225505697951
-5.549727867041936
-7.113918632106424
-12.980890541041227
-15.051383300738415
-16.22555254126787
-16.070241490090286
-15.315351164302637
-13.972481473655408
-11.228684687642055
-8.237694775107736
-6.150643992134683
-4.939168310331667
-4.134248817965732
-3.5415645003395566
-3.0729399170790983
-2.695069613936861
-2.373177258434065
-2.1009153145745225
-1.8660963848772847
-1.664468235377281
-1.4880593913140328
-1.3361289251193285
-1.1987784250769669
-1.0817470221320105
-0.9760809837884958
-0.8843504271112475
-0.8738259010354897
-0.9660445186311005
-1.0626967336566562
-1.178365937504236
-1.3064626817225469
-1.4466557249094447
-1.6085018536713311
-1.7902837427975213
-1.995495807281819
-2.210193051087302
-2.444307721095251
-2.690692794763998
-2.9205943694063015
-3.118463721695275
-3.2378509996353655
-3.2794689901848133
-3.5292163284825473
-12.517965157764092
-22.968009450602718
-18.181565757214212
-18.023445571655333
-17.434670983923194
-17.76103747674361
-10.532758761334422
-5.507697525785129
-4.029239602509631
-3.490282567474219
-3.1156851966424246
-2.801568529319872
-2.5171701328589546
-2.2629358451993657
-2.033188031883458
-1.8253579008778984
-1.6443286015449847
-1.4804912726865322
-1.330847995174074
-1.209858357531534
-1.0947154258007485
-0.9917862652876436
-0.9018780285997399
-0.8220884983441669
-0.8140515258612433
-0.8910327580459417
-0.9782501630950294
-1.0781063077982471
-1.1820594331997678
-1.3038750410922637
-1.4364373458119022
-1.582876636973054
-1.7389462618543943
-1.8980707960714065
-2.0554229000680277
-2.1997558841106026
-2.2749596465768556
-2.2107034727223307
-1.8530066637481746
-0.8855457681807954
1.0195570336358715
0.6768286978872502
-7.984324600285089
-17.926618177301837
-18.128798993086807
-20.805384419326458
-20.862117915922266
-17.248026798967267
-1.0991192631483029
-1.2527595437916075
-1.843729453518146
-2.067386466546714
-2.068726665240285
-1.978484832527243
-1.8444640564180599
-1.7061442954950423
-1.563571879193348
-1.4249525384974147
-1.3028376371766943
-1.1851322559556987
-1.0829296293543076
-0.9906259713382692
-0.9015010058006243
-0.8252756596322286
-0.7583607836800639
-0.7461176704889398
-0.8201565797650024
-0.8923000031878537
-0.9748280741821378
-1.0697911440501486
-1.16903579126099
-1.2770900999295314
-1.3921087630617301
-1.5075787888799004
-1.6260153365785424
-1.7250185302349552
-1.7947083304824225
-1.782379106305009
-1.615512688688987
-1.1349159643334192
-0.08319573726214574
1.6391527227085818
1.1496615369943648
-13.183350894263176
-3.9293786623082574
-15.427853681777668
-13.405230066651702
-1.6109255192671919
4.981549814049615
3.2326813203643923
0.6780337232461244
-0.6429764242749368
-1.2294315453121332
-1.461419025914676
-1.5113673812535677
-1.482625020595029
-1.4058108578771715
-1.3172447434058872
-1.2264241426353855
-1.1316197912681332
-1.0446994912116145
-0.9600958281578849
-0.885195101587402
-0.8157691135321687
-0.7512945782881487
-0.6921137309040625
-0.6908895874067366
-0.750997082486159
-0.8139956283847558
-0.8888048658368718
-0.9647740103727283
-1.0457545575663767
-1.1337125847078176
-1.223897267200023
-1.312680077212722
-1.3950954456162403
-1.457272757370314
-1.4864136043847116
-1.4646026559395888
-1.3482865708701963
-1.1143899881944466
-0.8379838994416012
-1.2292910722305828
-4.388557326521711
-9.418849401162564
-11.040330702107426
-10.573054589047922
-9.986395315915312
-9.826266345601102
0.8130243293527918
1.9662941017695263
0.61878049513061
-0.32797073777239444
-0.8377258448329206
-1.0863989670227736
-1.1777468850494024
-1.1951827370965618
-1.162648763522218
-1.1125170318483322
-1.0507545370203462
-0.9841287495798662
-0.9171836063908113
-0.8547374327950689
-0.7896956846135117
-0.7311889161801332
-0.6776587793314419
-0.6319537176771508
-0.6378806735152938
-0.6861733234837145
-0.7420691370386798
-0.8016876249499645
-0.8668597368697616
-0.9298754433817374
-1.0007677164807962
-1.0743034442882367
-1.1416661860089186
-1.2033463446871715
-1.2581686516561492
-1.2957942769770248
-1.3123007017607244
-1.3127915685470009
-1.358397311406443
-1.6356143779008863
-2.59268377164038
-4.595560352785532
-6.765241599156672
-7.878597929233419
-8.108248906216284
-8.199482444125403
-7.4687351869639755
-4.096029969235945
-1.4299045242332542
-0.7041187825832956
-0.7092275602153586
-0.8411956508648699
-0.9438537582633608
-0.9962842091453352
-1.009503540844719
-0.9922231498943119
-0.9541258387114502
-0.909618669772164
-0.8581425208076164
-0.8108836753189942
-0.7558875618707586
-0.7082112464985587
-0.6591856889565957
-0.6141595904027937
-0.5733621535413305
-0.5793866071693483
-0.6249188035840498
-0.6749010302458898
-0.720790146441901
-0.7727179719675964
-0.8335680961787955
-0.8853895340017826
-0.9440474724057751
-1.0009489268496952
-1.0568995069685883
-1.1060511600446852
-1.15289676345633
-1.2095707925736308
-1.3002287834598711
-1.491910786880014
-1.9124410643776286
-2.7214504178354213
-3.9154248088734085
-5.10497648856439
-5.87010018899446
-6.211040611257076
-6.235268784423984
-5.625229862275999
-4.096695662084518
-2.4745673155962704
-1.5062183061000347
-1.088644608313484
-0.947678108863612
-0.9121398885447574
-0.8931215058611787
-0.87930005209632
-0.8559067608792691
-0.825056388795934
-0.7911890415979177
-0.7517914534012403
-0.7096528454314838
-0.6699276492187148
-0.6338301017447929
-0.5899333556751848
-0.5556421827837247
-0.5176454411074521
-0.5330196427928031
-0.5705953348391155
-0.6099796933291806
-0.6503396931906765
-0.6950783070538998
-0.7411160586236608
-0.7883950892165897
-0.8375492259619396
-0.8883252420365099
-0.9387070012678722
-0.9904826401321805
-1.051732976046607
-1.1402948824235486
-1.2802499007878354
-1.5209650985517564
-1.9166225441863827
-2.53282167241121
-3.300153997431403
-4.044921012345148
-4.5886188232781535
-4.868494647169382
-4.837439609277895
-4.404934668598067
-3.542979861747909
-2.5640677797148497
-1.7910970498604177
-1.3090423970249212
-1.0519371997618825
-0.9154598720937716
-0.8456861636208592
-0.8011827405846139
-0.7632428776060833
-0.7307208105207503
-0.6932890457571762
-0.6639539401111603
-0.6300077652027336
-0.5976627290668787
-0.5647617502476664
-0.5330552192295991
-0.4999633236865872
-0.4726604827738859
-0.4845118391678077
-0.5194500273514586
-0.5512957151889906
-0.5891037461199226
-0.6252647826280202
-0.6650964262123771
-0.706218470414001
-0.7480203523950814
-0.7949086852003955
-0.8430728351834239
-0.9045998930733402
-0.9771649646206892
-1.0839683320008817
-1.241375843326642
-1.4763398837027502
-1.820129919506479
-2.2791522067307115
-2.8070323118704374
-3.315207560630324
-3.698928218295725
-3.89595026309389
-3.8607866032313556
-3.556353697885479
-3.0156883677837625
-2.3834286129118416
-1.813343410480029
-1.3836538713598605
-1.1043305015600493
-0.928836925739507
-0.8191442722417787
-0.7482533594698534
-0.6981283426035406
-0.6545650429720038
-0.6242900524159474
-0.593253738839514
-0.5594368134582006
-0.5328612946263344
-0.5029030859259109
-0.48020382858059046
-0.4535671509238319
-0.4287067326134584
-0.44701781726617656
-0.47281314034328537
-0.503634465726101
-0.5342115425423597
-0.5646964902359394
-0.5997369498296009
-0.6370161253719946
-0.6775156201830996
-0.7198167525334233
-0.7704729774669775
-0.8315288567648211
-0.9174062211165301
-1.0260970744037254
-1.1812188584414776
-1.3976850513613566
-1.6805892226244683
-2.0278199067397855
-2.41738483008851
-2.774350603969795
-3.0413642868368576
-3.1850503098865453
-3.145648615621205
-2.939238043990217
-2.572442441352731
-2.1413314163140287
-1.7190914799429582
-1.3683425022809375
-1.1082779305152883
-0.9248851354896943
-0.7984766981399973
-0.7124253533216117
-0.6478085180564164
-0.6046884423508461
-0.5667939646411299
-0.535319320985749
-0.5092865879638243
-0.4823450051117485
-0.45203866155960054
-0.43160567103030556
-0.41279457862644464
-0.3862994137320285
-0.4116693949343181
-0.4321863805681318
-0.45590420445049695
-0.48680214850792525
-0.5110920007755786
-0.5420567567167952
-0.5821666711522614
-0.6131404816797936
-0.6576262490995727
-0.7069395064316943
-0.7745878342857341
-0.8579264042325304
-0.9652187736279318
-1.1140010728420202
-1.2992966632870804
-1.5332983022671964
-1.8038829015874633
-2.0885921552131728
-2.351922242361015
-2.5489883692625583
-2.643124128270927
-2.6094172739229404
-2.4615810317460185
-2.207111273453794
-1.89715121968669
-1.5851487146325776
-1.3045393837419788
-1.0756068601858233
-0.9041788324465619
-0.7749553751682758
-0.683034611971895
-0.6163134531585672
-0.5641652465677
-0.5230083627060996
-0.48859679497450315
-0.4619161326064818
-0.4369138165900085
-0.41335149489024947
-0.3925385171615707
-0.37662550452196164
-0.35159529142437806
-0.372660781091681
-0.3946553480698683
-0.41727406601307865
-0.44213124004059356
-0.467574742896872
-0.49766399910026293
-0.5287719505326851
-0.5628783903564047
-0.6076481242503605
-0.6574760703865413
-0.7207102867588516
-0.8032870046483591
-0.9061719295690625
-1.037423212353094
-1.1976047913971584
-1.3901932163386586
-1.6027562267317341
-1.8198356978914474
-2.0144228790954246
-2.152992398457518
-2.2171743661861303
-2.2021399543015208
-2.0913185765228373
-1.905022083517694
-1.6822599884853646
-1.443744164184363
-1.2165776136345172
-1.024394604160626
-0.8684144125159052
-0.7471933191096901
-0.6513571617216349
-0.5826443508391135
-0.5297669689321607
-0.4869035019779626
-0.4518367736960361
-0.4262023141081736
-0.3988906115990697
-0.3761708367026435
-0.3593185116446156
-0.34076076619089
-0.32249769229530634
