0.39167308977003173
0.39766042077541025
0.4235460827259662
0.45374342565962716
0.4538772147831642
0.45741175448990273
0.47581292771382433
0.5032403077903773
0.50763155487944
0.4925228604388726
0.4919359493260273
0.4972102827563504
0.47028588298725776
0.47013552578034046
0.478210954447662
0.47995701011992314
0.5124029078026788
0.5519853593205774
0.6219993062478901
0.630227374270456
0.6650611310735646
0.6738109079028557
0.6750638881797509
0.6252653734147388
0.5876860616988371
0.5667145850415259
0.552691280216331
0.5427721091702792
0.5421882160423454
0.5199608674387274
0.5089000733077547
0.5049522762763146
0.4936410454320234
0.4697392038585853
0.45529593150404957
0.4457329562219225
0.4302780385665481
0.4074759830638763
0.38897325222460255
0.374253773992053
0.37014372022991304
0.4362128481384859
0.4622185473529906
0.4749593882556218
0.49867180381403553
0.5158531901602581
0.5406545087091724
0.5544390255777579
0.5827972133772062
0.5802683141134999
0.5801554771389973
0.5682662943417642
0.5642560329355835
0.5505750701844028
0.5352072763477528
0.5090955831921937
0.5142347188216569
0.5365197886236316
0.5772295903809215
0.6477454903532743
0.6881032932514347
0.7326529455404657
0.7136773707849337
0.6903164257151294
0.6634473625393941
0.640329265540901
0.6235779571293266
0.6193593220292372
0.6209858861402692
0.6112130946590553
0.6150698183296288
0.6023804592824962
0.602148901135193
0.5706741393190761
0.5543634781256389
0.5328547675823959
0.5160181017094606
0.4981980555433237
0.4619292237033947
0.43967541955093786
0.4310651434905519
0.4169406282529
0.48627698972560485
0.5171987867130414
0.5360413328503627
0.5751499462734058
0.5942853018318328
0.6159082638561124
0.6438008794030549
0.680157591561561
0.6808861833592288
0.6999220607772997
0.6904992446709123
0.6699605638733215
0.638521392248792
0.6086095256601356
0.5740317788673429
0.539699635687357
0.5535020224318227
0.6040422436822289
0.6994113669741076
0.7599597472220824
0.8148707407240157
0.7515959522144213
0.7234155125039706
0.6735618264423705
0.6634703141998305
0.6706090482031356
0.6968899358619042
0.7215726637231898
0.7283081447210136
0.7297219151185117
0.7281330916774433
0.7073350547404694
0.6788616123290201
0.6630487091077767
0.6233076729097936
0.5903307569892957
0.5585497198094211
0.5292610735542773
0.49987788966123164
0.4714145526462247
0.461660809507072
0.5511694581443795
0.5660034156636133
0.6089797611842671
0.6501265181307821
0.6997506821860412
0.714646778744483
0.7665914498589218
0.8001147026656735
0.8113432001085484
0.8261005955206223
0.8290368593705888
0.8016608231096934
0.7608956682328941
0.693630723963436
0.6104208072548652
0.5635570841946655
0.5298361988197055
0.5980207393613916
0.7427071614393098
0.8638224776020449
0.9125118589858128
0.8210980653163166
0.7429439452983795
0.6701451122077672
0.6758949022392655
0.7432907511834108
0.835310115389549
0.8862237053018629
0.9035364283273082
0.9024944213111021
0.8800401681899996
0.8535901872045553
0.789089038470899
0.760604386349198
0.7130535153707208
0.6762112441961079
0.6337244999619217
0.5950903243616108
0.5683039652837069
0.5388548471610176
0.4973983660386202
0.5956759159006256
0.62925219899343
0.6867222375898583
0.722067471033991
0.769969093840365
0.82963673702337
0.8856605764056595
0.9251502935417738
0.9577416823284225
1.0038378250786184
1.0179358275086843
1.007064931695685
0.9669847852993672
0.8477259498484873
0.6905825061341859
0.5342240651029982
0.4731160850548865
0.5852774358078782
0.8499239322739779
1.0944655089284607
1.1267534295635873
0.9161258940372611
0.6466497012102833
0.5366154331325109
0.6704810421012808
0.8910466974183818
1.0600796837189628
1.1616146499188118
1.1734509287835457
1.1271516800153472
1.0840373471358105
1.0233394110552696
0.9667741759557467
0.9200394900820786
0.856571248218839
0.7862043652504047
0.7303274954505709
0.6737501728290594
0.630695973693318
0.6123733526591618
0.5621244638219796
0.6486250601461538
0.7010972615135996
0.7496663840807088
0.8113204921266148
0.8737707469941317
0.9314930236748193
1.023688389721814
1.094818537813182
1.1670459276148748
1.2336201042127195
1.2733978790168508
1.2936311539239667
1.2502482461510576
1.1271411290899476
0.8576078037658245
0.5112923568442941
0.22792198749119058
0.38131563446218325
1.0278706769689636
1.6951699352424678
1.7848186237129215
1.1108000675050171
0.24523433469781158
0.11505772400853553
0.6952287068931956
1.3071590111764868
1.5869809076822747
1.6240795873383118
1.5570294399605555
1.4600210584345117
1.3596201990453272
1.2469549399454463
1.1604115976494314
1.0779941957227048
0.9896436498728072
0.898436814207759
0.8304733713779987
0.7719359199946315
0.7156232853540543
0.6646355034695832
0.6145021877364938
0.7091458463306799
0.7697108555763619
0.8338048520149623
0.8949409368394556
0.9951589189281717
1.069991160176758
1.1776556108542475
1.2717812755909872
1.3714325481446537
1.4814715873794724
1.5921303309846055
1.6763419573992662
1.707379957367932
1.5922719902257816
1.2644391050335544
0.5862824833376042
-0.31518508118936234
-0.412829057679829
1.2447988014571914
3.5031512925417307
3.9875583509425896
1.8283872561372727
-1.0975515801462796
-1.226591469962422
1.0960152215630568
2.537546297985068
2.656273347868717
2.37342410082552
2.102427218980137
1.8687664006119018
1.674644118132707
1.5168562992222603
1.3765807556625829
1.241908584009409
1.127926587879119
1.0303467517860234
0.937219366076163
0.8660970050851186
0.7976273087791499
0.7290694610238716
0.6867345742008807
0.7756220175203448
0.849357441710668
0.918620564533355
0.9998182109306161
1.103036121236623
1.2035893233294856
1.3259791915419634
1.4684407632415772
1.609444813292874
1.7795992699311647
1.9162958775238002
2.089327520880364
2.2819477955674294
2.379292649698561
2.184997063924327
1.144714332630186
-1.5918106306483648
-3.7044572718662363
1.0235133948753412
8.473030404213722
10.99944030638625
4.934990194958192
-6.397176577030211
-8.720714642295953
1.6071676038498692
4.994523803209971
4.264971316416656
3.2748977537936366
2.663185446692318
2.2581527750642127
1.965851734135209
1.736715741419909
1.5589887200358592
1.3919030459589135
1.2637939370162248
1.1552600543989517
1.0421995246282807
0.9650909052301624
0.8570837636181149
0.789061810550893
0.7264572967873003
0.8506762764216325
0.9284356619496954
1.0167797198384299
1.0960673158779448
1.2134402848487509
1.3372550737340736
1.488259181535462
1.6440078994070464
1.8360012025670398
2.0550680562983903
2.305399345135958
2.6386344123111956
3.0702637373800634
3.6409540001948884
4.385095798035641
4.282034985081036
-1.095931552977751
-14.35284402556079
-3.391587416582863
8.128972906607926
26.80790455758072
14.821488055308702
-20.757331749913348
-18.30782948696872
6.829283495939134
9.396585899019739
6.338527180094047
4.330214619319618
3.291448986031972
2.683127792986701
2.3100142363437266
2.0064366105333376
1.7754828381338983
1.5832995629189872
1.4224268634393127
1.3027507899061674
1.1594466658525389
1.050386034076846
0.9434099710676253
0.8669179683955909
0.7903473690162257
0.8838875480903821
0.9883141226369556
1.0835627612961682
1.1871639089543014
1.3260561456241227
1.4724739581821558
1.6552362523800008
1.851117607681383
2.0831384732770717
2.3558295076278966
2.699481079801592
3.1693602835622774
3.839616376931979
4.989027736496834
7.181616374437493
10.388711848300273
7.616563256079961
-17.385212514093283
-12.966728874431423
27.820947347233815
38.761737528849494
32.885879840855296
-9.54959437726844
3.6173067303433144
6.815361726860148
9.259204762583533
6.742686264842792
4.973381848112133
3.8593364658796125
3.1395906475844524
2.652512432872484
2.3147632167042294
2.0250273851854197
1.8097017958953567
1.598021875454541
1.4404968044577806
1.291123561936135
1.1746548356454842
1.049386436579915
0.9705895644412361
0.8630640271383696
0.9656470823076724
1.070075384006652
1.1647749145289585
1.2914414118846826
1.4449954370488884
1.614912795228728
1.8080979598236626
2.050423474623869
2.3051992656699043
2.659160135452331
3.0382827215404125
3.602187823303774
4.416535429718452
5.786830862530715
8.446779062189648
12.826083237078697
12.927903473699445
0.8658142416332846
-2.7095161925729645
18.77533980389722
28.555879636922523
22.488272662934072
6.721535607939718
-6.785853242176657
2.2244646313197483
6.140361263690526
5.857188870676502
4.855656680364306
4.0296645355313165
3.39539366056291
2.930452544487143
2.546599262718404
2.2386221094144756
1.9691819461986244
1.7525349305882036
1.5444458549360365
1.4029900046045793
1.238663480882036
1.1404524219334342
1.0246047086572967
0.9223727397346583
1.0088419135624707
1.1207325258224732
1.2350501328805503
1.3755821993799957
1.560107665178519
1.739251829366017
1.9362453220633953
2.1991765372261196
2.465311418164012
2.8215471081739603
3.2436210844291353
3.800209441348719
4.559095423989141
5.625564743835019
7.313990909055236
9.23859096822491
8.118438245941416
3.225330726993002
-1.6310519621810122
8.534291905492413
13.862303359560162
11.532327184494521
5.710416419781966
1.779877153170541
2.884472196563577
4.517711490591643
4.935867247048139
4.623687071138921
4.105163683075983
3.5742460164956107
3.1427954959680813
2.7355674800934975
2.4095602176574475
2.1239785519603447
1.9045630084248262
1.679256055154498
1.511884688211357
1.3505029702585778
1.2210076102439764
1.1138366450770159
1.0058024449177916
1.0756620333203917
1.1860890593181814
1.308682092434924
1.4753495658942322
1.643327719147991
1.8371875701786005
2.045446290121589
2.3094722017113836
2.639637462679729
2.9770303644898988
3.4013683024510657
3.8625916009649663
4.4803031741822705
5.150661226712968
5.874238021036284
6.164591530596834
5.107848808072512
2.8999868986916417
2.6505588852246427
5.418427730219848
7.566252315226134
7.080597379925149
5.279221266283998
4.135105503353486
4.127581190483613
4.559995331381314
4.725285078153384
4.528722654810926
4.1570764389477155
3.713646455972157
3.2815099257823888
2.883217474496542
2.5555886201775673
2.266649952001731
2.0086068333805795
1.7936383677185481
1.5984468806667045
1.4261202409213223
1.2973647541785016
1.1671625527143676
1.0484647318565345
1.119730838896459
1.2417468931153846
1.3817945799894038
1.545427967223187
1.7220864986806192
1.925350622064837
2.1690655845861424
2.4135834406685466
2.7271520345758087
3.0859102280491895
3.478479117462028
3.908182918193002
4.357323873896924
4.778317739769522
5.085397741065647
5.048903147815925
4.5921163813549875
4.028830335700452
4.211628724587209
5.147191552738808
5.942479828729382
5.964283024662813
5.462073470615754
5.032650006770654
4.897630639219522
4.887846282117745
4.8113736347242915
4.555636485609919
4.206016390553916
3.796903642659176
3.391881094445421
3.007004232200483
2.690518070842628
2.3777775618390855
2.105741983048711
1.8972920408355192
1.676078651361895
1.508435004824562
1.3692449678240861
1.2251384690648854
1.1008924051367739
1.1636104324588534
1.290043839666246
1.4364763558765192
1.6118289195935773
1.7944038033313343
2.002863523496273
2.2307067317345513
2.5029803276894866
2.8221025189880717
3.1573795667368643
3.515653574396575
3.9053603459272965
4.288611270137665
4.642504645542787
4.837201903702066
4.870275734248609
4.767871663592598
4.741244467395427
4.958882119851228
5.378860828218131
5.7056104638481795
5.801544282783966
5.658014506191554
5.446284453077282
5.291005552447546
5.125584482053518
4.903721204738216
4.603621819123666
4.263479386068214
3.8731591803448926
3.474103618566224
3.1130366508970218
2.7786866123943947
2.482185487994487
2.202924070276923
1.9746938470971576
1.7740870744680448
1.575721717845867
1.4162608436292243
1.2882407312908113
1.1647429511913616
1.19071761952391
1.3246803143576225
1.4802890084612836
1.6603370551607488
1.8344490055997864
2.055898360015798
2.308800248230268
2.586975595301731
2.866932623325823
3.2049036191464806
3.531761218167643
3.915752033084231
4.253002647028865
4.581792756210974
4.801936240941367
4.960242461115971
5.044498353888124
5.1666880987514
5.338789410036511
5.582289971826259
5.808715709890534
5.8408450494482596
5.7740563920040024
5.628530817212455
5.4471402838893175
5.242082094195074
4.98082003403694
4.655927421725866
4.296763804026121
3.9140144219454416
3.5395560522014256
3.196778982402701
2.854518679606633
2.529930483044537
2.2595199841702556
2.030356579591863
1.819480586240368
1.631326194647739
1.4710888799025115
1.3249788096236719
1.1924531416976238
1.2223127988910805
1.3664389685774103
1.5158914215369772
1.7112312477728533
1.9016595058465635
2.116006212509114
2.3699397503988053
2.623504725415633
2.948312390009961
3.2256297871247948
3.570109120830672
3.9401532238218078
4.266639679031226
4.58064616856443
4.843943341060782
5.064489199168416
5.257692935962869
5.434956922814357
5.587666857403864
5.765223269451244
5.851662309214148
5.883106615891136
5.843147028304726
5.70768175083562
5.526808663679
5.274465132008048
4.982305427428628
4.649249860376267
4.318741911087919
3.9470988278377304
3.5828580228336873
3.247467531322887
2.9024126774257164
2.606698059109327
2.335927843646444
2.106059417848306
1.871708851548338
1.6809526600375875
1.5177947628542767
1.3579834817466487
1.2342045013874252
1.2532240564691368
1.3876569482005623
1.5577939632763524
1.7532608901628595
1.9204283393550057
2.1503558544818815
2.4007765453771923
2.6750762725046155
2.977514031602131
3.286901218639217
3.608997701004751
3.9551107661516576
4.2887842242011125
4.601306849430152
4.906831995791813
5.14742196207866
5.36279823374597
5.594161643051995
5.72480144988834
5.869501662824759
5.920624719087534
5.950030516199697
5.849749505545062
5.711138962277757
5.531063459280644
5.282848411225763
4.974418315989832
4.681745500509814
4.306463033789619
3.970408773453199
3.6176343062195304
3.2672232177536538
2.9522777304884467
2.6620397999858305
2.3867131883830752
2.13132718887654
1.9248298475251013
1.7047498584748932
1.5593927111607857
1.400358334308516
1.2406282312053076
1.2893187895328482
1.419979631041059
1.5766844159364397
1.7465309348228608
1.9593628725128522
2.1724381780617494
2.4355496672649677
2.7086840458084906
2.9771024990882538
3.3031351884077607
3.6432010219815694
3.9799611302300018
4.30841490625396
4.6254392515686
4.934879073422996
5.222831890685651
5.441055760795892
5.6588808389616
5.798318390067893
5.919698748719396
5.975564640795234
5.949319891897561
5.868025045650281
5.719523789129789
5.505813588496104
5.264437539145067
4.992536972738207
4.665545527971838
4.315346241664698
3.988823773511374
3.6451293514785648
3.3001253934919124
2.974896144280574
2.68745597277782
2.428939407067285
2.164541913761143
1.9469844932923936
1.74257300760434
1.5561212851232649
1.4185480050883457
1.2832250768158424
1.2831770878541475
1.431397972627191
1.5862729447198993
1.7625322986416923
1.9728862802017917
2.194248777706712
2.412123625014892
2.704251944931713
3.0153821517101562
3.308960646702505
3.650364081867109
3.972878098153384
4.310165278036499
4.6612136021348975
4.968398112667114
5.260002881211083
5.499750907025858
5.720138057302461
5.868338026359306
5.945439812053797
5.990543508762476
5.97681830074515
5.876336986642179
5.733074402259124
5.511536982850923
5.250063794326566
4.970208052509011
4.645383058888886
4.322568512692991
3.9797481126188563
3.6309249395912753
3.2901740094698635
2.9997575917361905
2.698004192417488
2.424852896816109
2.1995021724045674
1.9550364822359763
1.7843669164224956
1.5933841513817852
1.4304239158140768
1.2794333848234791
1.2918281997975651
1.4292507006228163
1.5790532332312586
1.7749302606958275
1.9740216504177321
2.195512945055214
2.427791685401098
2.710309154154164
2.9958410031794505
3.3061037534112097
3.643518526694026
3.989133694982022
4.345505863594162
4.656441502521762
4.964571684294819
5.260637190145054
5.494393981897401
5.719310804757556
5.86525309870678
5.969774611548799
6.030061035088065
5.971242003867047
5.853502359076191
5.719398686313961
5.4954714423747255
5.257652245399523
4.972035068440038
4.664775884012351
4.3291314319049325
3.983814543953541
3.6665600640084866
3.3149308312048427
3.0138128556890353
2.706759681916895
2.439502080672351
2.207432751836161
1.976390787752878
1.7720160056997838
1.5943748604918337
1.4273845937517546
1.2910676959409235
1.2831770878541475
1.431397972627191
1.5862729447198993
1.7625322986416923
1.9728862802017917
2.194248777706712
2.412123625014892
2.704251944931713
3.0153821517101562
3.308960646702505
3.650364081867109
3.972878098153384
4.310165278036499
4.6612136021348975
4.968398112667114
5.260002881211083
5.499750907025858
5.720138057302461
5.868338026359306
5.945439812053797
5.990543508762476
5.97681830074515
5.876336986642179
5.733074402259124
5.511536982850923
5.250063794326566
4.970208052509011
4.645383058888886
4.322568512692991
3.9797481126188563
3.6309249395912753
3.2901740094698635
2.9997575917361905
2.698004192417488
2.424852896816109
2.1995021724045674
1.9550364822359763
1.7843669164224956
1.5933841513817852
1.4304239158140768
1.2794333848234791
1.2893187895328482
1.419979631041059
1.5766844159364397
1.7465309348228608
1.9593628725128522
2.1724381780617494
2.4355496672649677
2.7086840458084906
2.9771024990882538
3.3031351884077607
3.6432010219815694
3.9799611302300018
4.30841490625396
4.6254392515686
4.934879073422996
5.222831890685651
5.441055760795892
5.6588808389616
5.798318390067893
5.919698748719396
5.975564640795234
5.949319891897561
5.868025045650281
5.719523789129789
5.505813588496104
5.264437539145067
4.992536972738207
4.665545527971838
4.315346241664698
3.988823773511374
3.6451293514785648
3.3001253934919124
2.974896144280574
2.68745597277782
2.428939407067285
2.164541913761143
1.9469844932923936
1.74257300760434
1.5561212851232649
1.4185480050883457
1.2832250768158424
1.2532240564691368
1.3876569482005623
1.5577939632763524
1.7532608901628595
1.9204283393550057
2.1503558544818815
2.4007765453771923
2.6750762725046155
2.977514031602131
3.286901218639217
3.608997701004751
3.9551107661516576
4.2887842242011125
4.601306849430152
4.906831995791813
5.14742196207866
5.36279823374597
5.594161643051995
5.72480144988834
5.869501662824759
5.920624719087534
5.950030516199697
5.849749505545062
5.711138962277757
5.531063459280644
5.282848411225763
4.974418315989832
4.681745500509814
4.306463033789619
3.970408773453199
3.6176343062195304
3.2672232177536538
2.9522777304884467
2.6620397999858305
2.3867131883830752
2.13132718887654
1.9248298475251013
1.7047498584748932
1.5593927111607857
1.400358334308516
1.2406282312053076
1.2223127988910805
1.3664389685774103
1.5158914215369772
1.7112312477728533
1.9016595058465635
2.116006212509114
2.3699397503988053
2.623504725415633
2.948312390009961
3.2256297871247948
3.570109120830672
3.9401532238218078
4.266639679031226
4.58064616856443
4.843943341060782
5.064489199168416
5.257692935962869
5.434956922814357
5.587666857403864
5.765223269451244
5.851662309214148
5.883106615891136
5.843147028304726
5.70768175083562
5.526808663679
5.274465132008048
4.982305427428628
4.649249860376267
4.318741911087919
3.9470988278377304
3.5828580228336873
3.247467531322887
2.9024126774257164
2.606698059109327
2.335927843646444
2.106059417848306
1.871708851548338
1.6809526600375875
1.5177947628542767
1.3579834817466487
1.2342045013874252
1.19071761952391
1.3246803143576225
1.4802890084612836
1.6603370551607488
1.8344490055997864
2.055898360015798
2.308800248230268
2.586975595301731
2.866932623325823
3.2049036191464806
3.531761218167643
3.915752033084231
4.253002647028865
4.581792756210974
4.801936240941367
4.960242461115971
5.044498353888124
5.1666880987514
5.338789410036511
5.582289971826259
5.808715709890534
5.8408450494482596
5.7740563920040024
5.628530817212455
5.4471402838893175
5.242082094195074
4.98082003403694
4.655927421725866
4.296763804026121
3.9140144219454416
3.5395560522014256
3.196778982402701
2.854518679606633
2.529930483044537
2.2595199841702556
2.030356579591863
1.819480586240368
1.631326194647739
1.4710888799025115
1.3249788096236719
1.1924531416976238
1.1636104324588534
1.290043839666246
1.4364763558765192
1.6118289195935773
1.7944038033313343
2.002863523496273
2.2307067317345513
2.5029803276894866
2.8221025189880717
3.1573795667368643
3.515653574396575
3.9053603459272965
4.288611270137665
4.642504645542787
4.837201903702066
4.870275734248609
4.767871663592598
4.741244467395427
4.958882119851228
5.378860828218131
5.7056104638481795
5.801544282783966
5.658014506191554
5.446284453077282
5.291005552447546
5.125584482053518
4.903721204738216
4.603621819123666
4.263479386068214
3.8731591803448926
3.474103618566224
3.1130366508970218
2.7786866123943947
2.482185487994487
2.202924070276923
1.9746938470971576
1.7740870744680448
1.575721717845867
1.4162608436292243
1.2882407312908113
1.1647429511913616
1.119730838896459
1.2417468931153846
1.3817945799894038
1.545427967223187
1.7220864986806192
1.925350622064837
2.1690655845861424
2.4135834406685466
2.7271520345758087
3.0859102280491895
3.478479117462028
3.908182918193002
4.357323873896924
4.778317739769522
5.085397741065647
5.048903147815925
4.5921163813549875
4.028830335700452
4.211628724587209
5.147191552738808
5.942479828729382
5.964283024662813
5.462073470615754
5.032650006770654
4.897630639219522
4.887846282117745
4.8113736347242915
4.555636485609919
4.206016390553916
3.796903642659176
3.391881094445421
3.007004232200483
2.690518070842628
2.3777775618390855
2.105741983048711
1.8972920408355192
1.676078651361895
1.508435004824562
1.3692449678240861
1.2251384690648854
1.1008924051367739
1.0756620333203917
1.1860890593181814
1.308682092434924
1.4753495658942322
1.643327719147991
1.8371875701786005
2.045446290121589
2.3094722017113836
2.639637462679729
2.9770303644898988
3.4013683024510657
3.8625916009649663
4.4803031741822705
5.150661226712968
5.874238021036284
6.164591530596834
5.107848808072512
2.8999868986916417
2.6505588852246427
5.418427730219848
7.566252315226134
7.080597379925149
5.279221266283998
4.135105503353486
4.127581190483613
4.559995331381314
4.725285078153384
4.528722654810926
4.1570764389477155
3.713646455972157
3.2815099257823888
2.883217474496542
2.5555886201775673
2.266649952001731
2.0086068333805795
1.7936383677185481
1.5984468806667045
1.4261202409213223
1.2973647541785016
1.1671625527143676
1.0484647318565345
1.0088419135624707
1.1207325258224732
1.2350501328805503
1.3755821993799957
1.560107665178519
1.739251829366017
1.9362453220633953
2.1991765372261196
2.465311418164012
2.8215471081739603
3.2436210844291353
3.800209441348719
4.559095423989141
5.625564743835019
7.313990909055236
9.23859096822491
8.118438245941416
3.225330726993002
-1.6310519621810122
8.534291905492413
13.862303359560162
11.532327184494521
5.710416419781966
1.779877153170541
2.884472196563577
4.517711490591643
4.935867247048139
4.623687071138921
4.105163683075983
3.5742460164956107
3.1427954959680813
2.7355674800934975
2.4095602176574475
2.1239785519603447
1.9045630084248262
1.679256055154498
1.511884688211357
1.3505029702585778
1.2210076102439764
1.1138366450770159
1.0058024449177916
0.9656470823076724
1.070075384006652
1.1647749145289585
1.2914414118846826
1.4449954370488884
1.614912795228728
1.8080979598236626
2.050423474623869
2.3051992656699043
2.659160135452331
3.0382827215404125
3.602187823303774
4.416535429718452
5.786830862530715
8.446779062189648
12.826083237078697
12.927903473699445
0.8658142416332846
-2.7095161925729645
18.77533980389722
28.555879636922523
22.488272662934072
6.721535607939718
-6.785853242176657
2.2244646313197483
6.140361263690526
5.857188870676502
4.855656680364306
4.0296645355313165
3.39539366056291
2.930452544487143
2.546599262718404
2.2386221094144756
1.9691819461986244
1.7525349305882036
1.5444458549360365
1.4029900046045793
1.238663480882036
1.1404524219334342
1.0246047086572967
0.9223727397346583
0.8838875480903821
0.9883141226369556
1.0835627612961682
1.1871639089543014
1.3260561456241227
1.4724739581821558
1.6552362523800008
1.851117607681383
2.0831384732770717
2.3558295076278966
2.699481079801592
3.1693602835622774
3.839616376931979
4.989027736496834
7.181616374437493
10.388711848300273
7.616563256079961
-17.385212514093283
-12.966728874431423
27.820947347233815
38.761737528849494
32.885879840855296
-9.54959437726844
3.6173067303433144
6.815361726860148
9.259204762583533
6.742686264842792
4.973381848112133
3.8593364658796125
3.1395906475844524
2.652512432872484
2.3147632167042294
2.0250273851854197
1.8097017958953567
1.598021875454541
1.4404968044577806
1.291123561936135
1.1746548356454842
1.049386436579915
0.9705895644412361
0.8630640271383696
0.8506762764216325
0.9284356619496954
1.0167797198384299
1.0960673158779448
1.2134402848487509
1.3372550737340736
1.488259181535462
1.6440078994070464
1.8360012025670398
2.0550680562983903
2.305399345135958
2.6386344123111956
3.0702637373800634
3.6409540001948884
4.385095798035641
4.282034985081036
-1.095931552977751
-14.35284402556079
-3.391587416582863
8.128972906607926
26.80790455758072
14.821488055308702
-20.757331749913348
-18.30782948696872
6.829283495939134
9.396585899019739
6.338527180094047
4.330214619319618
3.291448986031972
2.683127792986701
2.3100142363437266
2.0064366105333376
1.7754828381338983
1.5832995629189872
1.4224268634393127
1.3027507899061674
1.1594466658525389
1.050386034076846
0.9434099710676253
0.8669179683955909
0.7903473690162257
0.7756220175203448
0.849357441710668
0.918620564533355
0.9998182109306161
1.103036121236623
1.2035893233294856
1.3259791915419634
1.4684407632415772
1.609444813292874
1.7795992699311647
1.9162958775238002
2.089327520880364
2.2819477955674294
2.379292649698561
2.184997063924327
1.144714332630186
-1.5918106306483648
-3.7044572718662363
1.0235133948753412
8.473030404213722
10.99944030638625
4.934990194958192
-6.397176577030211
-8.720714642295953
1.6071676038498692
4.994523803209971
4.264971316416656
3.2748977537936366
2.663185446692318
2.2581527750642127
1.965851734135209
1.736715741419909
1.5589887200358592
1.3919030459589135
1.2637939370162248
1.1552600543989517
1.0421995246282807
0.9650909052301624
0.8570837636181149
0.789061810550893
0.7264572967873003
0.7091458463306799
0.7697108555763619
0.8338048520149623
0.8949409368394556
0.9951589189281717
1.069991160176758
1.1776556108542475
1.2717812755909872
1.3714325481446537
1.4814715873794724
1.5921303309846055
1.6763419573992662
1.707379957367932
1.5922719902257816
1.2644391050335544
0.5862824833376042
-0.31518508118936234
-0.412829057679829
1.2447988014571914
3.5031512925417307
3.9875583509425896
1.8283872561372727
-1.0975515801462796
-1.226591469962422
1.0960152215630568
2.537546297985068
2.656273347868717
2.37342410082552
2.102427218980137
1.8687664006119018
1.674644118132707
1.5168562992222603
1.3765807556625829
1.241908584009409
1.127926587879119
1.0303467517860234
0.937219366076163
0.8660970050851186
0.7976273087791499
0.7290694610238716
0.6867345742008807
0.6486250601461538
0.7010972615135996
0.7496663840807088
0.8113204921266148
0.8737707469941317
0.9314930236748193
1.023688389721814
1.094818537813182
1.1670459276148748
1.2336201042127195
1.2733978790168508
1.2936311539239667
1.2502482461510576
1.1271411290899476
0.8576078037658245
0.5112923568442941
0.22792198749119058
0.38131563446218325
1.0278706769689636
1.6951699352424678
1.7848186237129215
1.1108000675050171
0.24523433469781158
0.11505772400853553
0.6952287068931956
1.3071590111764868
1.5869809076822747
1.6240795873383118
1.5570294399605555
1.4600210584345117
1.3596201990453272
1.2469549399454463
1.1604115976494314
1.0779941957227048
0.9896436498728072
0.898436814207759
0.8304733713779987
0.7719359199946315
0.7156232853540543
0.6646355034695832
0.6145021877364938
0.5956759159006256
0.62925219899343
0.6867222375898583
0.722067471033991
0.769969093840365
0.82963673702337
0.8856605764056595
0.9251502935417738
0.9577416823284225
1.0038378250786184
1.0179358275086843
1.007064931695685
0.9669847852993672
0.8477259498484873
0.6905825061341859
0.5342240651029982
0.4731160850548865
0.5852774358078782
0.8499239322739779
1.0944655089284607
1.1267534295635873
0.9161258940372611
0.6466497012102833
0.5366154331325109
0.6704810421012808
0.8910466974183818
1.0600796837189628
1.1616146499188118
1.1734509287835457
1.1271516800153472
1.0840373471358105
1.0233394110552696
0.9667741759557467
0.9200394900820786
0.856571248218839
0.7862043652504047
0.7303274954505709
0.6737501728290594
0.630695973693318
0.6123733526591618
0.5621244638219796
0.5511694581443795
0.5660034156636133
0.6089797611842671
0.6501265181307821
0.6997506821860412
0.714646778744483
0.7665914498589218
0.8001147026656735
0.8113432001085484
0.8261005955206223
0.8290368593705888
0.8016608231096934
0.7608956682328941
0.693630723963436
0.6104208072548652
0.5635570841946655
0.5298361988197055
0.5980207393613916
0.7427071614393098
0.8638224776020449
0.9125118589858128
0.8210980653163166
0.7429439452983795
0.6701451122077672
0.6758949022392655
0.7432907511834108
0.835310115389549
0.8862237053018629
0.9035364283273082
0.9024944213111021
0.8800401681899996
0.8535901872045553
0.789089038470899
0.760604386349198
0.7130535153707208
0.6762112441961079
0.6337244999619217
0.5950903243616108
0.5683039652837069
0.5388548471610176
0.4973983660386202
0.48627698972560485
0.5171987867130414
0.5360413328503627
0.5751499462734058
0.5942853018318328
0.6159082638561124
0.6438008794030549
0.680157591561561
0.6808861833592288
0.6999220607772997
0.6904992446709123
0.6699605638733215
0.638521392248792
0.6086095256601356
0.5740317788673429
0.539699635687357
0.5535020224318227
0.6040422436822289
0.6994113669741076
0.7599597472220824
0.8148707407240157
0.7515959522144213
0.7234155125039706
0.6735618264423705
0.6634703141998305
0.6706090482031356
0.6968899358619042
0.7215726637231898
0.7283081447210136
0.7297219151185117
0.7281330916774433
0.7073350547404694
0.6788616123290201
0.6630487091077767
0.6233076729097936
0.5903307569892957
0.5585497198094211
0.5292610735542773
0.49987788966123164
0.4714145526462247
0.461660809507072
0.4362128481384859
0.4622185473529906
0.4749593882556218
0.49867180381403553
0.5158531901602581
0.5406545087091724
0.5544390255777579
0.5827972133772062
0.5802683141134999
0.5801554771389973
0.5682662943417642
0.5642560329355835
0.5505750701844028
0.5352072763477528
0.5090955831921937
0.5142347188216569
0.5365197886236316
0.5772295903809215
0.6477454903532743
0.6881032932514347
0.7326529455404657
0.7136773707849337
0.6903164257151294
0.6634473625393941
0.640329265540901
0.6235779571293266
0.6193593220292372
0.6209858861402692
0.6112130946590553
0.6150698183296288
0.6023804592824962
0.602148901135193
0.5706741393190761
0.5543634781256389
0.5328547675823959
0.5160181017094606
0.4981980555433237
0.4619292237033947
0.43967541955093786
0.4310651434905519
0.4169406282529
0.39167308977003173
0.39766042077541025
0.4235460827259662
0.45374342565962716
0.4538772147831642
0.45741175448990273
0.47581292771382433
0.5032403077903773
0.50763155487944
0.4925228604388726
0.4919359493260273
0.4972102827563504
0.47028588298725776
0.47013552578034046
0.478210954447662
0.47995701011992314
0.5124029078026788
0.5519853593205774
0.6219993062478901
0.630227374270456
0.6650611310735646
0.6738109079028557
0.6750638881797509
0.6252653734147388
0.5876860616988371
0.5667145850415259
0.552691280216331
0.5427721091702792
0.5421882160423454
0.5199608674387274
0.5089000733077547
0.5049522762763146
0.4936410454320234
0.4697392038585853
0.45529593150404957
0.4457329562219225
0.4302780385665481
0.4074759830638763
0.38897325222460255
0.374253773992053
0.37014372022991304
