-0.01831875082595711
-0.02156853991800682
-0.030012196897753397
-0.035529669907457116
-0.046322851112245884
-0.06496742668246713
-0.0807157202603633
-0.10339300756102136
-0.13217772903312475
-0.16798043160418497
-0.21786191808029223
-0.27832096091654845
-0.35508952819966194
-0.4480627105473073
-0.5586938453270346
-0.6797348427191788
-0.8086390868309085
-0.9271288409585349
-1.0245730921232326
-1.0845230479962207
-1.1045481000075532
-1.0764117003953728
-1.010489380847235
-0.9104117356750835
-0.7897943831318205
-0.6624250078404385
-0.5422316570486653
-0.4364466707194387
-0.34368372856232043
-0.2673369231422425
-0.20873854068995193
-0.16015582814181908
-0.12297150897539307
-0.09384804815980369
-0.07031074492774428
-0.05568799329426175
-0.03878850847859736
-0.02526710152547056
-0.022158225462073935
-0.01307023895075661
-0.008975478695699464
-0.004698660390221035
-0.008850219870169722
-0.016485169711263098
-0.019232989479894626
-0.029351570926995335
-0.04011827707983674
-0.055884070707618694
-0.07589255316581334
-0.10470772104061286
-0.1403427167790044
-0.1899574580092105
-0.2618603794739927
-0.35346422801217775
-0.4747700794593034
-0.6231831548196363
-0.7984385783517741
-0.9849142652089412
-1.1758979720722982
-1.3299635195491741
-1.4401405650895545
-1.4768345102194287
-1.4407359032628972
-1.330033413302659
-1.1688481063221348
-0.9882674791854517
-0.7918208201210569
-0.6239326802973592
-0.47280588724841094
-0.35620949860458695
-0.26041484013342736
-0.19113200561620397
-0.13791162008134614
-0.10196551788892788
-0.0715390968779449
-0.046567218531057386
-0.031002682499888017
-0.021553238280503824
-0.011822226271522832
-0.006915123375705297
-0.003418977068624167
0.004708407309068321
0.007044063648387611
0.00504778711687254
0.0019544757466242375
0.000259233638325945
-0.004674178022574192
-0.016983616702760766
-0.026231553846401686
-0.040389000151761924
-0.06474409188947014
-0.09988074688882038
-0.14978730201091736
-0.22066679319339225
-0.3274608293049365
-0.4769103513457914
-0.676480821375704
-0.927484908706979
-1.2184242326538435
-1.5263427766201352
-1.7875568725615174
-1.9728557057023082
-2.0422503391317632
-1.9874655267871417
-1.822304730256049
-1.5517659963498867
-1.2485308849701577
-0.9508217020021462
-0.6973616704534992
-0.49061515251679827
-0.340558298091418
-0.23052127611547485
-0.15270517343333118
-0.09931474115878333
-0.062370404141842965
-0.036293167494619985
-0.019677251431292113
-0.005801417968941373
0.0014529181722171087
0.005796481857608101
0.009559216192201262
0.014574623411788024
0.01621461178029681
0.019328974734647963
0.02291820627030986
0.024127909622919375
0.023199229949770764
0.02191043735679808
0.01960681145750733
0.011186382777359045
0.005399619916912915
-0.009533736305119493
-0.03462176090974874
-0.07980253180222542
-0.1503547531350927
-0.2637179448915496
-0.4387801293805179
-0.699976917695028
-1.061542302084903
-1.5218533245000807
-2.0246317405833403
-2.4788403421889025
-2.793138594322061
-2.927335355396077
-2.863433133525932
-2.5824974754303573
-2.135540949157662
-1.611235652080515
-1.1311102094660628
-0.7497261701326395
-0.477084472612674
-0.28945056542056063
-0.16657279868310929
-0.08764235661243154
-0.041054573990839685
-0.009583509596443144
0.004142224085336633
0.01777489942512035
0.024846462828096636
0.02964757597116735
0.029048282758578813
0.029245989517980325
0.03479351630491107
0.03180622944928772
0.03559915037786485
0.03958119858836533
0.0416235337520479
0.046747399153716764
0.05143942582491189
0.05466933486749864
0.05980431510493302
0.06265342372792809
0.06022048600600023
0.04788406855543228
0.021472130443907875
-0.033849165332925035
-0.1407348213230425
-0.3305439435578758
-0.6543156250896918
-1.1720171391062315
-1.9038813316257281
-2.7678966601631285
-3.5578950973217256
-4.094752892044418
-4.342967285419556
-4.290737532730009
-3.861421378928065
-3.050393304818395
-2.1087919688731156
-1.3060109074402932
-0.7454878585557188
-0.38913452874472265
-0.17487058953893095
-0.05470543259836831
0.011620724398948085
0.04206615985070883
0.05631760296452744
0.06246386027843817
0.06173064307855503
0.062129409617323446
0.057982402493849304
0.055913726639189115
0.05231936802204533
0.044409997885519324
0.04454390766565609
0.051208444282213876
0.05708187122605645
0.06653619095919432
0.07561616954201018
0.08342448697511276
0.09939418111721453
0.11358685703528577
0.12795169143024787
0.14676227135176786
0.15492828753574506
0.15822839531752975
0.1361636412006348
0.0643366614579068
-0.10644987722332827
-0.46543537772103555
-1.1662904285355602
-2.3490993313331674
-3.899244175798857
-5.305139680880059
-6.133994700350678
-6.52444127537791
-6.643571028648229
-6.084746122423351
-4.544563171877135
-2.723544909236983
-1.3871337652877025
-0.595575705941307
-0.17738671130488137
0.029952796899666533
0.11517101525096926
0.146074579007126
0.14972633228264556
0.1405379006122258
0.1282866294762449
0.11257837900809975
0.10398263940692003
0.08996034439721286
0.08380171706659517
0.0758144434808063
0.06773864022077866
0.060542821807285485
0.06701860254578253
0.07506830871441943
0.0873615082962772
0.10474566374212388
0.12075474185101961
0.14343060759350998
0.1706970542330224
0.20259606486499346
0.24366604378703582
0.28575344481579557
0.32876817196667957
0.36186842247892187
0.3585143436580741
0.2731623216244179
-0.03526488764010062
-0.8619584390172416
-2.7245076469149536
-5.668434492398188
-8.20589771692398
-9.144481734059891
-9.534613236629975
-10.238506412702034
-9.875439629701837
-6.910148002327988
-3.281061187312941
-1.1279820941915428
-0.15311960403562663
0.2387958561875508
0.35686885565027693
0.3638056560820486
0.32799465252503346
0.279848968134125
0.23856069094636728
0.20250633657205197
0.173511532322207
0.14689662492128888
0.12785789931553107
0.11351089914323213
0.09881204626960964
0.08833086245697283
0.07888409373231768
0.08542580026616738
0.09352088360552128
0.10902257643635263
0.13297506975016482
0.15774888231494227
0.19008268816868476
0.23140596459796972
0.27982748177725214
0.3458524638094141
0.4231464447147407
0.5436430164461906
0.659426257684059
0.7819931674906946
0.869243321099888
0.7924950929566619
0.11887010663897836
-2.4805169981637145
-8.188569160915497
-12.818911043614476
-12.963914627910723
-12.91434116984142
-14.801331915950115
-14.96065884815082
-9.654699675983101
-2.5540632303138797
0.07495787099546551
0.867671094292661
0.9745493916927681
0.8596860942197707
0.7032573754158365
0.5627459288454156
0.44776132891711223
0.3631144475536204
0.29260865571463635
0.2443375386244605
0.2056394095811209
0.17024357690961328
0.1477727211569562
0.12949045932771164
0.11288287276969913
0.09926722409424733
0.1046523517487662
0.12091652123688823
0.13852614850618905
0.17031389272389422
0.19952422125019417
0.24307054118607047
0.2987860713029001
0.36505120882888553
0.4566299013306769
0.5781182075325496
0.7346440611493164
0.9404878900580146
1.1932251857278593
1.4889849417187817
1.7363679394396818
1.4777570499538923
-1.5233315247106174
-12.252894043139792
-17.567150090146953
-16.709947687550862
-15.018569644671249
-16.10406153716982
-26.66618123246789
-14.263191099975014
-1.6687755898669663
1.9589231144735813
2.2705435158472755
1.836813239638366
1.3755652344122935
1.0220655655948447
0.7723918687091393
0.5897115092004267
0.4611836749584518
0.3658936718296234
0.3028045466970739
0.24669077487692948
0.2134860467739889
0.17890596056722358
0.15091400349443124
0.13420616614061998
0.11844568942479156
0.11661112257054009
0.1401239102525564
0.15970136567190396
0.19353663798047469
0.227509116335761
0.277810572658602
0.3458075882912848
0.4261779947369884
0.5437615334979278
0.6925705888500556
0.8962791719280896
1.1779884946210457
1.5559889594219762
2.0516498287101577
2.6144099199543844
2.779015236646243
-0.14360105543275958
-17.323231453739798
-30.310446471219137
-16.732136208759172
-16.129154993600665
-18.347722163182773
-20.31252665043117
-25.364505191949306
1.241298956020172
4.7829605475604255
3.7782913475014754
2.558799515540851
1.7712398040086572
1.2536243599181955
0.920141709704131
0.6912791984036318
0.5316743397262064
0.4243950098414376
0.3402670533651214
0.2775101182649911
0.23329847264717926
0.19644227754790394
0.16562040565655045
0.145345266438296
0.1298911083592425
0.12678963001829044
0.146199486526432
0.17339098757834817
0.19976555812242108
0.24680259432292245
0.3007903406501841
0.36981206304803044
0.463659665691594
0.5915894805940307
0.7556668231365937
0.992695519983638
1.3118236585072307
1.7604988480938042
2.381101623790972
3.216159656595354
4.108872399950412
3.3695778969888814
-11.461446399313628
-25.217454867654
-15.59140906466364
-13.750614523472198
-17.232334914975134
-24.183221879659047
-10.371119458406229
3.3252521490924662
5.58301661287263
4.216991844002983
2.8797880705808496
1.9791360922873211
1.4005963905474939
1.023636242962586
0.769692064872579
0.5958090540520741
0.47091185974126776
0.379022518201282
0.3109638336972449
0.2548891048643335
0.22116698948195446
0.18645367022088832
0.15899206084378473
0.13954000046638826
0.13781262250738363
0.16051107177170137
0.1832978314673904
0.2215193465850069
0.2624047299787459
0.31945051094294546
0.3966566832340105
0.4963465147061099
0.6237114093662541
0.7998222696439821
1.0367721324026677
1.3655880084289287
1.8149314599600632
2.440403144626233
3.2900185031687115
4.22963584412953
3.5731500315892277
-5.336053254703104
-15.343781283308951
-13.353821325272401
-11.015502203019754
-12.322639684473819
-13.602366573881449
-7.08498152830682
1.168590585886672
3.809562594788474
3.4762921612944218
2.624662003526745
1.9134887911473317
1.4099629798567364
1.0523073713086268
0.8055767962630767
0.6281107619215703
0.49597948658931224
0.40427924448311403
0.3340716057550709
0.277669507777026
0.23418854429003708
0.20276442125622646
0.1746827895137922
0.15225291572412128
0.1427056376543399
0.16628323859874528
0.19545616834515483
0.23679760885260856
0.27745795289854314
0.34026668928148507
0.41139479194048967
0.507965679376456
0.6329263998233866
0.8041003220225915
1.025027276427387
1.3187677301409213
1.7047272841560996
2.185971303710281
2.7111557715649255
2.93170466654226
1.4947540016839
-3.4540213499457493
-8.481222221610734
-8.7638173922309
-7.710927645589492
-7.34656196511195
-6.487024411790011
-3.4724258146164737
0.24218239000630962
2.1606524723538945
2.454172039901707
2.117686368843269
1.6810099406045282
1.3086467928345238
1.0205902334490853
0.7993225040605239
0.6365891110537947
0.5150333200533638
0.4209926312537924
0.3490046902289216
0.2934171684164846
0.25490429435317247
0.2161451964693095
0.18532059256419064
0.15830422255937474
0.15558611386122148
0.18033404645799947
0.20577960105515725
0.23805540736023936
0.28499757191386493
0.3424267137296827
0.4117140846757158
0.5010349832379437
0.6210209756181986
0.7704224825699261
0.9587188332056655
1.196796522585839
1.4793984467086159
1.7768183669960365
1.992301573707106
1.8152821099076062
0.6774386304970225
-1.6856817438438059
-3.920106592145229
-4.659825351536782
-4.427058012272937
-3.8637102190937127
-2.875214035197074
-1.3076125767086424
0.35161808706980135
1.4024438428443184
1.7338693985040678
1.6471895138299684
1.413724322538478
1.161463897777007
0.9454296487238247
0.766202277902583
0.6252533973335876
0.512859489208433
0.42279902336237546
0.3611122884233974
0.30084514854564276
0.2605136756804129
0.22506167847194683
0.1938379176630706
0.17068152170168868
0.16077333173047573
0.18123580065849737
0.21243639957535326
0.24395759709970583
0.2880370671757941
0.33896506850529595
0.4070760389212924
0.48756396764196336
0.591283263430996
0.7122431132353992
0.8652059599712717
1.0486760935810182
1.2326752916005825
1.404451269489866
1.4548377802890857
1.2291473126478218
0.5457657794017894
-0.5641870433269551
-1.6242682687217138
-2.170957343917386
-2.1787211595482296
-1.7979506060678563
-1.1371018645645137
-0.2789885288927846
0.5261469928714085
1.0766801995218136
1.3031481062590908
1.2991097092614363
1.176749696886359
1.0109246441253623
0.8520183892848102
0.7157235125123709
0.5929703924745047
0.5011633469552303
0.42050402408922766
0.3589149926843468
0.30852841775192913
0.2646531794653573
0.2300235294196917
0.2023270459278051
0.17179858754082034
0.16012022038958393
0.18438453216446052
0.21794164438400393
0.24801740000646388
0.2836993108456434
0.3367789641648006
0.39320250768856996
0.4656380922053222
0.5494274589853638
0.6523580588887312
0.7707709794338362
0.8999989492011298
1.0238427812943374
1.108044127957673
1.107095273946311
0.9368880438540248
0.5480919215318614
-0.005865089530359199
-0.5416624511973965
-0.874095962757514
-0.9221557462136212
-0.7100607762328064
-0.32371939673823275
0.1534117385593785
0.5907347943655974
0.8940164870010969
1.0370493045877078
1.0544080185342664
0.9836441089010761
0.8795650045493112
0.7658030469793871
0.6568676651774656
0.5630432489411346
0.48353910003041517
0.4149622576730079
0.3551032133137304
0.30506494426307634
0.26625475089095485
0.23056018039244475
0.2083850367987629
0.1793096294278884
0.16746647542462242
0.18484310586186523
0.21806134860048254
0.24543079393268152
0.282744524811123
0.3274267727973023
0.37869643172161277
0.4352782084326539
0.5096595021183868
0.592226963667302
0.6801890023132994
0.7735978147552179
0.8522275894417332
0.9037774214158835
0.8831830832786031
0.7662495493367172
0.5486229920430374
0.2506398578234697
-0.04233343071511511
-0.23631554756852222
-0.2771485819215687
-0.1642640481330478
0.06306352766912204
0.333955398411554
0.5880667736623533
0.7703348282287718
0.8624489717054673
0.8789205529618015
0.8418073969336203
0.7711460945440356
0.6886210719414031
0.608904820351402
0.5294121272667344
0.4582788887954281
0.3996084037118718
0.35058577202064695
0.3057331458025047
0.26077229006965064
0.23120742809296838
0.2089269415260565
0.18404831150081372
0.17077942245852779
0.19129980529863821
0.21523556408847472
0.2495462136211124
0.28140722729864104
0.31688938410167383
0.3621693763192612
0.4155841483079531
0.4715494465932312
0.5407231230113684
0.6107447052035351
0.6799578031354039
0.7289368266164966
0.7624602899183587
0.749244562612249
0.6709174293494459
0.5414652198211856
0.3727956647214956
0.2065936372541771
0.09096927051834328
0.06386163494600888
0.12393174958898977
0.25413398607429344
0.4181672803185131
0.5827237216136761
0.6903880841325034
0.755837197460436
0.7650620568907391
0.7447996521745326
0.6881213689558596
0.6263152127453661
0.5636325591291697
0.4987212035764129
0.4381981036563829
0.3885418749310837
0.3404586378858329
0.2956350253620959
0.2616995416954959
0.23157864453965898
0.20816143612308166
0.18442403609679317
0.17060271248631015
0.19344703470020988
0.21403930543356808
0.24526693404544456
0.279289704782776
0.3101267712001541
0.35184041863739285
0.3995859440327496
0.4495636106790072
0.5060185446396537
0.5562802120538104
0.6085054615413295
0.6508649324825392
0.6733359920199505
0.6620886590369073
0.6106999275157474
0.5388702679148856
0.43885474181491163
0.33864499960574634
0.2684172560362305
0.24993687672395973
0.28417870937817563
0.35999813159862654
0.46386759371027697
0.562970794731416
0.6394472873110364
0.6802448386749996
0.6890764244987903
0.67420763740947
0.6309339336263095
0.582379831029098
0.5236600656380684
0.473642890270599
0.41829897336987343
0.3753847933715658
0.33572030359192945
0.2932933655691078
0.2598532528298714
0.23039177179244405
0.20478878415419427
0.18412746563733384
0.1756330248593584
0.1978737232215127
0.22036911972977416
0.24632928648500765
0.2763720392471883
0.3133008312219124
0.3492271871447588
0.3920156082613973
0.43790015326705045
0.4858506012236055
0.5329652789576939
0.5753109987341021
0.6089712325303523
0.6279221035604488
0.6212731166151843
0.5898105986551155
0.5393597324423303
0.4750651777705044
0.4082452113737871
0.35964331205216105
0.3429622467599376
0.3628737067829922
0.4171516944430151
0.48387203700609055
0.5545362250667156
0.6098280350610574
0.6414112302257604
0.644827711069082
0.626198810908683
0.5935712672880324
0.5540697877629328
0.5036880010526091
0.4545091186675479
0.40744694317155616
0.3664630113413401
0.3286650220213203
0.2879220138459181
0.25516854197678956
0.23046238774180552
0.20370433054532172
0.18199410009445488
0.1792864863566873
0.20096779224562963
0.22200520319586636
0.2500762133999999
0.28101903324813854
0.31580079262628563
0.35157119523491115
0.394740060550155
0.43759512321224675
0.4862540661587223
0.5323349259436566
0.5724531932290637
0.6006489526622215
0.6210098611141273
0.6167008333657246
0.5918002440069144
0.5450282213123927
0.48652810276954206
0.431375594545307
0.3844911756137682
0.37314733533784145
0.3883726232796691
0.4312347025048853
0.4900535902624132
0.5495505965035298
0.594256942170739
0.6186432842448398
0.6236708607009877
0.6096404400234079
0.5771846997322971
0.5355781087875824
0.49043438826160235
0.4413162860757018
0.39780807417174563
0.35684355914570115
0.31866086096452645
0.2830330099892197
0.2571112903170783
0.22649161298609738
0.20119745068968606
0.1815572429985822
0.1756330248593584
0.1978737232215127
0.22036911972977416
0.24632928648500765
0.2763720392471883
0.3133008312219124
0.3492271871447588
0.3920156082613973
0.43790015326705045
0.4858506012236055
0.5329652789576939
0.5753109987341021
0.6089712325303523
0.6279221035604488
0.6212731166151843
0.5898105986551155
0.5393597324423303
0.4750651777705044
0.4082452113737871
0.35964331205216105
0.3429622467599376
0.3628737067829922
0.4171516944430151
0.48387203700609055
0.5545362250667156
0.6098280350610574
0.6414112302257604
0.644827711069082
0.626198810908683
0.5935712672880324
0.5540697877629328
0.5036880010526091
0.4545091186675479
0.40744694317155616
0.3664630113413401
0.3286650220213203
0.2879220138459181
0.25516854197678956
0.23046238774180552
0.20370433054532172
0.18199410009445488
0.17060271248631015
0.19344703470020988
0.21403930543356808
0.24526693404544456
0.279289704782776
0.3101267712001541
0.35184041863739285
0.3995859440327496
0.4495636106790072
0.5060185446396537
0.5562802120538104
0.6085054615413295
0.6508649324825392
0.6733359920199505
0.6620886590369073
0.6106999275157474
0.5388702679148856
0.43885474181491163
0.33864499960574634
0.2684172560362305
0.24993687672395973
0.28417870937817563
0.35999813159862654
0.46386759371027697
0.562970794731416
0.6394472873110364
0.6802448386749996
0.6890764244987903
0.67420763740947
0.6309339336263095
0.582379831029098
0.5236600656380684
0.473642890270599
0.41829897336987343
0.3753847933715658
0.33572030359192945
0.2932933655691078
0.2598532528298714
0.23039177179244405
0.20478878415419427
0.18412746563733384
0.17077942245852779
0.19129980529863821
0.21523556408847472
0.2495462136211124
0.28140722729864104
0.31688938410167383
0.3621693763192612
0.4155841483079531
0.4715494465932312
0.5407231230113684
0.6107447052035351
0.6799578031354039
0.7289368266164966
0.7624602899183587
0.749244562612249
0.6709174293494459
0.5414652198211856
0.3727956647214956
0.2065936372541771
0.09096927051834328
0.06386163494600888
0.12393174958898977
0.25413398607429344
0.4181672803185131
0.5827237216136761
0.6903880841325034
0.755837197460436
0.7650620568907391
0.7447996521745326
0.6881213689558596
0.6263152127453661
0.5636325591291697
0.4987212035764129
0.4381981036563829
0.3885418749310837
0.3404586378858329
0.2956350253620959
0.2616995416954959
0.23157864453965898
0.20816143612308166
0.18442403609679317
0.16746647542462242
0.18484310586186523
0.21806134860048254
0.24543079393268152
0.282744524811123
0.3274267727973023
0.37869643172161277
0.4352782084326539
0.5096595021183868
0.592226963667302
0.6801890023132994
0.7735978147552179
0.8522275894417332
0.9037774214158835
0.8831830832786031
0.7662495493367172
0.5486229920430374
0.2506398578234697
-0.04233343071511511
-0.23631554756852222
-0.2771485819215687
-0.1642640481330478
0.06306352766912204
0.333955398411554
0.5880667736623533
0.7703348282287718
0.8624489717054673
0.8789205529618015
0.8418073969336203
0.7711460945440356
0.6886210719414031
0.608904820351402
0.5294121272667344
0.4582788887954281
0.3996084037118718
0.35058577202064695
0.3057331458025047
0.26077229006965064
0.23120742809296838
0.2089269415260565
0.18404831150081372
0.16012022038958393
0.18438453216446052
0.21794164438400393
0.24801740000646388
0.2836993108456434
0.3367789641648006
0.39320250768856996
0.4656380922053222
0.5494274589853638
0.6523580588887312
0.7707709794338362
0.8999989492011298
1.0238427812943374
1.108044127957673
1.107095273946311
0.9368880438540248
0.5480919215318614
-0.005865089530359199
-0.5416624511973965
-0.874095962757514
-0.9221557462136212
-0.7100607762328064
-0.32371939673823275
0.1534117385593785
0.5907347943655974
0.8940164870010969
1.0370493045877078
1.0544080185342664
0.9836441089010761
0.8795650045493112
0.7658030469793871
0.6568676651774656
0.5630432489411346
0.48353910003041517
0.4149622576730079
0.3551032133137304
0.30506494426307634
0.26625475089095485
0.23056018039244475
0.2083850367987629
0.1793096294278884
0.16077333173047573
0.18123580065849737
0.21243639957535326
0.24395759709970583
0.2880370671757941
0.33896506850529595
0.4070760389212924
0.48756396764196336
0.591283263430996
0.7122431132353992
0.8652059599712717
1.0486760935810182
1.2326752916005825
1.404451269489866
1.4548377802890857
1.2291473126478218
0.5457657794017894
-0.5641870433269551
-1.6242682687217138
-2.170957343917386
-2.1787211595482296
-1.7979506060678563
-1.1371018645645137
-0.2789885288927846
0.5261469928714085
1.0766801995218136
1.3031481062590908
1.2991097092614363
1.176749696886359
1.0109246441253623
0.8520183892848102
0.7157235125123709
0.5929703924745047
0.5011633469552303
0.42050402408922766
0.3589149926843468
0.30852841775192913
0.2646531794653573
0.2300235294196917
0.2023270459278051
0.17179858754082034
0.15558611386122148
0.18033404645799947
0.20577960105515725
0.23805540736023936
0.28499757191386493
0.3424267137296827
0.4117140846757158
0.5010349832379437
0.6210209756181986
0.7704224825699261
0.9587188332056655
1.196796522585839
1.4793984467086159
1.7768183669960365
1.992301573707106
1.8152821099076062
0.6774386304970225
-1.6856817438438059
-3.920106592145229
-4.659825351536782
-4.427058012272937
-3.8637102190937127
-2.875214035197074
-1.3076125767086424
0.35161808706980135
1.4024438428443184
1.7338693985040678
1.6471895138299684
1.413724322538478
1.161463897777007
0.9454296487238247
0.766202277902583
0.6252533973335876
0.512859489208433
0.42279902336237546
0.3611122884233974
0.30084514854564276
0.2605136756804129
0.22506167847194683
0.1938379176630706
0.17068152170168868
0.1427056376543399
0.16628323859874528
0.19545616834515483
0.23679760885260856
0.27745795289854314
0.34026668928148507
0.41139479194048967
0.507965679376456
0.6329263998233866
0.8041003220225915
1.025027276427387
1.3187677301409213
1.7047272841560996
2.185971303710281
2.7111557715649255
2.93170466654226
1.4947540016839
-3.4540213499457493
-8.481222221610734
-8.7638173922309
-7.710927645589492
-7.34656196511195
-6.487024411790011
-3.4724258146164737
0.24218239000630962
2.1606524723538945
2.454172039901707
2.117686368843269
1.6810099406045282
1.3086467928345238
1.0205902334490853
0.7993225040605239
0.6365891110537947
0.5150333200533638
0.4209926312537924
0.3490046902289216
0.2934171684164846
0.25490429435317247
0.2161451964693095
0.18532059256419064
0.15830422255937474
0.13781262250738363
0.16051107177170137
0.1832978314673904
0.2215193465850069
0.2624047299787459
0.31945051094294546
0.3966566832340105
0.4963465147061099
0.6237114093662541
0.7998222696439821
1.0367721324026677
1.3655880084289287
1.8149314599600632
2.440403144626233
3.2900185031687115
4.22963584412953
3.5731500315892277
-5.336053254703104
-15.343781283308951
-13.353821325272401
-11.015502203019754
-12.322639684473819
-13.602366573881449
-7.08498152830682
1.168590585886672
3.809562594788474
3.4762921612944218
2.624662003526745
1.9134887911473317
1.4099629798567364
1.0523073713086268
0.8055767962630767
0.6281107619215703
0.49597948658931224
0.40427924448311403
0.3340716057550709
0.277669507777026
0.23418854429003708
0.20276442125622646
0.1746827895137922
0.15225291572412128
0.12678963001829044
0.146199486526432
0.17339098757834817
0.19976555812242108
0.24680259432292245
0.3007903406501841
0.36981206304803044
0.463659665691594
0.5915894805940307
0.7556668231365937
0.992695519983638
1.3118236585072307
1.7604988480938042
2.381101623790972
3.216159656595354
4.108872399950412
3.3695778969888814
-11.461446399313628
-25.217454867654
-15.59140906466364
-13.750614523472198
-17.232334914975134
-24.183221879659047
-10.371119458406229
3.3252521490924662
5.58301661287263
4.216991844002983
2.8797880705808496
1.9791360922873211
1.4005963905474939
1.023636242962586
0.769692064872579
0.5958090540520741
0.47091185974126776
0.379022518201282
0.3109638336972449
0.2548891048643335
0.22116698948195446
0.18645367022088832
0.15899206084378473
0.13954000046638826
0.11661112257054009
0.1401239102525564
0.15970136567190396
0.19353663798047469
0.227509116335761
0.277810572658602
0.3458075882912848
0.4261779947369884
0.5437615334979278
0.6925705888500556
0.8962791719280896
1.1779884946210457
1.5559889594219762
2.0516498287101577
2.6144099199543844
2.779015236646243
-0.14360105543275958
-17.323231453739798
-30.310446471219137
-16.732136208759172
-16.129154993600665
-18.347722163182773
-20.31252665043117
-25.364505191949306
1.241298956020172
4.7829605475604255
3.7782913475014754
2.558799515540851
1.7712398040086572
1.2536243599181955
0.920141709704131
0.6912791984036318
0.5316743397262064
0.4243950098414376
0.3402670533651214
0.2775101182649911
0.23329847264717926
0.19644227754790394
0.16562040565655045
0.145345266438296
0.1298911083592425
0.1046523517487662
0.12091652123688823
0.13852614850618905
0.17031389272389422
0.19952422125019417
0.24307054118607047
0.2987860713029001
0.36505120882888553
0.4566299013306769
0.5781182075325496
0.7346440611493164
0.9404878900580146
1.1932251857278593
1.4889849417187817
1.7363679394396818
1.4777570499538923
-1.5233315247106174
-12.252894043139792
-17.567150090146953
-16.709947687550862
-15.018569644671249
-16.10406153716982
-26.66618123246789
-14.263191099975014
-1.6687755898669663
1.9589231144735813
2.2705435158472755
1.836813239638366
1.3755652344122935
1.0220655655948447
0.7723918687091393
0.5897115092004267
0.4611836749584518
0.3658936718296234
0.3028045466970739
0.24669077487692948
0.2134860467739889
0.17890596056722358
0.15091400349443124
0.13420616614061998
0.11844568942479156
0.08542580026616738
0.09352088360552128
0.10902257643635263
0.13297506975016482
0.15774888231494227
0.19008268816868476
0.23140596459796972
0.27982748177725214
0.3458524638094141
0.4231464447147407
0.5436430164461906
0.659426257684059
0.7819931674906946
0.869243321099888
0.7924950929566619
0.11887010663897836
-2.4805169981637145
-8.188569160915497
-12.818911043614476
-12.963914627910723
-12.91434116984142
-14.801331915950115
-14.96065884815082
-9.654699675983101
-2.5540632303138797
0.07495787099546551
0.867671094292661
0.9745493916927681
0.8596860942197707
0.7032573754158365
0.5627459288454156
0.44776132891711223
0.3631144475536204
0.29260865571463635
0.2443375386244605
0.2056394095811209
0.17024357690961328
0.1477727211569562
0.12949045932771164
0.11288287276969913
0.09926722409424733
0.06701860254578253
0.07506830871441943
0.0873615082962772
0.10474566374212388
0.12075474185101961
0.14343060759350998
0.1706970542330224
0.20259606486499346
0.24366604378703582
0.28575344481579557
0.32876817196667957
0.36186842247892187
0.3585143436580741
0.2731623216244179
-0.03526488764010062
-0.8619584390172416
-2.7245076469149536
-5.668434492398188
-8.20589771692398
-9.144481734059891
-9.534613236629975
-10.238506412702034
-9.875439629701837
-6.910148002327988
-3.281061187312941
-1.1279820941915428
-0.15311960403562663
0.2387958561875508
0.35686885565027693
0.3638056560820486
0.32799465252503346
0.279848968134125
0.23856069094636728
0.20250633657205197
0.173511532322207
0.14689662492128888
0.12785789931553107
0.11351089914323213
0.09881204626960964
0.08833086245697283
0.07888409373231768
0.051208444282213876
0.05708187122605645
0.06653619095919432
0.07561616954201018
0.08342448697511276
0.09939418111721453
0.11358685703528577
0.12795169143024787
0.14676227135176786
0.15492828753574506
0.15822839531752975
0.1361636412006348
0.0643366614579068
-0.10644987722332827
-0.46543537772103555
-1.1662904285355602
-2.3490993313331674
-3.899244175798857
-5.305139680880059
-6.133994700350678
-6.52444127537791
-6.643571028648229
-6.084746122423351
-4.544563171877135
-2.723544909236983
-1.3871337652877025
-0.595575705941307
-0.17738671130488137
0.029952796899666533
0.11517101525096926
0.146074579007126
0.14972633228264556
0.1405379006122258
0.1282866294762449
0.11257837900809975
0.10398263940692003
0.08996034439721286
0.08380171706659517
0.0758144434808063
0.06773864022077866
0.060542821807285485
0.03559915037786485
0.03958119858836533
0.0416235337520479
0.046747399153716764
0.05143942582491189
0.05466933486749864
0.05980431510493302
0.06265342372792809
0.06022048600600023
0.04788406855543228
0.021472130443907875
-0.033849165332925035
-0.1407348213230425
-0.3305439435578758
-0.6543156250896918
-1.1720171391062315
-1.9038813316257281
-2.7678966601631285
-3.5578950973217256
-4.094752892044418
-4.342967285419556
-4.290737532730009
-3.861421378928065
-3.050393304818395
-2.1087919688731156
-1.3060109074402932
-0.7454878585557188
-0.38913452874472265
-0.17487058953893095
-0.05470543259836831
0.011620724398948085
0.04206615985070883
0.05631760296452744
0.06246386027843817
0.06173064307855503
0.062129409617323446
0.057982402493849304
0.055913726639189115
0.05231936802204533
0.044409997885519324
0.04454390766565609
0.019328974734647963
0.02291820627030986
0.024127909622919375
0.023199229949770764
0.02191043735679808
0.01960681145750733
0.011186382777359045
0.005399619916912915
-0.009533736305119493
-0.03462176090974874
-0.07980253180222542
-0.1503547531350927
-0.2637179448915496
-0.4387801293805179
-0.699976917695028
-1.061542302084903
-1.5218533245000807
-2.0246317405833403
-2.4788403421889025
-2.793138594322061
-2.927335355396077
-2.863433133525932
-2.5824974754303573
-2.135540949157662
-1.611235652080515
-1.1311102094660628
-0.7497261701326395
-0.477084472612674
-0.28945056542056063
-0.16657279868310929
-0.08764235661243154
-0.041054573990839685
-0.009583509596443144
0.004142224085336633
0.01777489942512035
0.024846462828096636
0.02964757597116735
0.029048282758578813
0.029245989517980325
0.03479351630491107
0.03180622944928772
0.007044063648387611
0.00504778711687254
0.0019544757466242375
0.000259233638325945
-0.004674178022574192
-0.016983616702760766
-0.026231553846401686
-0.040389000151761924
-0.06474409188947014
-0.09988074688882038
-0.14978730201091736
-0.22066679319339225
-0.3274608293049365
-0.4769103513457914
-0.676480821375704
-0.927484908706979
-1.2184242326538435
-1.5263427766201352
-1.7875568725615174
-1.9728557057023082
-2.0422503391317632
-1.9874655267871417
-1.822304730256049
-1.5517659963498867
-1.2485308849701577
-0.9508217020021462
-0.6973616704534992
-0.49061515251679827
-0.340558298091418
-0.23052127611547485
-0.15270517343333118
-0.09931474115878333
-0.062370404141842965
-0.036293167494619985
-0.019677251431292113
-0.005801417968941373
0.0014529181722171087
0.005796481857608101
0.009559216192201262
0.014574623411788024
0.01621461178029681
-0.004698660390221035
-0.008850219870169722
-0.016485169711263098
-0.019232989479894626
-0.029351570926995335
-0.04011827707983674
-0.055884070707618694
-0.07589255316581334
-0.10470772104061286
-0.1403427167790044
-0.1899574580092105
-0.2618603794739927
-0.35346422801217775
-0.4747700794593034
-0.6231831548196363
-0.7984385783517741
-0.9849142652089412
-1.1758979720722982
-1.3299635195491741
-1.4401405650895545
-1.4768345102194287
-1.4407359032628972
-1.330033413302659
-1.1688481063221348
-0.9882674791854517
-0.7918208201210569
-0.6239326802973592
-0.47280588724841094
-0.35620949860458695
-0.26041484013342736
-0.19113200561620397
-0.13791162008134614
-0.10196551788892788
-0.0715390968779449
-0.046567218531057386
-0.031002682499888017
-0.021553238280503824
-0.011822226271522832
-0.006915123375705297
-0.003418977068624167
0.004708407309068321
-0.01831875082595711
-0.02156853991800682
-0.030012196897753397
-0.035529669907457116
-0.046322851112245884
-0.06496742668246713
-0.0807157202603633
-0.10339300756102136
-0.13217772903312475
-0.16798043160418497
-0.21786191808029223
-0.27832096091654845
-0.35508952819966194
-0.4480627105473073
-0.5586938453270346
-0.6797348427191788
-0.8086390868309085
-0.9271288409585349
-1.0245730921232326
-1.0845230479962207
-1.1045481000075532
-1.0764117003953728
-1.010489380847235
-0.9104117356750835
-0.7897943831318205
-0.6624250078404385
-0.5422316570486653
-0.4364466707194387
-0.34368372856232043
-0.2673369231422425
-0.20873854068995193
-0.16015582814181908
-0.12297150897539307
-0.09384804815980369
-0.07031074492774428
-0.05568799329426175
-0.03878850847859736
-0.02526710152547056
-0.022158225462073935
-0.01307023895075661
-0.008975478695699464
