-0.26473776712395686
-0.27237134649584227
-0.27865806045777286
-0.281962996948611
-0.2813968700165887
-0.27508240323797306
-0.2620016123854913
-0.23798207094315993
-0.19976941566265582
-0.1435192022717246
-0.06394922529039938
0.046592050494188755
0.19232531995856278
0.3760466810290904
0.5955144698580966
0.8397970102930457
1.096257685902469
1.338759841605904
1.5431204291800593
1.677000694785396
1.7298490336133454
1.691553697519247
1.5592509638596384
1.3456721839513706
1.0798446860976065
0.7948079562201931
0.5262508189218639
0.2927463786417085
0.10477233854098093
-0.03784040987332516
-0.14097654549584088
-0.21200286829476314
-0.25842949789283864
-0.28629942010482606
-0.3023370169323845
-0.3086020236162659
-0.30886652462397196
-0.3048728508937372
-0.29730686681540636
-0.2883826273379173
-0.277736234559989
-0.29982349467063213
-0.3122498810605408
-0.3231320296889055
-0.332247593361919
-0.33857650733981487
-0.33902861182013605
-0.3336497022762886
-0.31750099574713075
-0.2863692146850885
-0.23536416829658133
-0.15678232950703308
-0.03835465828591084
0.12582677785148455
0.34664677796565757
0.6202478852886186
0.9456255322488607
1.2915601697596217
1.6253495133723839
1.9075731353463043
2.1019734661481047
2.1871849200700786
2.1424329148694645
1.9612900599277516
1.6591456173147616
1.2818834741316816
0.885180271593635
0.5230227148854797
0.22624454355576468
0.0025950503447364497
-0.15414913633978017
-0.25714039419411366
-0.32208385911115833
-0.3589534804414767
-0.3769919589310459
-0.38130335277893074
-0.3776427987270629
-0.36960300382848676
-0.35762011800964383
-0.34383390507733597
-0.32888440917020956
-0.31378474243550536
-0.33650261813989024
-0.3538063751650137
-0.3709690376633135
-0.38667521584144127
-0.4010187769902608
-0.41112243042610613
-0.41580256160626616
-0.41180871682406245
-0.3924854673867565
-0.35295783546346976
-0.28181856626522933
-0.1637141843783361
0.016975950330472757
0.2753118717905205
0.6231374076323276
1.0539305847056641
1.5346095761654017
2.006436829791496
2.397522479463592
2.6736781869931465
2.808810846549644
2.768004709351814
2.536226799541135
2.1022710156315503
1.5469537239588547
0.9692492446227766
0.47492264353024916
0.09894756025746698
-0.15902670440620215
-0.32110326634641384
-0.4126913290749668
-0.46069832092668417
-0.47973617596858653
-0.4805807656502216
-0.4703753239492327
-0.4542834209874536
-0.43535379559670606
-0.4148736855246924
-0.3933856877062924
-0.37174940878329515
-0.35148072338310155
-0.37461059394130813
-0.39719912525637124
-0.42081744746773697
-0.4446496727427926
-0.468454649933543
-0.4904415029410871
-0.508093801376951
-0.5196442865185199
-0.5188782625229742
-0.4987811212902017
-0.44596055495846754
-0.3414852934463436
-0.15707976712232857
0.1357027225647573
0.5722271207770913
1.1553734850661486
1.8364545597148245
2.5141098862547553
3.060350958802314
3.431915125790974
3.641273470564468
3.654761358506658
3.3840153779615982
2.7503527125988327
1.890075753211413
1.0239086143276692
0.33566119550701085
-0.13123254144963356
-0.4076430400034899
-0.5525501756786318
-0.6150407223787844
-0.6302947339971388
-0.620383397631593
-0.5976356296521936
-0.5687495855680095
-0.5375123785122429
-0.5050767874341312
-0.4746827380880821
-0.4449334700155651
-0.41648256459017385
-0.39036530865721514
-0.4125933464047089
-0.4410902501048345
-0.47171170904416193
-0.5045069997034111
-0.5381123278697589
-0.5728873319271476
-0.6076222411911573
-0.6391997759114104
-0.6644678378924121
-0.6745470249642188
-0.6559273896019064
-0.5851967481599545
-0.42570393708155224
-0.11776119121692231
0.4077832264698005
1.2039434404673666
2.2148586446574323
3.2296306447249408
3.9735396830399914
4.387425901043851
4.674598829563111
4.8877843778437144
4.698096245687459
3.757712944665161
2.320253396998604
0.9663688860207035
0.016957544148123768
-0.5210135708886618
-0.7728766403078768
-0.8590003105734533
-0.8634187842934916
-0.8282200630556188
-0.7782162178220271
-0.7259003465780478
-0.6725070646165718
-0.6228859713487236
-0.577417277626827
-0.5353552907205087
-0.4968258335497595
-0.4613267271501159
-0.4292591399695123
-0.4507120470150968
-0.485183442148102
-0.5226250151495581
-0.5637246039914906
-0.6090091258601201
-0.6579445631630964
-0.7113199164089697
-0.7673143355893758
-0.8233704103366856
-0.8753311072778265
-0.9100418145274576
-0.9078472771160199
-0.8191738071370457
-0.5570925458735582
0.018014863855674912
1.0709199681970445
2.631860246820677
4.2777527221746965
5.218698174631821
5.373656626327202
5.586011077084603
6.332496368590681
6.6084039965403605
5.154489100808848
2.655673706502071
0.560010277596913
-0.6350888204605557
-1.1435990795965585
-1.272742135839605
-1.238609469259627
-1.1471462439997873
-1.0427644176392044
-0.9443341169292188
-0.8575357124593898
-0.7793632500496459
-0.7104390928917543
-0.649261833572348
-0.595908260052302
-0.5482427839809743
-0.5052196624236243
-0.4677131183609102
-0.48795578297614517
-0.5280101515432158
-0.5723685596646114
-0.6215752850983793
-0.6774624075141373
-0.7397866813938405
-0.811952471078486
-0.893862623831856
-0.986073738797247
-1.0892770219575847
-1.1990964198230412
-1.3024894038328514
-1.3583464982114186
-1.2688477046907287
-0.8107537539507077
0.38784628775968877
2.709887412599852
5.524479610185791
6.678963332681903
5.543592444708542
4.978121709644192
6.668621327164354
8.070757113092926
5.777999277680506
1.8007434955061046
-0.7719577914013536
-1.8373161446020367
-2.0441885020479282
-1.8969050113240489
-1.663864161592856
-1.4442895630581687
-1.2600452619591807
-1.1094454968196958
-0.9842618601921179
-0.8806282528342049
-0.792438774421942
-0.7182836070619815
-0.6532582458274807
-0.5974465629192823
-0.5480592001295634
-0.5041303691591816
-0.5227648438107955
-0.5684762248049265
-0.6183851256109766
-0.675013414965392
-0.7407638821942053
-0.8161769156799251
-0.9044477662393751
-1.0097078883546249
-1.1369121940933058
-1.2927675660058076
-1.4972124621075897
-1.7414660141057952
-2.029953832920852
-2.31266902742041
-2.406726858759158
-1.854252779264579
0.23189382603515618
4.119872759358943
5.695245854154232
2.3305204531147594
-0.3378715036208808
1.311497660611217
-0.37763716626755023
-3.630504649922075
-4.257246307863163
-3.959809288190623
-3.657176162847604
-3.1122254537072767
-2.534775796895727
-2.064989203961291
-1.7119542562472962
-1.4503197567186148
-1.252267086226096
-1.095219139071752
-0.970467739713579
-0.8666093393205221
-0.7802605648830766
-0.7070671846319472
-0.6435817213038831
-0.5884053019552014
-0.5386215862208391
-0.5554579435651671
-0.6053617277228008
-0.6609553615208079
-0.7235846280706401
-0.7968006728982308
-0.8819168443106877
-0.9845088566408194
-1.1079310287985655
-1.26217806798461
-1.464273419603551
-1.7357305060375101
-2.1130873711856455
-2.6501817160886794
-3.4088544751190737
-4.4495116251400955
-5.926392197556841
-8.43135418150009
-11.01816530116841
-10.130213019754557
-1.7947560537568932
-13.417729059334635
-21.909748144837423
-30.69069867967758
-31.68936651484815
-14.204715595133388
-7.506713518132744
-5.243675135608551
-3.8990814423957785
-2.9574616895952333
-2.3187016583641378
-1.8869120928701804
-1.5789192894129853
-1.3540360819914263
-1.1795102051724216
-1.040492352502757
-0.9264757197530018
-0.8322356071761441
-0.7528675425549485
-0.6838414376511154
-0.6232092064507662
-0.5704429026410452
-0.5832270298776578
-0.6359343221320789
-0.695130651448906
-0.7622561871377459
-0.8394714354847408
-0.9304983468659882
-1.0390807381583471
-1.1716258390588468
-1.3380137592763501
-1.5606995782465334
-1.8684275350979327
-2.3198577052567795
-3.0112976207495934
-4.098414934556692
-5.882454276083228
-9.340171813659136
-18.48386497168441
-37.8149545510039
-39.115371062601
-29.59617489445972
-20.14359265347795
-29.056901035082443
-50.74708076267603
-35.13103956178818
-14.149979818443237
-8.037831991486774
-5.3914933378933805
-3.877046970020786
-2.9512053151169444
-2.3443158736136516
-1.9263322340656657
-1.628109361620949
-1.4054946875067786
-1.2281806770956252
-1.0867219351230764
-0.970267795975438
-0.8726217218997858
-0.7895689194666354
-0.716429789983267
-0.6542060899325249
-0.5997236863205947
-0.6065225631468842
-0.6607070417820946
-0.7210386836319066
-0.789137482982407
-0.867529116574258
-0.9567584452114094
-1.0628300924121392
-1.1916504040599223
-1.3527902547364954
-1.561513311300913
-1.847468234609631
-2.2597436212848625
-2.8881754364628023
-3.8631323359249463
-5.367359077556496
-7.892423454901965
-12.938057385731945
-22.93744039809962
-30.359284136283836
-17.821433711583563
-11.873593890386053
-8.153023429370876
-4.50714006160327
-8.221252377833434
-5.311815601465275
-4.414581577698602
-3.683899109166691
-3.0406573567445583
-2.5303930613545274
-2.1367211399288637
-1.8332458349917304
-1.5924283512956883
-1.3996428356841615
-1.2400425606366772
-1.1085568961788188
-0.9967184660268285
-0.9009493332913869
-0.8167657516915322
-0.7442460348531484
-0.679871762876501
-0.6228031795380757
-0.6269490110429621
-0.6816097130335901
-0.7419797124634623
-0.8088927788411203
-0.8851451687405099
-0.9696768428108642
-1.067157068582427
-1.1805472390764102
-1.3157813427359897
-1.4821228269242392
-1.695459378892335
-1.9818266771998814
-2.3641944568104676
-2.853374574548655
-3.3550321914112846
-3.543594116223248
-2.5672818552393735
0.09975968612072351
0.7217237555028213
0.6604624726507352
0.9828101396855481
4.38635782158727
8.331350037244603
6.220573024912705
2.1584481093557293
-0.3925820955902447
-1.4779414921506662
-1.8340808518281995
-1.867246879893503
-1.7744688458754492
-1.6347717628640508
-1.4873764676151386
-1.3468025947018984
-1.2188820456858303
-1.1054610938684604
-1.0050833191207333
-0.9145348622699712
-0.8337547507028767
-0.762605864387585
-0.6993072507293361
-0.6419177086480792
-0.643148860698249
-0.696893420083257
-0.7558888557851291
-0.8205295879793575
-0.8908670960681103
-0.9674502944504928
-1.0504412998269759
-1.1392475848112322
-1.2373736696706836
-1.3419773796359888
-1.4518964433089179
-1.5619210395280902
-1.6329320076243512
-1.5742809090420884
-1.1296890111931839
0.2229501109351052
3.236515679657869
7.699909222846538
9.815837894341819
8.232262366682681
7.214752184758043
8.067674299714325
9.14865096403429
7.841608675843068
4.6810446302086435
1.8965744899053352
0.16469453317387114
-0.7603825529881282
-1.19258706497257
-1.3528439653285336
-1.3766573093870336
-1.3304115812549842
-1.254465612559695
-1.1688932883532774
-1.0805959415606086
-0.9966407600586243
-0.9165772208341568
-0.8430531040576217
-0.774938111174516
-0.7122805503942047
-0.6549249257050138
-0.6552579070147594
-0.7077691242874234
-0.7648212005762032
-0.824514082319936
-0.8859538720105902
-0.9501737091664859
-1.0136479338676354
-1.073743084571049
-1.1252565876689007
-1.1602174435904553
-1.1639662345575852
-1.104308110063495
-0.9188767289257884
-0.49058561913150717
0.39948495888023855
2.0524011152225454
4.631386970710122
7.48763312434179
8.974010570396022
8.718880371902856
8.195316033550425
8.07692796782715
7.864431023587495
6.746306092204944
4.752326633059661
2.677075346351005
1.0648019333473475
0.004101866623534091
-0.6220731501839628
-0.954468623374114
-1.1070933564304934
-1.1535806098272434
-1.1407532562005491
-1.0993855045370424
-1.0407422453853987
-0.9750395073661958
-0.9086770059258079
-0.8424498792604991
-0.780026680347274
-0.7213352452048726
-0.6663072951334319
-0.6635362916115398
-0.7144321424645174
-0.7671274992188878
-0.8206823272867095
-0.8732532996030845
-0.9239764448460918
-0.9662298124590106
-0.9964359620851712
-1.0041101072376981
-0.9739987987941825
-0.8848677930157318
-0.6973667249052737
-0.35355338764459376
0.24154666283945006
1.2065230236635611
2.634478338488838
4.4490948092929266
6.226732805796231
7.335390123539458
7.645103162288641
7.536776080284996
7.277343554647102
6.765241972428424
5.783950288064271
4.382181252024802
2.8523145948370114
1.5111811320179172
0.4993317623237182
-0.1845583838850473
-0.6105204604887972
-0.8537781614446935
-0.9757489407333377
-1.02024547820725
-1.0187333601156356
-0.9916285945977836
-0.9465927477729238
-0.8931047782184169
-0.8369079662602524
-0.7807862936206185
-0.7255886852548346
-0.673250834820872
-0.6683261091916616
-0.71631000407927
-0.7661791992102958
-0.8130897162375034
-0.8570920605612908
-0.8933685270695176
-0.915235859171811
-0.9159204989159346
-0.8848022372567439
-0.8022916078810904
-0.6437250077978576
-0.3751481728241464
0.051720707168466336
0.6917921035630109
1.5944031736713549
2.7569788147565517
4.0774771220681085
5.318178125432495
6.210615985750551
6.649409636099253
6.720796910560451
6.505253573143646
6.005029502352562
5.167147766273547
4.069971042116192
2.864428347918036
1.7414499829997463
0.82045878723156
0.137535059078605
-0.332345121215971
-0.6340273134299361
-0.8110660445625804
-0.903516660235127
-0.9393057616306526
-0.9381667678503075
-0.9128379917424697
-0.8740295075040543
-0.8275495097195475
-0.7782160363759374
-0.7269583506181746
-0.6776161411270476
-0.671597965056292
-0.7173659243671521
-0.7621125768893225
-0.8038996460639932
-0.839816221125311
-0.8630059792545662
-0.8676171259934663
-0.8448556364655732
-0.7809338296683649
-0.6580001853558765
-0.45317070364942935
-0.13538459705128947
0.32669669695902576
0.9626383673213996
1.782163380927442
2.7589605685372685
3.801562896498632
4.762537931673734
5.509710766249414
5.946842539817073
6.070903038019156
5.909637702045313
5.460366560418585
4.745400585194747
3.8329774809529296
2.8297397320295765
1.864810069473354
1.0300360180442831
0.36906155464133494
-0.11859382830758444
-0.4534432942575942
-0.6698404289997351
-0.7999318257127905
-0.8648115161164808
-0.8873584334507377
-0.8804361239131674
-0.8539285192028773
-0.8166643591442831
-0.7725644936626118
-0.7265184391093825
-0.6794806066299455
-0.6734537680646016
-0.7167711264838585
-0.758087141532967
-0.7944540212317781
-0.8219233299404541
-0.8355661138002745
-0.8274869239272638
-0.7848011961109209
-0.6975804828484332
-0.5459410079309444
-0.3108592109015451
0.03372834404063813
0.5070314888661929
1.1253565811120059
1.879072262974235
2.73054101940675
3.607971810710028
4.413591692544663
5.063216925704089
5.469297197967915
5.608984615427437
5.47869542732362
5.080434442547872
4.456752513214811
3.66302454080886
2.788630023739365
1.9299141839348408
1.1637206367309894
0.529012904577964
0.03956589922639802
-0.315843488025283
-0.5584315963567075
-0.7133236209095472
-0.8015781461496698
-0.8421866296232707
-0.8490932763131053
-0.8342322314086995
-0.8055303129539229
-0.7679324223672159
-0.7253966078656655
-0.680879004217425
-0.6759183529291147
-0.7176044535430354
-0.7552967838062022
-0.7880122642507554
-0.8107780892638516
-0.8156390848238522
-0.7976309908769509
-0.7428138104516366
-0.6382307792121296
-0.468904534958486
-0.2148449340506553
0.1439970368757278
0.6217194943494312
1.2204594884755484
1.9293777835342072
2.70665118772696
3.4923343858751164
4.214556222555272
4.792242425862009
5.164179751495236
5.295042762355599
5.182588146235559
4.818747793074426
4.253620602750965
3.5374083764963427
2.7482617321090013
1.962275198506216
1.2434879037865973
0.6328888412619376
0.14642532861186422
-0.21898306948042323
-0.47642111480334876
-0.6489481520233005
-0.7536028177574072
-0.8073922724793742
-0.8253055957602432
-0.8193159531722447
-0.796403666001716
-0.7625427005992699
-0.7227112517368476
-0.6808957008591614
-0.6770823135388084
-0.7179833442675583
-0.7548863773749053
-0.78479514880973
-0.8037177121576282
-0.8046672136866015
-0.7796574845704433
-0.7167055487874979
-0.602828434825606
-0.4240338880942338
-0.15833395340044593
0.20728228692056275
0.685837792902175
1.2743728724859187
1.9589349074469975
2.696589217856332
3.4423658104549
4.115323623574854
4.652465271482523
4.999746213558287
5.121085457499321
5.007396262984869
4.664628876079778
4.133766664175393
3.4618364428731354
2.71586812962939
1.973888511027897
1.28391978678497
0.6899737541075234
0.20805274971760132
-0.16085085672833271
-0.42774955264882314
-0.6086563614264957
-0.7215813902594823
-0.7845284442581034
-0.8094986767829495
-0.8074898483157752
-0.788496802680113
-0.75751642476287
-0.7205434481017214
-0.6785765388124947
-0.6779650170304589
-0.7179588828998174
-0.7549517807121477
-0.7859435995198553
-0.8039346644135661
-0.802925318608771
-0.7759163509721363
-0.7099094600196022
-0.591906901085399
-0.4089121391021499
-0.1409300967021411
0.22803328303715142
0.7079723325824016
1.2948838229256794
1.9717673362943768
2.701628481229398
3.43647728846114
4.091331604493773
4.609211179952366
4.946128891131615
5.06609986973913
4.946129156056209
4.608211273588257
4.090332511778159
3.4344768727191366
2.6996290451402
1.9717674777499827
1.2938837347147811
0.7079722582407356
0.22703306558388542
-0.14193036449186378
-0.4099123387562098
-0.5919072161252311
-0.7099097663657706
-0.7759167077844464
-0.8029256372564125
-0.8029349461548689
-0.7859437923738545
-0.7549519480388373
-0.7179590728154962
-0.6779651429502227
-0.6770823135388084
-0.7179833442675583
-0.7548863773749053
-0.78479514880973
-0.8037177121576282
-0.8046672136866015
-0.7796574845704433
-0.7167055487874979
-0.602828434825606
-0.4240338880942338
-0.15833395340044593
0.20728228692056275
0.685837792902175
1.2743728724859187
1.9589349074469975
2.696589217856332
3.4423658104549
4.115323623574854
4.652465271482523
4.999746213558287
5.121085457499321
5.007396262984869
4.664628876079778
4.133766664175393
3.4618364428731354
2.71586812962939
1.973888511027897
1.28391978678497
0.6899737541075234
0.20805274971760132
-0.16085085672833271
-0.42774955264882314
-0.6086563614264957
-0.7215813902594823
-0.7845284442581034
-0.8094986767829495
-0.8074898483157752
-0.788496802680113
-0.75751642476287
-0.7205434481017214
-0.6785765388124947
-0.6759183529291147
-0.7176044535430354
-0.7552967838062022
-0.7880122642507554
-0.8107780892638516
-0.8156390848238522
-0.7976309908769509
-0.7428138104516366
-0.6382307792121296
-0.468904534958486
-0.2148449340506553
0.1439970368757278
0.6217194943494312
1.2204594884755484
1.9293777835342072
2.70665118772696
3.4923343858751164
4.214556222555272
4.792242425862009
5.164179751495236
5.295042762355599
5.182588146235559
4.818747793074426
4.253620602750965
3.5374083764963427
2.7482617321090013
1.962275198506216
1.2434879037865973
0.6328888412619376
0.14642532861186422
-0.21898306948042323
-0.47642111480334876
-0.6489481520233005
-0.7536028177574072
-0.8073922724793742
-0.8253055957602432
-0.8193159531722447
-0.796403666001716
-0.7625427005992699
-0.7227112517368476
-0.6808957008591614
-0.6734537680646016
-0.7167711264838585
-0.758087141532967
-0.7944540212317781
-0.8219233299404541
-0.8355661138002745
-0.8274869239272638
-0.7848011961109209
-0.6975804828484332
-0.5459410079309444
-0.3108592109015451
0.03372834404063813
0.5070314888661929
1.1253565811120059
1.879072262974235
2.73054101940675
3.607971810710028
4.413591692544663
5.063216925704089
5.469297197967915
5.608984615427437
5.47869542732362
5.080434442547872
4.456752513214811
3.66302454080886
2.788630023739365
1.9299141839348408
1.1637206367309894
0.529012904577964
0.03956589922639802
-0.315843488025283
-0.5584315963567075
-0.7133236209095472
-0.8015781461496698
-0.8421866296232707
-0.8490932763131053
-0.8342322314086995
-0.8055303129539229
-0.7679324223672159
-0.7253966078656655
-0.680879004217425
-0.671597965056292
-0.7173659243671521
-0.7621125768893225
-0.8038996460639932
-0.839816221125311
-0.8630059792545662
-0.8676171259934663
-0.8448556364655732
-0.7809338296683649
-0.6580001853558765
-0.45317070364942935
-0.13538459705128947
0.32669669695902576
0.9626383673213996
1.782163380927442
2.7589605685372685
3.801562896498632
4.762537931673734
5.509710766249414
5.946842539817073
6.070903038019156
5.909637702045313
5.460366560418585
4.745400585194747
3.8329774809529296
2.8297397320295765
1.864810069473354
1.0300360180442831
0.36906155464133494
-0.11859382830758444
-0.4534432942575942
-0.6698404289997351
-0.7999318257127905
-0.8648115161164808
-0.8873584334507377
-0.8804361239131674
-0.8539285192028773
-0.8166643591442831
-0.7725644936626118
-0.7265184391093825
-0.6794806066299455
-0.6683261091916616
-0.71631000407927
-0.7661791992102958
-0.8130897162375034
-0.8570920605612908
-0.8933685270695176
-0.915235859171811
-0.9159204989159346
-0.8848022372567439
-0.8022916078810904
-0.6437250077978576
-0.3751481728241464
0.051720707168466336
0.6917921035630109
1.5944031736713549
2.7569788147565517
4.0774771220681085
5.318178125432495
6.210615985750551
6.649409636099253
6.720796910560451
6.505253573143646
6.005029502352562
5.167147766273547
4.069971042116192
2.864428347918036
1.7414499829997463
0.82045878723156
0.137535059078605
-0.332345121215971
-0.6340273134299361
-0.8110660445625804
-0.903516660235127
-0.9393057616306526
-0.9381667678503075
-0.9128379917424697
-0.8740295075040543
-0.8275495097195475
-0.7782160363759374
-0.7269583506181746
-0.6776161411270476
-0.6635362916115398
-0.7144321424645174
-0.7671274992188878
-0.8206823272867095
-0.8732532996030845
-0.9239764448460918
-0.9662298124590106
-0.9964359620851712
-1.0041101072376981
-0.9739987987941825
-0.8848677930157318
-0.6973667249052737
-0.35355338764459376
0.24154666283945006
1.2065230236635611
2.634478338488838
4.4490948092929266
6.226732805796231
7.335390123539458
7.645103162288641
7.536776080284996
7.277343554647102
6.765241972428424
5.783950288064271
4.382181252024802
2.8523145948370114
1.5111811320179172
0.4993317623237182
-0.1845583838850473
-0.6105204604887972
-0.8537781614446935
-0.9757489407333377
-1.02024547820725
-1.0187333601156356
-0.9916285945977836
-0.9465927477729238
-0.8931047782184169
-0.8369079662602524
-0.7807862936206185
-0.7255886852548346
-0.673250834820872
-0.6552579070147594
-0.7077691242874234
-0.7648212005762032
-0.824514082319936
-0.8859538720105902
-0.9501737091664859
-1.0136479338676354
-1.073743084571049
-1.1252565876689007
-1.1602174435904553
-1.1639662345575852
-1.104308110063495
-0.9188767289257884
-0.49058561913150717
0.39948495888023855
2.0524011152225454
4.631386970710122
7.48763312434179
8.974010570396022
8.718880371902856
8.195316033550425
8.07692796782715
7.864431023587495
6.746306092204944
4.752326633059661
2.677075346351005
1.0648019333473475
0.004101866623534091
-0.6220731501839628
-0.954468623374114
-1.1070933564304934
-1.1535806098272434
-1.1407532562005491
-1.0993855045370424
-1.0407422453853987
-0.9750395073661958
-0.9086770059258079
-0.8424498792604991
-0.780026680347274
-0.7213352452048726
-0.6663072951334319
-0.643148860698249
-0.696893420083257
-0.7558888557851291
-0.8205295879793575
-0.8908670960681103
-0.9674502944504928
-1.0504412998269759
-1.1392475848112322
-1.2373736696706836
-1.3419773796359888
-1.4518964433089179
-1.5619210395280902
-1.6329320076243512
-1.5742809090420884
-1.1296890111931839
0.2229501109351052
3.236515679657869
7.699909222846538
9.815837894341819
8.232262366682681
7.214752184758043
8.067674299714325
9.14865096403429
7.841608675843068
4.6810446302086435
1.8965744899053352
0.16469453317387114
-0.7603825529881282
-1.19258706497257
-1.3528439653285336
-1.3766573093870336
-1.3304115812549842
-1.254465612559695
-1.1688932883532774
-1.0805959415606086
-0.9966407600586243
-0.9165772208341568
-0.8430531040576217
-0.774938111174516
-0.7122805503942047
-0.6549249257050138
-0.6269490110429621
-0.6816097130335901
-0.7419797124634623
-0.8088927788411203
-0.8851451687405099
-0.9696768428108642
-1.067157068582427
-1.1805472390764102
-1.3157813427359897
-1.4821228269242392
-1.695459378892335
-1.9818266771998814
-2.3641944568104676
-2.853374574548655
-3.3550321914112846
-3.543594116223248
-2.5672818552393735
0.09975968612072351
0.7217237555028213
0.6604624726507352
0.9828101396855481
4.38635782158727
8.331350037244603
6.220573024912705
2.1584481093557293
-0.3925820955902447
-1.4779414921506662
-1.8340808518281995
-1.867246879893503
-1.7744688458754492
-1.6347717628640508
-1.4873764676151386
-1.3468025947018984
-1.2188820456858303
-1.1054610938684604
-1.0050833191207333
-0.9145348622699712
-0.8337547507028767
-0.762605864387585
-0.6993072507293361
-0.6419177086480792
-0.6065225631468842
-0.6607070417820946
-0.7210386836319066
-0.789137482982407
-0.867529116574258
-0.9567584452114094
-1.0628300924121392
-1.1916504040599223
-1.3527902547364954
-1.561513311300913
-1.847468234609631
-2.2597436212848625
-2.8881754364628023
-3.8631323359249463
-5.367359077556496
-7.892423454901965
-12.938057385731945
-22.93744039809962
-30.359284136283836
-17.821433711583563
-11.873593890386053
-8.153023429370876
-4.50714006160327
-8.221252377833434
-5.311815601465275
-4.414581577698602
-3.683899109166691
-3.0406573567445583
-2.5303930613545274
-2.1367211399288637
-1.8332458349917304
-1.5924283512956883
-1.3996428356841615
-1.2400425606366772
-1.1085568961788188
-0.9967184660268285
-0.9009493332913869
-0.8167657516915322
-0.7442460348531484
-0.679871762876501
-0.6228031795380757
-0.5832270298776578
-0.6359343221320789
-0.695130651448906
-0.7622561871377459
-0.8394714354847408
-0.9304983468659882
-1.0390807381583471
-1.1716258390588468
-1.3380137592763501
-1.5606995782465334
-1.8684275350979327
-2.3198577052567795
-3.0112976207495934
-4.098414934556692
-5.882454276083228
-9.340171813659136
-18.48386497168441
-37.8149545510039
-39.115371062601
-29.59617489445972
-20.14359265347795
-29.056901035082443
-50.74708076267603
-35.13103956178818
-14.149979818443237
-8.037831991486774
-5.3914933378933805
-3.877046970020786
-2.9512053151169444
-2.3443158736136516
-1.9263322340656657
-1.628109361620949
-1.4054946875067786
-1.2281806770956252
-1.0867219351230764
-0.970267795975438
-0.8726217218997858
-0.7895689194666354
-0.716429789983267
-0.6542060899325249
-0.5997236863205947
-0.5554579435651671
-0.6053617277228008
-0.6609553615208079
-0.7235846280706401
-0.7968006728982308
-0.8819168443106877
-0.9845088566408194
-1.1079310287985655
-1.26217806798461
-1.464273419603551
-1.7357305060375101
-2.1130873711856455
-2.6501817160886794
-3.4088544751190737
-4.4495116251400955
-5.926392197556841
-8.43135418150009
-11.01816530116841
-10.130213019754557
-1.7947560537568932
-13.417729059334635
-21.909748144837423
-30.69069867967758
-31.68936651484815
-14.204715595133388
-7.506713518132744
-5.243675135608551
-3.8990814423957785
-2.9574616895952333
-2.3187016583641378
-1.8869120928701804
-1.5789192894129853
-1.3540360819914263
-1.1795102051724216
-1.040492352502757
-0.9264757197530018
-0.8322356071761441
-0.7528675425549485
-0.6838414376511154
-0.6232092064507662
-0.5704429026410452
-0.5227648438107955
-0.5684762248049265
-0.6183851256109766
-0.675013414965392
-0.7407638821942053
-0.8161769156799251
-0.9044477662393751
-1.0097078883546249
-1.1369121940933058
-1.2927675660058076
-1.4972124621075897
-1.7414660141057952
-2.029953832920852
-2.31266902742041
-2.406726858759158
-1.854252779264579
0.23189382603515618
4.119872759358943
5.695245854154232
2.3305204531147594
-0.3378715036208808
1.311497660611217
-0.37763716626755023
-3.630504649922075
-4.257246307863163
-3.959809288190623
-3.657176162847604
-3.1122254537072767
-2.534775796895727
-2.064989203961291
-1.7119542562472962
-1.4503197567186148
-1.252267086226096
-1.095219139071752
-0.970467739713579
-0.8666093393205221
-0.7802605648830766
-0.7070671846319472
-0.6435817213038831
-0.5884053019552014
-0.5386215862208391
-0.48795578297614517
-0.5280101515432158
-0.5723685596646114
-0.6215752850983793
-0.6774624075141373
-0.7397866813938405
-0.811952471078486
-0.893862623831856
-0.986073738797247
-1.0892770219575847
-1.1990964198230412
-1.3024894038328514
-1.3583464982114186
-1.2688477046907287
-0.8107537539507077
0.38784628775968877
2.709887412599852
5.524479610185791
6.678963332681903
5.543592444708542
4.978121709644192
6.668621327164354
8.070757113092926
5.777999277680506
1.8007434955061046
-0.7719577914013536
-1.8373161446020367
-2.0441885020479282
-1.8969050113240489
-1.663864161592856
-1.4442895630581687
-1.2600452619591807
-1.1094454968196958
-0.9842618601921179
-0.8806282528342049
-0.792438774421942
-0.7182836070619815
-0.6532582458274807
-0.5974465629192823
-0.5480592001295634
-0.5041303691591816
-0.4507120470150968
-0.485183442148102
-0.5226250151495581
-0.5637246039914906
-0.6090091258601201
-0.6579445631630964
-0.7113199164089697
-0.7673143355893758
-0.8233704103366856
-0.8753311072778265
-0.9100418145274576
-0.9078472771160199
-0.8191738071370457
-0.5570925458735582
0.018014863855674912
1.0709199681970445
2.631860246820677
4.2777527221746965
5.218698174631821
5.373656626327202
5.586011077084603
6.332496368590681
6.6084039965403605
5.154489100808848
2.655673706502071
0.560010277596913
-0.6350888204605557
-1.1435990795965585
-1.272742135839605
-1.238609469259627
-1.1471462439997873
-1.0427644176392044
-0.9443341169292188
-0.8575357124593898
-0.7793632500496459
-0.7104390928917543
-0.649261833572348
-0.595908260052302
-0.5482427839809743
-0.5052196624236243
-0.4677131183609102
-0.4125933464047089
-0.4410902501048345
-0.47171170904416193
-0.5045069997034111
-0.5381123278697589
-0.5728873319271476
-0.6076222411911573
-0.6391997759114104
-0.6644678378924121
-0.6745470249642188
-0.6559273896019064
-0.5851967481599545
-0.42570393708155224
-0.11776119121692231
0.4077832264698005
1.2039434404673666
2.2148586446574323
3.2296306447249408
3.9735396830399914
4.387425901043851
4.674598829563111
4.8877843778437144
4.698096245687459
3.757712944665161
2.320253396998604
0.9663688860207035
0.016957544148123768
-0.5210135708886618
-0.7728766403078768
-0.8590003105734533
-0.8634187842934916
-0.8282200630556188
-0.7782162178220271
-0.7259003465780478
-0.6725070646165718
-0.6228859713487236
-0.577417277626827
-0.5353552907205087
-0.4968258335497595
-0.4613267271501159
-0.4292591399695123
-0.37461059394130813
-0.39719912525637124
-0.42081744746773697
-0.4446496727427926
-0.468454649933543
-0.4904415029410871
-0.508093801376951
-0.5196442865185199
-0.5188782625229742
-0.4987811212902017
-0.44596055495846754
-0.3414852934463436
-0.15707976712232857
0.1357027225647573
0.5722271207770913
1.1553734850661486
1.8364545597148245
2.5141098862547553
3.060350958802314
3.431915125790974
3.641273470564468
3.654761358506658
3.3840153779615982
2.7503527125988327
1.890075753211413
1.0239086143276692
0.33566119550701085
-0.13123254144963356
-0.4076430400034899
-0.5525501756786318
-0.6150407223787844
-0.6302947339971388
-0.620383397631593
-0.5976356296521936
-0.5687495855680095
-0.5375123785122429
-0.5050767874341312
-0.4746827380880821
-0.4449334700155651
-0.41648256459017385
-0.39036530865721514
-0.33650261813989024
-0.3538063751650137
-0.3709690376633135
-0.38667521584144127
-0.4010187769902608
-0.41112243042610613
-0.41580256160626616
-0.41180871682406245
-0.3924854673867565
-0.35295783546346976
-0.28181856626522933
-0.1637141843783361
0.016975950330472757
0.2753118717905205
0.6231374076323276
1.0539305847056641
1.5346095761654017
2.006436829791496
2.397522479463592
2.6736781869931465
2.808810846549644
2.768004709351814
2.536226799541135
2.1022710156315503
1.5469537239588547
0.9692492446227766
0.47492264353024916
0.09894756025746698
-0.15902670440620215
-0.32110326634641384
-0.4126913290749668
-0.46069832092668417
-0.47973617596858653
-0.4805807656502216
-0.4703753239492327
-0.4542834209874536
-0.43535379559670606
-0.4148736855246924
-0.3933856877062924
-0.37174940878329515
-0.35148072338310155
-0.29982349467063213
-0.3122498810605408
-0.3231320296889055
-0.332247593361919
-0.33857650733981487
-0.33902861182013605
-0.3336497022762886
-0.31750099574713075
-0.2863692146850885
-0.23536416829658133
-0.15678232950703308
-0.03835465828591084
0.12582677785148455
0.34664677796565757
0.6202478852886186
0.9456255322488607
1.2915601697596217
1.6253495133723839
1.9075731353463043
2.1019734661481047
2.1871849200700786
2.1424329148694645
1.9612900599277516
1.6591456173147616
1.2818834741316816
0.885180271593635
0.5230227148854797
0.22624454355576468
0.0025950503447364497
-0.15414913633978017
-0.25714039419411366
-0.32208385911115833
-0.3589534804414767
-0.3769919589310459
-0.38130335277893074
-0.3776427987270629
-0.36960300382848676
-0.35762011800964383
-0.34383390507733597
-0.32888440917020956
-0.31378474243550536
-0.26473776712395686
-0.27237134649584227
-0.27865806045777286
-0.281962996948611
-0.2813968700165887
-0.27508240323797306
-0.2620016123854913
-0.23798207094315993
-0.19976941566265582
-0.1435192022717246
-0.06394922529039938
0.046592050494188755
0.19232531995856278
0.3760466810290904
0.5955144698580966
0.8397970102930457
1.096257685902469
1.338759841605904
1.5431204291800593
1.677000694785396
1.7298490336133454
1.691553697519247
1.5592509638596384
1.3456721839513706
1.0798446860976065
0.7948079562201931
0.5262508189218639
0.2927463786417085
0.10477233854098093
-0.03784040987332516
-0.14097654549584088
-0.21200286829476314
-0.25842949789283864
-0.28629942010482606
-0.3023370169323845
-0.3086020236162659
-0.30886652462397196
-0.3048728508937372
-0.29730686681540636
-0.2883826273379173
-0.277736234559989
