-0.16949763559508507
-0.17346388777979993
-0.18563289536715447
-0.18540539931330885
-0.18993740567110265
-0.18957906106073863
-0.18769937717132928
-0.17718351290134368
-0.1446194934765037
-0.10896510266108853
-0.044779528246417045
0.02041060388509621
0.1180131138180604
0.22105936306342758
0.3352362741828939
0.4804186774179002
0.6174443218594033
0.7695350364246921
0.8702690008822984
0.9348990524154286
0.9577245755953913
0.9150016238867716
0.8704765727141967
0.7758871537469589
0.6265782780658735
0.4724442523042084
0.32110495348178303
0.1830342841701458
0.06188270847465601
-0.01871594726974996
-0.08338902404491967
-0.12018710818008949
-0.1558513812450255
-0.16615077269252598
-0.18819658342048698
-0.1907022942650341
-0.19357979312445822
-0.18214859148605725
-0.18571999078757814
-0.1744197990476603
-0.15784458686006006
-0.20363379498790501
-0.20856845950165492
-0.20799737114688177
-0.21645660885212664
-0.22917673752797776
-0.23362283207808787
-0.21242242173324394
-0.203898225891493
-0.1938527301591213
-0.1544438606102249
-0.08264311960851806
-0.019944403805447583
0.08691121815052726
0.2046977142178267
0.35132459316521814
0.5406713750402456
0.7082796500841791
0.8953273447598252
1.0677998971781484
1.1526069418600158
1.1897522278787478
1.1726364540653902
1.0917704259589665
0.919171327618232
0.7477345596190208
0.518187592156524
0.3270205721775263
0.13944869692396228
0.021488784840835433
-0.09235317052289423
-0.14459668436467438
-0.19097128421635642
-0.2093200649498195
-0.23054156125750414
-0.22102107067544985
-0.23510846543585756
-0.22768872004522178
-0.2303098463590719
-0.21521947606994143
-0.20962030375039334
-0.2019886208394172
-0.2211056861251923
-0.2323351378824307
-0.2443150130613537
-0.2606193284360389
-0.265920291623194
-0.2677344628341934
-0.2747292719462128
-0.2677892860249895
-0.25182899876106296
-0.21662586570044481
-0.18062212731846375
-0.09558037802647411
0.017778559357790824
0.17064206080073638
0.3518574299532787
0.5929839092919442
0.8485467616564842
1.0887142798742253
1.311168268598826
1.4574331910843517
1.5028586628497507
1.4822498425311694
1.362488780736811
1.1365472833442662
0.881611838859169
0.5743205126240063
0.31074124376660345
0.08622691752779661
-0.06915624661344241
-0.16797427436796636
-0.22752906589262004
-0.26325304480559214
-0.27956415728864487
-0.291226850495281
-0.2908268130552862
-0.2736535476196861
-0.27469491766247756
-0.2557420640414846
-0.24954243687270863
-0.23735925777317157
-0.22577769589104513
-0.2477087122696377
-0.2629323118158108
-0.2736388181593534
-0.29459532312736053
-0.30144746659684873
-0.32158190723720514
-0.3346510701407605
-0.3392737464479319
-0.32617660353288164
-0.3163068835758434
-0.2710934554262206
-0.20743173410493188
-0.09968358767368768
0.045897579903059794
0.3166429786679054
0.6253237321939119
0.9889620742346439
1.3448902240887097
1.6533871229015886
1.8484928437572667
1.9545054941258386
1.9311936049061713
1.7828975604121655
1.491076717310903
1.064519228459528
0.6351544352747851
0.2517804506938301
-0.025073786860456103
-0.20823366414393954
-0.29616279018314856
-0.3459024247441067
-0.3730618987045469
-0.3785727310530306
-0.3723268140788948
-0.358037205775029
-0.3448692915559006
-0.32567728648905997
-0.3118467023967346
-0.28470813897239194
-0.2603917028624225
-0.2557291281333779
-0.2734040985861188
-0.28290535677526363
-0.3148127625651191
-0.33941357300011515
-0.3501781713614667
-0.3867053499252144
-0.39204800063493356
-0.4205682135130311
-0.42708827581662817
-0.4241697989240442
-0.40019209862029026
-0.35230556670482277
-0.2622639695296437
-0.08361007962359382
0.2096458479680257
0.6247177740077233
1.174127679300404
1.7246543880626493
2.156777845550764
2.4288400340499057
2.590978041451217
2.6116299057248096
2.478902084764698
2.0180929813738566
1.3560709787094731
0.6806905764870579
0.133188811298734
-0.20413938578396623
-0.3959712032579245
-0.470018686602236
-0.48733100094747867
-0.4861364760657822
-0.47433721710990384
-0.43912224686874496
-0.41907802719048004
-0.41299741209938384
-0.3833296277855965
-0.35911274102852725
-0.3319871515930798
-0.3018577443338837
-0.29023247150668163
-0.3070544814143184
-0.3098097787692277
-0.338301029883529
-0.3668600434862445
-0.4058265963171229
-0.4499190921441634
-0.47360442817801024
-0.5070428996005714
-0.5366905519236985
-0.5564193541293271
-0.5636206364262617
-0.5634115578404746
-0.4884896572137907
-0.31205598077992863
0.02525356219548201
0.5929840382895512
1.4004318451365545
2.3237526560434247
3.0029932341554226
3.301702623251068
3.450575516746297
3.6831152558253044
3.692680354841862
2.9984315727522235
1.8182595852123644
0.6632387567395376
-0.11977766522585805
-0.5170565810053626
-0.6660080042026622
-0.6961921277826408
-0.6724985575172802
-0.6338518681526899
-0.5796568281317849
-0.5434000146703437
-0.49843404867698005
-0.46217993808313174
-0.433580314924412
-0.4000776476745944
-0.3686973604641254
-0.330962797143567
-0.3055932184108901
-0.32814216582436406
-0.34427849487998663
-0.3840647217854302
-0.4235876518023887
-0.45197101733610084
-0.4928360175433198
-0.5373323081353912
-0.5935841257119326
-0.6471156048190907
-0.6930483427030415
-0.7558105303966377
-0.8093136718975575
-0.802877307071886
-0.7164062552383293
-0.39518509827480297
0.33707887160919936
1.634059771837215
3.31741164368342
4.483972006654482
4.501417322298179
4.374784362149607
5.134977060497049
5.824579535992213
4.510790554386008
2.2063296021610364
0.3969144880187301
-0.6062170801036545
-0.9882576050543398
-1.023109164318939
-0.9520271804739645
-0.8668219392836267
-0.7795093773751552
-0.69911127349702
-0.645246851470073
-0.587778113459205
-0.5278011097472809
-0.4924203498251059
-0.44953692854160954
-0.3981681682657553
-0.37501568175866834
-0.3460007110509541
-0.34551198603559985
-0.3756848374478778
-0.4232319760015352
-0.4525216371053958
-0.5089937151577648
-0.5517597148388633
-0.6011843987657832
-0.680207488300865
-0.7465103889409335
-0.8371643725827808
-0.9560534901389821
-1.093769366421464
-1.2094923260437593
-1.3020027735364657
-1.1867031633550034
-0.6222273407730223
0.9346815802279903
3.876454245422252
6.325640879562524
5.383772368192012
3.892409370350187
5.415228919028717
5.011706844254023
1.1225313746048513
0.15268086392968386
-0.7435918234889634
-1.437211978583178
-1.5692622567802392
-1.4273670718352343
-1.219048026856085
-1.045045805897961
-0.9166810777488664
-0.8062889831002777
-0.721472284607178
-0.6400363702449687
-0.5792753914350489
-0.5363289210113781
-0.4847094320703069
-0.44680870319343174
-0.4240715032179965
-0.37384916571100246
-0.36556639340294883
-0.40547361157938033
-0.45196162917983684
-0.49767632798438277
-0.5561654934326702
-0.6056981741791229
-0.6783633387583672
-0.7628204538367303
-0.8577300143633215
-0.9672536647886898
-1.14649198145135
-1.3539990383157823
-1.6305256480816483
-1.9580246179727212
-2.2768509896536053
-2.5102502809236777
-3.1110636035668606
-3.8086186621416056
1.5272805895097565
3.9295089028466785
-0.9981942919142123
-7.232326728077892
-16.914542639566566
-18.30564520345581
-5.3323497491009855
-2.345543914398202
-2.232822810518658
-2.020068737762385
-1.6921833056960254
-1.4233898369670221
-1.1948885514853074
-1.0113836860810994
-0.9082768193389676
-0.8041101571582953
-0.6949415599576313
-0.63897856856369
-0.5787443471278721
-0.5307004172814284
-0.47467399263553317
-0.4395897518133711
-0.40523255195013314
-0.38584779048124046
-0.42314358980888894
-0.4869301918274522
-0.5374589968082255
-0.5880017792671562
-0.6517203914965252
-0.7439494987452254
-0.8353120666519006
-0.9320089338299632
-1.0548759325190835
-1.2687053799952899
-1.5324958242568614
-1.9125597615898933
-2.4224779464025206
-3.0849667153786835
-4.278798756639016
-9.241058944753659
-25.14025744905509
-26.857661542779763
-12.376199515315832
-5.297586126235398
-12.02880565663205
-29.49794447532323
-22.43202235693883
-4.169032172834882
-2.4103650601438953
-2.318184422821349
-2.0846492092714968
-1.7665577547041416
-1.4984016316980697
-1.277187084428219
-1.1003071482964923
-0.9532441843544275
-0.854316233513189
-0.7480880620765527
-0.6788789910023815
-0.6201779324331321
-0.5657683839518948
-0.5145056400670693
-0.4635945546320158
-0.439782607454978
-0.4122030333401067
-0.44647925890913853
-0.521345216728367
-0.5853264599554318
-0.6391914353226166
-0.6803020028885092
-0.7708694708330217
-0.8641725189631032
-0.9706964902302743
-1.111558239072116
-1.32679365000154
-1.573334864951038
-1.9294652922781963
-2.399089568886548
-2.8314568617822347
-3.1030807808009944
-4.1686679291366815
-11.173340425469647
-15.801219721883074
-4.518102268995622
-1.8625725744382366
1.0754736975263313
2.1862746656119474
-0.23472684510539044
-0.194582812159455
-1.1259154109897322
-1.6665243251045192
-1.7504904564383925
-1.6228376637602657
-1.4684038538661637
-1.300234999779576
-1.1482700803889558
-1.0128050791299037
-0.8863588822111859
-0.7901101114614589
-0.6970486981820028
-0.6499049241521444
-0.5936899786056752
-0.5300720699764
-0.4800930968022511
-0.4541407668614164
-0.44126416871260393
-0.4726249293236145
-0.5277718342879238
-0.5996053054286136
-0.6613897804600934
-0.7159492217127243
-0.8032643502341353
-0.8915661357460896
-1.0046460709280063
-1.1488438872338038
-1.3047902509033844
-1.5107884446721656
-1.7515304628375805
-1.972830408385605
-1.915807780595539
-1.1523589990106524
0.5827055211249497
2.287923087521447
2.356021559186878
2.161093058850373
1.9194775443168282
3.4425379889406926
4.099113605543265
2.150074166428465
0.5681886390428101
-0.44293286061440346
-1.0787792739709572
-1.3616644862772536
-1.4049081716581875
-1.3602026822617503
-1.2792765265759514
-1.129189935323895
-1.028182431011556
-0.9248067513531917
-0.8022254857070034
-0.7397301342826405
-0.6647166075599726
-0.6140477932939425
-0.5647998005095531
-0.5012269254191858
-0.46502721217580667
-0.456529845524169
-0.5029196400221393
-0.5597902817444136
-0.6195736299927187
-0.6832371195090701
-0.7447644808983415
-0.8407153689511131
-0.917051006753135
-1.0127896376302106
-1.137091310964433
-1.2568378416460868
-1.3825102730246033
-1.485857187762057
-1.4647915019890059
-1.173604637946035
-0.3541872521965655
0.8983177360349334
1.9221132371651923
2.2469820779282554
2.1136658770792103
2.0742391174274197
2.3462086211498705
2.2126901097298397
1.361333934857869
0.47868860100534655
-0.19526649798207596
-0.7271410944127724
-1.0730761304581489
-1.225809327165462
-1.23717717414778
-1.2193195170996047
-1.1140374403237705
-1.016272085143115
-0.939486626450979
-0.8357010734075002
-0.7638533562662593
-0.6918750448714936
-0.6246748859181096
-0.5724502301453991
-0.5280248475508557
-0.4741490763647251
-0.47841503417529113
-0.5328052082878825
-0.5754749893078396
-0.6384727020208861
-0.6973335049132025
-0.7664489073201352
-0.8404876400308299
-0.9336839041053622
-1.001865147181681
-1.0817074656469583
-1.1744822905408565
-1.2046436153538413
-1.2219186073999506
-1.0896467228769844
-0.7900597300345968
-0.1962239876338529
0.42735084442857596
0.892097371855672
1.1181573858992995
1.2124915874460067
1.2637316428518224
1.3108224507938075
1.1754683268869242
0.7711124143893674
0.30890316973752624
-0.14835329549227905
-0.5870490996114505
-0.8957398836318904
-1.0647111794343127
-1.1438643060400557
-1.1291137138563856
-1.0860329513362386
-1.0089213206559757
-0.9383189526929673
-0.8538501650795666
-0.7735808586960594
-0.7042125211753014
-0.6399624742838974
-0.5873901567506131
-0.5289124595827206
-0.4677985501113532
-0.49327501925595835
-0.5354725062289294
-0.5756889402012554
-0.6551980358293648
-0.7094513911593036
-0.7730038747554485
-0.8383496026315972
-0.9222555477989167
-0.9810069250215243
-1.0444969734457847
-1.0851793149545645
-1.080343718276988
-1.03761914605183
-0.8852918230482665
-0.6214355686225849
-0.271116968626491
0.11867036718878203
0.4201569121649202
0.5952203033469871
0.680939738211938
0.7485996356583907
0.7294655641176585
0.6336957114526702
0.41332192057873296
0.11541623499821266
-0.21864828117405938
-0.5246284842307616
-0.7806024018540062
-0.9576444767033544
-1.0446308663700878
-1.065010500869828
-1.0227467559000396
-0.9879888483218574
-0.9271056688967908
-0.8554492906687807
-0.7906654393538322
-0.7111701236200189
-0.6577553376868777
-0.6090119340657685
-0.5523523201557375
-0.48779878055442477
-0.4941086079352122
-0.5424118777486201
-0.6017138918020746
-0.6537524129247315
-0.720123288491079
-0.762597148032202
-0.8559845874284859
-0.9171046611878617
-0.9665704393354284
-0.9839813613727479
-1.011121664349912
-0.9818720052779557
-0.9156822045941534
-0.7785747263792115
-0.5704252794888542
-0.300125656847394
-0.02516213415021245
0.19166934668511365
0.3319870388900092
0.43307300354132205
0.44963992152939747
0.42678140549054194
0.3609014634207916
0.2060499819423001
0.000923035556891001
-0.2591128507217944
-0.5250417823823847
-0.7367883080788732
-0.8951378926566246
-0.9626151033420551
-0.9975705692839368
-0.9736419404101658
-0.9610522023696363
-0.9273732932380433
-0.8695321985671852
-0.7938696646579761
-0.7268547209346324
-0.653554698163045
-0.6127016300753403
-0.5521008270894723
-0.504683812901303
-0.49652986949481254
-0.5513140562970446
-0.602959867623243
-0.6699399966853895
-0.7261363100320384
-0.7854518645336122
-0.8368829716725197
-0.8835705614488658
-0.9308951390382908
-0.9438369470863721
-0.9365448852402336
-0.9106749606251666
-0.8522265749530754
-0.7192642509853531
-0.5516482576423091
-0.34763534219892583
-0.12073021033097486
0.08305100335013245
0.2018042846073341
0.2788459880912144
0.28769683024997533
0.2668991786769001
0.19557291131342025
0.058158889455565216
-0.10096965284586705
-0.3135633148074698
-0.526551708322677
-0.7010323444832299
-0.8301863606452508
-0.9200738756200156
-0.9485086613112308
-0.9411659809033929
-0.925218573541469
-0.8984477340306668
-0.8622275123686168
-0.7986332382690348
-0.7413727668908792
-0.678146423902766
-0.6179275347088133
-0.5476948015238619
-0.5046096305291677
-0.4937162526259391
-0.5371357976372196
-0.6043697763885874
-0.6757570937331342
-0.7342537422694535
-0.7779496522692811
-0.8297904619258581
-0.8667511543117222
-0.9187969726117545
-0.9136351223258413
-0.9084875095871469
-0.8617654658985011
-0.7961441500352417
-0.6785818965307538
-0.5268613459215081
-0.3498792071430898
-0.18138294915794645
-0.016546103821598268
0.09978650769425718
0.1842910635253939
0.20573147962992377
0.17492083249080168
0.10485965336679184
0.0057103942395401956
-0.16438519604123225
-0.3252729925186755
-0.5018894533154006
-0.6951762442900867
-0.8013719913837669
-0.8943766354493629
-0.92345632303336
-0.9386120158328912
-0.9180855991468236
-0.8877897660133737
-0.8436916756233195
-0.8016114495429579
-0.7389501778428945
-0.6863254373768628
-0.6097766838855461
-0.5372980810694551
-0.4996209339475335
-0.5039489155346312
-0.5477196790925448
-0.6073941233065957
-0.68006719454579
-0.7328128928310286
-0.7637370053633764
-0.8355583120309902
-0.8626801781451408
-0.8748002794705031
-0.895986194564644
-0.8934341154292125
-0.8440111917849132
-0.7756523648481904
-0.6753079226355422
-0.5409017235898627
-0.36636656970574466
-0.20371486888437115
-0.0637819195887802
0.039324078284723535
0.1155334848817154
0.1447526216474372
0.13089510255445289
0.03594050478192466
-0.0750824669046523
-0.1991053809796803
-0.35508165810539966
-0.49297937900464084
-0.6587628637371332
-0.7714683185615955
-0.837142425697043
-0.8877591711831208
-0.928421082367654
-0.8941890943646924
-0.8640244964035205
-0.8369787287159117
-0.792932642673468
-0.7449511576064392
-0.6811192875508686
-0.6032732971969152
-0.5554259824237837
-0.5066022382205302
-0.525355518265127
-0.5593076336521025
-0.6202168894206973
-0.6721333277727909
-0.7200631694656439
-0.763994685657106
-0.8229484843514262
-0.8629327125340103
-0.8809682364775709
-0.8810653616603037
-0.8771546924448096
-0.831327928073245
-0.7535500944746966
-0.6577520246940715
-0.5199658719868967
-0.37115729786950136
-0.19730627595659997
-0.09336783279115535
0.032628344071005025
0.08168927546243174
0.11676690127855875
0.08285084014558107
0.040910257506947406
-0.09104997146963105
-0.1990304798210767
-0.370014311753427
-0.5139977581855599
-0.6589682953354707
-0.7679249518366472
-0.8288703748433309
-0.884807227304773
-0.9007454603720548
-0.8816944861296306
-0.8626498047056331
-0.8176315630168965
-0.7816134909138637
-0.7316162426175218
-0.6766367763979139
-0.6166578318231605
-0.5716773921087891
-0.5217031249515587
-0.5229758061980684
-0.5449723042835721
-0.6219648999692489
-0.6749581792908967
-0.7259510440058909
-0.7749426153086008
-0.8069339142495561
-0.8519245922139983
-0.8859147288786029
-0.8899079414429882
-0.8809067179215332
-0.8199151281739184
-0.7689264995360915
-0.6439551314960534
-0.5139923790262936
-0.3590403638909805
-0.20109685354560713
-0.08914500753520713
0.026811656325321634
0.06578605339489674
0.09377626804493208
0.06678699466121836
0.025811114008633063
-0.09114372543941039
-0.21409324558035622
-0.35604430210493665
-0.5129972568316192
-0.6319600385909064
-0.7699318286800017
-0.8169189339233588
-0.8879079672081721
-0.8929099287992446
-0.880917659706466
-0.8589241033246349
-0.8049355875207624
-0.7699434324513746
-0.7259515891175258
-0.6759593205507276
-0.619966022832399
-0.5419726406063138
-0.5219757428689704
-0.525355518265127
-0.5593076336521025
-0.6202168894206973
-0.6721333277727909
-0.7200631694656439
-0.763994685657106
-0.8229484843514262
-0.8629327125340103
-0.8809682364775709
-0.8810653616603037
-0.8771546924448096
-0.831327928073245
-0.7535500944746966
-0.6577520246940715
-0.5199658719868967
-0.37115729786950136
-0.19730627595659997
-0.09336783279115535
0.032628344071005025
0.08168927546243174
0.11676690127855875
0.08285084014558107
0.040910257506947406
-0.09104997146963105
-0.1990304798210767
-0.370014311753427
-0.5139977581855599
-0.6589682953354707
-0.7679249518366472
-0.8288703748433309
-0.884807227304773
-0.9007454603720548
-0.8816944861296306
-0.8626498047056331
-0.8176315630168965
-0.7816134909138637
-0.7316162426175218
-0.6766367763979139
-0.6166578318231605
-0.5716773921087891
-0.5217031249515587
-0.5039489155346312
-0.5477196790925448
-0.6073941233065957
-0.68006719454579
-0.7328128928310286
-0.7637370053633764
-0.8355583120309902
-0.8626801781451408
-0.8748002794705031
-0.895986194564644
-0.8934341154292125
-0.8440111917849132
-0.7756523648481904
-0.6753079226355422
-0.5409017235898627
-0.36636656970574466
-0.20371486888437115
-0.0637819195887802
0.039324078284723535
0.1155334848817154
0.1447526216474372
0.13089510255445289
0.03594050478192466
-0.0750824669046523
-0.1991053809796803
-0.35508165810539966
-0.49297937900464084
-0.6587628637371332
-0.7714683185615955
-0.837142425697043
-0.8877591711831208
-0.928421082367654
-0.8941890943646924
-0.8640244964035205
-0.8369787287159117
-0.792932642673468
-0.7449511576064392
-0.6811192875508686
-0.6032732971969152
-0.5554259824237837
-0.5066022382205302
-0.4937162526259391
-0.5371357976372196
-0.6043697763885874
-0.6757570937331342
-0.7342537422694535
-0.7779496522692811
-0.8297904619258581
-0.8667511543117222
-0.9187969726117545
-0.9136351223258413
-0.9084875095871469
-0.8617654658985011
-0.7961441500352417
-0.6785818965307538
-0.5268613459215081
-0.3498792071430898
-0.18138294915794645
-0.016546103821598268
0.09978650769425718
0.1842910635253939
0.20573147962992377
0.17492083249080168
0.10485965336679184
0.0057103942395401956
-0.16438519604123225
-0.3252729925186755
-0.5018894533154006
-0.6951762442900867
-0.8013719913837669
-0.8943766354493629
-0.92345632303336
-0.9386120158328912
-0.9180855991468236
-0.8877897660133737
-0.8436916756233195
-0.8016114495429579
-0.7389501778428945
-0.6863254373768628
-0.6097766838855461
-0.5372980810694551
-0.4996209339475335
-0.49652986949481254
-0.5513140562970446
-0.602959867623243
-0.6699399966853895
-0.7261363100320384
-0.7854518645336122
-0.8368829716725197
-0.8835705614488658
-0.9308951390382908
-0.9438369470863721
-0.9365448852402336
-0.9106749606251666
-0.8522265749530754
-0.7192642509853531
-0.5516482576423091
-0.34763534219892583
-0.12073021033097486
0.08305100335013245
0.2018042846073341
0.2788459880912144
0.28769683024997533
0.2668991786769001
0.19557291131342025
0.058158889455565216
-0.10096965284586705
-0.3135633148074698
-0.526551708322677
-0.7010323444832299
-0.8301863606452508
-0.9200738756200156
-0.9485086613112308
-0.9411659809033929
-0.925218573541469
-0.8984477340306668
-0.8622275123686168
-0.7986332382690348
-0.7413727668908792
-0.678146423902766
-0.6179275347088133
-0.5476948015238619
-0.5046096305291677
-0.4941086079352122
-0.5424118777486201
-0.6017138918020746
-0.6537524129247315
-0.720123288491079
-0.762597148032202
-0.8559845874284859
-0.9171046611878617
-0.9665704393354284
-0.9839813613727479
-1.011121664349912
-0.9818720052779557
-0.9156822045941534
-0.7785747263792115
-0.5704252794888542
-0.300125656847394
-0.02516213415021245
0.19166934668511365
0.3319870388900092
0.43307300354132205
0.44963992152939747
0.42678140549054194
0.3609014634207916
0.2060499819423001
0.000923035556891001
-0.2591128507217944
-0.5250417823823847
-0.7367883080788732
-0.8951378926566246
-0.9626151033420551
-0.9975705692839368
-0.9736419404101658
-0.9610522023696363
-0.9273732932380433
-0.8695321985671852
-0.7938696646579761
-0.7268547209346324
-0.653554698163045
-0.6127016300753403
-0.5521008270894723
-0.504683812901303
-0.49327501925595835
-0.5354725062289294
-0.5756889402012554
-0.6551980358293648
-0.7094513911593036
-0.7730038747554485
-0.8383496026315972
-0.9222555477989167
-0.9810069250215243
-1.0444969734457847
-1.0851793149545645
-1.080343718276988
-1.03761914605183
-0.8852918230482665
-0.6214355686225849
-0.271116968626491
0.11867036718878203
0.4201569121649202
0.5952203033469871
0.680939738211938
0.7485996356583907
0.7294655641176585
0.6336957114526702
0.41332192057873296
0.11541623499821266
-0.21864828117405938
-0.5246284842307616
-0.7806024018540062
-0.9576444767033544
-1.0446308663700878
-1.065010500869828
-1.0227467559000396
-0.9879888483218574
-0.9271056688967908
-0.8554492906687807
-0.7906654393538322
-0.7111701236200189
-0.6577553376868777
-0.6090119340657685
-0.5523523201557375
-0.48779878055442477
-0.47841503417529113
-0.5328052082878825
-0.5754749893078396
-0.6384727020208861
-0.6973335049132025
-0.7664489073201352
-0.8404876400308299
-0.9336839041053622
-1.001865147181681
-1.0817074656469583
-1.1744822905408565
-1.2046436153538413
-1.2219186073999506
-1.0896467228769844
-0.7900597300345968
-0.1962239876338529
0.42735084442857596
0.892097371855672
1.1181573858992995
1.2124915874460067
1.2637316428518224
1.3108224507938075
1.1754683268869242
0.7711124143893674
0.30890316973752624
-0.14835329549227905
-0.5870490996114505
-0.8957398836318904
-1.0647111794343127
-1.1438643060400557
-1.1291137138563856
-1.0860329513362386
-1.0089213206559757
-0.9383189526929673
-0.8538501650795666
-0.7735808586960594
-0.7042125211753014
-0.6399624742838974
-0.5873901567506131
-0.5289124595827206
-0.4677985501113532
-0.456529845524169
-0.5029196400221393
-0.5597902817444136
-0.6195736299927187
-0.6832371195090701
-0.7447644808983415
-0.8407153689511131
-0.917051006753135
-1.0127896376302106
-1.137091310964433
-1.2568378416460868
-1.3825102730246033
-1.485857187762057
-1.4647915019890059
-1.173604637946035
-0.3541872521965655
0.8983177360349334
1.9221132371651923
2.2469820779282554
2.1136658770792103
2.0742391174274197
2.3462086211498705
2.2126901097298397
1.361333934857869
0.47868860100534655
-0.19526649798207596
-0.7271410944127724
-1.0730761304581489
-1.225809327165462
-1.23717717414778
-1.2193195170996047
-1.1140374403237705
-1.016272085143115
-0.939486626450979
-0.8357010734075002
-0.7638533562662593
-0.6918750448714936
-0.6246748859181096
-0.5724502301453991
-0.5280248475508557
-0.4741490763647251
-0.44126416871260393
-0.4726249293236145
-0.5277718342879238
-0.5996053054286136
-0.6613897804600934
-0.7159492217127243
-0.8032643502341353
-0.8915661357460896
-1.0046460709280063
-1.1488438872338038
-1.3047902509033844
-1.5107884446721656
-1.7515304628375805
-1.972830408385605
-1.915807780595539
-1.1523589990106524
0.5827055211249497
2.287923087521447
2.356021559186878
2.161093058850373
1.9194775443168282
3.4425379889406926
4.099113605543265
2.150074166428465
0.5681886390428101
-0.44293286061440346
-1.0787792739709572
-1.3616644862772536
-1.4049081716581875
-1.3602026822617503
-1.2792765265759514
-1.129189935323895
-1.028182431011556
-0.9248067513531917
-0.8022254857070034
-0.7397301342826405
-0.6647166075599726
-0.6140477932939425
-0.5647998005095531
-0.5012269254191858
-0.46502721217580667
-0.4122030333401067
-0.44647925890913853
-0.521345216728367
-0.5853264599554318
-0.6391914353226166
-0.6803020028885092
-0.7708694708330217
-0.8641725189631032
-0.9706964902302743
-1.111558239072116
-1.32679365000154
-1.573334864951038
-1.9294652922781963
-2.399089568886548
-2.8314568617822347
-3.1030807808009944
-4.1686679291366815
-11.173340425469647
-15.801219721883074
-4.518102268995622
-1.8625725744382366
1.0754736975263313
2.1862746656119474
-0.23472684510539044
-0.194582812159455
-1.1259154109897322
-1.6665243251045192
-1.7504904564383925
-1.6228376637602657
-1.4684038538661637
-1.300234999779576
-1.1482700803889558
-1.0128050791299037
-0.8863588822111859
-0.7901101114614589
-0.6970486981820028
-0.6499049241521444
-0.5936899786056752
-0.5300720699764
-0.4800930968022511
-0.4541407668614164
-0.38584779048124046
-0.42314358980888894
-0.4869301918274522
-0.5374589968082255
-0.5880017792671562
-0.6517203914965252
-0.7439494987452254
-0.8353120666519006
-0.9320089338299632
-1.0548759325190835
-1.2687053799952899
-1.5324958242568614
-1.9125597615898933
-2.4224779464025206
-3.0849667153786835
-4.278798756639016
-9.241058944753659
-25.14025744905509
-26.857661542779763
-12.376199515315832
-5.297586126235398
-12.02880565663205
-29.49794447532323
-22.43202235693883
-4.169032172834882
-2.4103650601438953
-2.318184422821349
-2.0846492092714968
-1.7665577547041416
-1.4984016316980697
-1.277187084428219
-1.1003071482964923
-0.9532441843544275
-0.854316233513189
-0.7480880620765527
-0.6788789910023815
-0.6201779324331321
-0.5657683839518948
-0.5145056400670693
-0.4635945546320158
-0.439782607454978
-0.36556639340294883
-0.40547361157938033
-0.45196162917983684
-0.49767632798438277
-0.5561654934326702
-0.6056981741791229
-0.6783633387583672
-0.7628204538367303
-0.8577300143633215
-0.9672536647886898
-1.14649198145135
-1.3539990383157823
-1.6305256480816483
-1.9580246179727212
-2.2768509896536053
-2.5102502809236777
-3.1110636035668606
-3.8086186621416056
1.5272805895097565
3.9295089028466785
-0.9981942919142123
-7.232326728077892
-16.914542639566566
-18.30564520345581
-5.3323497491009855
-2.345543914398202
-2.232822810518658
-2.020068737762385
-1.6921833056960254
-1.4233898369670221
-1.1948885514853074
-1.0113836860810994
-0.9082768193389676
-0.8041101571582953
-0.6949415599576313
-0.63897856856369
-0.5787443471278721
-0.5307004172814284
-0.47467399263553317
-0.4395897518133711
-0.40523255195013314
-0.34551198603559985
-0.3756848374478778
-0.4232319760015352
-0.4525216371053958
-0.5089937151577648
-0.5517597148388633
-0.6011843987657832
-0.680207488300865
-0.7465103889409335
-0.8371643725827808
-0.9560534901389821
-1.093769366421464
-1.2094923260437593
-1.3020027735364657
-1.1867031633550034
-0.6222273407730223
0.9346815802279903
3.876454245422252
6.325640879562524
5.383772368192012
3.892409370350187
5.415228919028717
5.011706844254023
1.1225313746048513
0.15268086392968386
-0.7435918234889634
-1.437211978583178
-1.5692622567802392
-1.4273670718352343
-1.219048026856085
-1.045045805897961
-0.9166810777488664
-0.8062889831002777
-0.721472284607178
-0.6400363702449687
-0.5792753914350489
-0.5363289210113781
-0.4847094320703069
-0.44680870319343174
-0.4240715032179965
-0.37384916571100246
-0.32814216582436406
-0.34427849487998663
-0.3840647217854302
-0.4235876518023887
-0.45197101733610084
-0.4928360175433198
-0.5373323081353912
-0.5935841257119326
-0.6471156048190907
-0.6930483427030415
-0.7558105303966377
-0.8093136718975575
-0.802877307071886
-0.7164062552383293
-0.39518509827480297
0.33707887160919936
1.634059771837215
3.31741164368342
4.483972006654482
4.501417322298179
4.374784362149607
5.134977060497049
5.824579535992213
4.510790554386008
2.2063296021610364
0.3969144880187301
-0.6062170801036545
-0.9882576050543398
-1.023109164318939
-0.9520271804739645
-0.8668219392836267
-0.7795093773751552
-0.69911127349702
-0.645246851470073
-0.587778113459205
-0.5278011097472809
-0.4924203498251059
-0.44953692854160954
-0.3981681682657553
-0.37501568175866834
-0.3460007110509541
-0.3070544814143184
-0.3098097787692277
-0.338301029883529
-0.3668600434862445
-0.4058265963171229
-0.4499190921441634
-0.47360442817801024
-0.5070428996005714
-0.5366905519236985
-0.5564193541293271
-0.5636206364262617
-0.5634115578404746
-0.4884896572137907
-0.31205598077992863
0.02525356219548201
0.5929840382895512
1.4004318451365545
2.3237526560434247
3.0029932341554226
3.301702623251068
3.450575516746297
3.6831152558253044
3.692680354841862
2.9984315727522235
1.8182595852123644
0.6632387567395376
-0.11977766522585805
-0.5170565810053626
-0.6660080042026622
-0.6961921277826408
-0.6724985575172802
-0.6338518681526899
-0.5796568281317849
-0.5434000146703437
-0.49843404867698005
-0.46217993808313174
-0.433580314924412
-0.4000776476745944
-0.3686973604641254
-0.330962797143567
-0.3055932184108901
-0.2734040985861188
-0.28290535677526363
-0.3148127625651191
-0.33941357300011515
-0.3501781713614667
-0.3867053499252144
-0.39204800063493356
-0.4205682135130311
-0.42708827581662817
-0.4241697989240442
-0.40019209862029026
-0.35230556670482277
-0.2622639695296437
-0.08361007962359382
0.2096458479680257
0.6247177740077233
1.174127679300404
1.7246543880626493
2.156777845550764
2.4288400340499057
2.590978041451217
2.6116299057248096
2.478902084764698
2.0180929813738566
1.3560709787094731
0.6806905764870579
0.133188811298734
-0.20413938578396623
-0.3959712032579245
-0.470018686602236
-0.48733100094747867
-0.4861364760657822
-0.47433721710990384
-0.43912224686874496
-0.41907802719048004
-0.41299741209938384
-0.3833296277855965
-0.35911274102852725
-0.3319871515930798
-0.3018577443338837
-0.29023247150668163
-0.2477087122696377
-0.2629323118158108
-0.2736388181593534
-0.29459532312736053
-0.30144746659684873
-0.32158190723720514
-0.3346510701407605
-0.3392737464479319
-0.32617660353288164
-0.3163068835758434
-0.2710934554262206
-0.20743173410493188
-0.09968358767368768
0.045897579903059794
0.3166429786679054
0.6253237321939119
0.9889620742346439
1.3448902240887097
1.6533871229015886
1.8484928437572667
1.9545054941258386
1.9311936049061713
1.7828975604121655
1.491076717310903
1.064519228459528
0.6351544352747851
0.2517804506938301
-0.025073786860456103
-0.20823366414393954
-0.29616279018314856
-0.3459024247441067
-0.3730618987045469
-0.3785727310530306
-0.3723268140788948
-0.358037205775029
-0.3448692915559006
-0.32567728648905997
-0.3118467023967346
-0.28470813897239194
-0.2603917028624225
-0.2557291281333779
-0.2211056861251923
-0.2323351378824307
-0.2443150130613537
-0.2606193284360389
-0.265920291623194
-0.2677344628341934
-0.2747292719462128
-0.2677892860249895
-0.25182899876106296
-0.21662586570044481
-0.18062212731846375
-0.09558037802647411
0.017778559357790824
0.17064206080073638
0.3518574299532787
0.5929839092919442
0.8485467616564842
1.0887142798742253
1.311168268598826
1.4574331910843517
1.5028586628497507
1.4822498425311694
1.362488780736811
1.1365472833442662
0.881611838859169
0.5743205126240063
0.31074124376660345
0.08622691752779661
-0.06915624661344241
-0.16797427436796636
-0.22752906589262004
-0.26325304480559214
-0.27956415728864487
-0.291226850495281
-0.2908268130552862
-0.2736535476196861
-0.27469491766247756
-0.2557420640414846
-0.24954243687270863
-0.23735925777317157
-0.22577769589104513
-0.20363379498790501
-0.20856845950165492
-0.20799737114688177
-0.21645660885212664
-0.22917673752797776
-0.23362283207808787
-0.21242242173324394
-0.203898225891493
-0.1938527301591213
-0.1544438606102249
-0.08264311960851806
-0.019944403805447583
0.08691121815052726
0.2046977142178267
0.35132459316521814
0.5406713750402456
0.7082796500841791
0.8953273447598252
1.0677998971781484
1.1526069418600158
1.1897522278787478
1.1726364540653902
1.0917704259589665
0.919171327618232
0.7477345596190208
0.518187592156524
0.3270205721775263
0.13944869692396228
0.021488784840835433
-0.09235317052289423
-0.14459668436467438
-0.19097128421635642
-0.2093200649498195
-0.23054156125750414
-0.22102107067544985
-0.23510846543585756
-0.22768872004522178
-0.2303098463590719
-0.21521947606994143
-0.20962030375039334
-0.2019886208394172
-0.16949763559508507
-0.17346388777979993
-0.18563289536715447
-0.18540539931330885
-0.18993740567110265
-0.18957906106073863
-0.18769937717132928
-0.17718351290134368
-0.1446194934765037
-0.10896510266108853
-0.044779528246417045
0.02041060388509621
0.1180131138180604
0.22105936306342758
0.3352362741828939
0.4804186774179002
0.6174443218594033
0.7695350364246921
0.8702690008822984
0.9348990524154286
0.9577245755953913
0.9150016238867716
0.8704765727141967
0.7758871537469589
0.6265782780658735
0.4724442523042084
0.32110495348178303
0.1830342841701458
0.06188270847465601
-0.01871594726974996
-0.08338902404491967
-0.12018710818008949
-0.1558513812450255
-0.16615077269252598
-0.18819658342048698
-0.1907022942650341
-0.19357979312445822
-0.18214859148605725
-0.18571999078757814
-0.1744197990476603
-0.15784458686006006
