-0.001384021493573798
-0.0013488249805446645
-0.0013105229280698577
-0.0025374343455853393
-0.0024458989321020303
-0.004690790302773469
-0.005586764126589879
-0.005281637594359394
-0.003911723949238126
-0.00223144517895228
-0.0023278548585069876
-0.0004075079574472096
0.0009449360726665667
0.0032912733061843547
0.004549065317667378
0.00934652233291269
0.012883489572871649
0.014691852171263304
0.02011675132627904
0.021360189427367306
0.021967245132168786
0.02179711871446056
0.02083722835404186
0.01545833167453765
0.013598768981260933
0.01156078409972203
0.0063529341092534025
0.0037743084781191303
0.0006619786762572607
-0.0014198680783386651
-0.0010059842368645557
-0.0021398824475664813
-0.003855542208719333
-0.005362843684785586
-0.005574271559303729
-0.004687162995398909
-0.003670149760883784
-0.002540433500796348
-0.0013128930206371583
-0.0013519081774893645
-0.0013876894434539065
-0.0014348956548443956
-0.001402311440315785
-0.001366776214919932
-0.002655757503914796
-0.0038553952949333596
-0.0049517191557297896
-0.005928317176332691
-0.005892639468604424
-0.003563861353745022
-0.0039006857407074343
-0.0027254732623858582
-0.0002794385982541091
0.0004965136688507035
0.0023978849324870974
0.006838998780519307
0.009272689396009842
0.012788935964002242
0.020670668735596538
0.02320608315480191
0.02309346688625622
0.02993956339025325
0.0277319696904795
0.02441087183969882
0.022134655120968384
0.017403759499785593
0.01109130928910869
0.006967402384513915
0.002359771042435694
0.00014177892657692644
-0.0008536572342659687
-0.0036806484489523106
-0.0028169615568098493
-0.004470003528376232
-0.005443591369429269
-0.005113687516323724
-0.004956613223564409
-0.005149525961622535
-0.0039928394214796365
-0.0013705033284111083
-0.0014065708428345211
-0.0014395845213610143
-0.0014856707515303186
-0.0014559221934514934
-0.0014234443911071244
-0.003469580636631234
-0.005394371154372452
-0.0058729792091962345
-0.007540063259536163
-0.0056192833443403966
-0.0048415631777557625
-0.0039342379013699
-0.0028960285017214844
-0.002454830433563707
-0.0008376844544214926
0.001478555497535317
0.005620554998176136
0.0105011149039588
0.018602900237073457
0.02449152720293101
0.029946578048713313
0.03253286875378644
0.035886759754029864
0.033657375330728004
0.03371737081886739
0.02820171282132146
0.023798005401735566
0.015135911111410967
0.006354260249892202
0.0027358637960144486
-0.001284502400000285
-0.0031875654537331702
-0.0038004141832098776
-0.005437914578433329
-0.0034100661867236363
-0.005630099430181119
-0.006814384483657071
-0.005851012483533549
-0.005410475323292519
-0.004177270758760608
-0.00357115302991103
-0.0014612770433945124
-0.0014912922555896024
-0.0015359090079553365
-0.0015091673511216175
-0.002959962895744457
-0.004343919883082096
-0.005650574477942925
-0.00686733260017617
-0.007307617975251842
-0.0055226747686559245
-0.005913745330083617
-0.005394980223640788
-0.005361215915044697
-0.002966954755114269
-0.0035304760051358412
-0.0014020524812102782
0.005339501655386864
0.013370417443640484
0.01995183654874297
0.02822203730726635
0.03605352819933365
0.03978194848727766
0.04177489993422959
0.04362976232439677
0.03894485439614323
0.03547056833021426
0.02499503000836449
0.015484843430659504
0.009204010859122192
0.0011617501343286069
-0.0035720951400625973
-0.003918919439076564
-0.006461256509410455
-0.006599327614045062
-0.0057367904340043865
-0.0055648498160827675
-0.007344121671756713
-0.006274397793157823
-0.005674049918654256
-0.005089262556711059
-0.004458797964588114
-0.0015155929636257223
-0.001542438684471087
-0.0015852154515512066
-0.0015615857876296018
-0.0038396220266455833
-0.006030705152769203
-0.005906490265970705
-0.008653300135084517
-0.007229868168933923
-0.006962489014029853
-0.006346098965667185
-0.008043322488530421
-0.006512401006600359
-0.0074960931505441645
-0.0071931749597948695
-0.004231221689541291
0.0030484556605845457
0.010042764928295311
0.021719869279380025
0.03363851114486904
0.04516830124442753
0.05070043432379798
0.057474250511941584
0.05970526282548083
0.05948144234770086
0.04605575454394129
0.027131020314950443
0.012521818686751944
0.002633543276202701
-0.0026326634366773453
-0.00884878802297343
-0.010674470254890909
-0.007267255858338823
-0.008808442554926849
-0.00843888355178152
-0.005681809297026028
-0.007288664367406818
-0.008146257617002033
-0.005935075077126803
-0.0060589621857951624
-0.004628711120659834
-0.0023529049272347094
-0.001592192102168282
-0.0016328442639184327
-0.0016123493770402334
-0.004770362403539927
-0.006263531537052759
-0.006157254535439164
-0.009059928791687802
-0.007818609693546712
-0.008726110327910746
-0.008974165261828385
-0.008935518227934456
-0.009105370274384567
-0.012760683309485588
-0.012463578744566071
-0.009869410580364831
-0.00477572331482879
0.0061768681960299105
0.02552984667919561
0.04505206836340822
0.06034894070987798
0.06553731763217947
0.06872839270780601
0.07997472571554967
0.08623941412581154
0.06760317360342326
0.0347274160740943
0.007152305066530156
-0.006867233264196248
-0.011893226813781755
-0.013029825744556025
-0.013282622344679685
-0.010786071413944012
-0.012213620269970232
-0.010565520488178685
-0.008318215826377241
-0.008641774755312918
-0.008635370649737602
-0.007289319313727302
-0.006297654076461087
-0.004795237862549778
-0.003240862083665824
-0.0016407431477341917
-0.0016788924344373422
-0.001661480443864989
-0.004928170254571284
-0.006489646740699056
-0.006401477147538939
-0.009457483799606519
-0.007947214070817547
-0.009279692722543679
-0.011780403511253784
-0.01177412627318273
-0.014219429078344559
-0.017658361765191147
-0.020300896868821357
-0.020495386361438227
-0.018454083276175863
-0.0033469236674733
0.02358906834452975
0.06784895478415522
0.08789269074701611
0.07230115922269471
0.0732153217512681
0.1070904925976293
0.14687594091052553
0.10597413557888455
0.028418301376276246
-0.01540159084476727
-0.025267922049711625
-0.02639324560471003
-0.020977212748426444
-0.01861416212998931
-0.019013481845651516
-0.013846108467811513
-0.013526226691155276
-0.011464072106771792
-0.009614163266903323
-0.009902564366672783
-0.007662363331478902
-0.006527440372922491
-0.004955246887682108
-0.004175394606229277
-0.0016872728135668132
-0.001722648519506243
-0.0017081794092681317
-0.005078234773244501
-0.006704878053282333
-0.006634161376886984
-0.009837026370673458
-0.008999046760789699
-0.0103502140016184
-0.013144375320992205
-0.01332477030249268
-0.01939245787717908
-0.022707237165789665
-0.027903053056066184
-0.03623204230764956
-0.039380556427546384
-0.03976920803263297
-0.0012040756765086776
0.10624723472717673
0.15413657681869786
0.07378061597130602
0.02859470919577519
0.12875927461641748
0.2869658714077786
0.12353363214485986
-0.053136903351026055
-0.07379718066228522
-0.05892002391169898
-0.04333029263978035
-0.03266460407952205
-0.025214532428264474
-0.02242331176914213
-0.01616497066406474
-0.014876836010363248
-0.012225834428696122
-0.00962736397144195
-0.011238455274763776
-0.009200318997812162
-0.006758677085681634
-0.005969493906233459
-0.005161454691913022
-0.0026017662976692466
-0.0017664780565549581
-0.0017547731656579401
-0.005227369331197142
-0.00691804750149013
-0.006863590685874169
-0.01020986745420252
-0.010867503750099837
-0.011395762513073627
-0.01378466651996072
-0.016565203589614143
-0.022086041704401538
-0.02833730882447964
-0.03642374759651889
-0.04983712065110153
-0.07406112064517484
-0.10922836943621932
-0.10285413540408443
0.14228998854310487
0.3721021842750784
0.051820587050227476
-0.137737193283056
-0.16322125800422133
0.7421580083395081
0.37936468001160806
-0.1574200779855774
-0.1459047976897797
-0.0908769478621554
-0.05879353931725144
-0.03924238741794537
-0.030064092871916477
-0.02446216789542727
-0.01850521332547094
-0.015945790143268898
-0.013298147262793658
-0.010404232020548106
-0.011711423982419979
-0.01036308236674248
-0.006959946417882565
-0.0061331924048049265
-0.005292407998176263
-0.003550783121904069
-0.0018042595399787157
-0.001794993151546635
-0.0053562213773890805
-0.007102199444970178
-0.00706186404823101
-0.010287272972661148
-0.011452177724039147
-0.012559875839239404
-0.015069243084307321
-0.018071319527171805
-0.02448157002604448
-0.031311697501670524
-0.04190589310351856
-0.06161680438827475
-0.10021775042726895
-0.1785000757617173
-0.23248449830852752
0.5576294912797213
1.0930458922077966
-0.2521066293761818
-0.2517068403907648
-0.26144573097973284
0.9208153340619825
0.7996911905598476
-0.043420540594567895
-0.14553195763888066
-0.09730614883367303
-0.06158642629292057
-0.04279620154943386
-0.031092000714684043
-0.026166162198858017
-0.020157745680071903
-0.015316978210850287
-0.014458496587313479
-0.011309123587611492
-0.011996835937594678
-0.010415197026276921
-0.008023103063068377
-0.006272577022125073
-0.0036025525368410753
-0.0036201907856138957
-0.0018362400160254232
-0.0018290803635320986
-0.005465473556372026
-0.007258146177487565
-0.0072296095773823205
-0.010404786230202011
-0.01194313428647591
-0.01325609523344676
-0.015344259005685777
-0.01955282219148367
-0.023716645179924726
-0.03250443486289953
-0.04215122578620076
-0.0599761968961089
-0.09470423692618016
-0.14995121900618857
-0.10104637798117022
0.7337058086119853
0.9697026679176246
0.01242719526701251
-0.10080594623283647
0.039269711955598766
0.5341300305443257
0.4265683770117155
0.025981615703515086
-0.07975092205151733
-0.07165857938944509
-0.051114001472498526
-0.038841908959353
-0.029339088267724595
-0.026317935848926097
-0.020018508892232542
-0.016412938018415743
-0.01334150780249691
-0.011878841369392091
-0.010499255835213049
-0.010728598540602896
-0.009123777417168733
-0.005494126545090051
-0.0036762573044045108
-0.003689609685895438
-0.0018677576973993159
-0.0018623946062842752
-0.005571282777989836
-0.00740777679770417
-0.007388632176150606
-0.008900619864709556
-0.012395351312039697
-0.012210967658067952
-0.0135544339383392
-0.018781480016911017
-0.02166243281004209
-0.031027720577744645
-0.03769334733826461
-0.049633212021412146
-0.06438399972940305
-0.07092161907446405
0.01646667318770844
0.3226961601396723
0.4078193287544685
0.15121065741600015
0.07515034403188774
0.12698539582005658
0.21379882400142206
0.16489871487262123
0.0376993751093885
-0.024438008022009565
-0.03804447270518721
-0.03710011252121616
-0.032803651528260744
-0.02693919323862555
-0.022150961318239827
-0.018231090349010423
-0.016393065943857886
-0.014054894132749664
-0.0125157580585747
-0.01083317227682643
-0.011074532664935447
-0.009308650573407356
-0.005598742667687596
-0.0037421278705661765
-0.0037519049083927928
-0.0018957862337861777
-0.0018918873074509918
-0.0018881439760803412
-0.007539842566436538
-0.007527675911456652
-0.007397609211244099
-0.012902333507899431
-0.012778179613943168
-0.014190250717053442
-0.01778045947557518
-0.019801617992495517
-0.02287095987978493
-0.029917059555763324
-0.03136814377609007
-0.027126084859474025
-0.010939844967656199
0.04658195568611748
0.14758381199102358
0.18682821383872122
0.1439848566049062
0.12395691425418988
0.12590778724947235
0.12993375314140185
0.1009063044256776
0.046755113251148825
0.005908339900840747
-0.012528328097230125
-0.02378140426518984
-0.02429394063275088
-0.02322646201863987
-0.016354032215237093
-0.017182321467696084
-0.014485078129842309
-0.012675566743643934
-0.011002311316659767
-0.011119812426863628
-0.009458496210215151
-0.009470773256005809
-0.00569134763542533
-0.0038007422647193794
-0.0028557351419051854
-0.0019205841201328322
-0.0019178346685620766
-0.0019152774793057042
-0.005738951327765732
-0.007644710229484164
-0.007549927125959136
-0.007457780161594215
-0.013148801788606631
-0.012951620852059847
-0.016667005574857858
-0.018574803828604845
-0.018840988375487897
-0.017093754997756314
-0.01733308652907716
-0.005912838930036509
0.012740562929949063
0.053478017767340645
0.09539223600467824
0.11947179298296008
0.11979168591576549
0.11798545685013247
0.10993412761554162
0.09980093265606953
0.07969560294415501
0.046650347412311534
0.019775543961558208
3.83074291918717e-05
-0.007647643068506691
-0.015373097310707831
-0.017099709196969202
-0.015008023092862765
-0.014916708706100752
-0.01492965096351832
-0.011248517678795464
-0.01127668258135136
-0.011355744033088654
-0.009600445982043711
-0.00960697384102152
-0.00384639210796969
-0.0038506090846840285
-0.0
-0.0019415927680017857
-0.0019397252037938945
-0.0019380454708296923
-0.0019365309048465353
-0.007742400851127031
-0.007675690915526759
-0.007611914422347847
-0.011459584763896344
-0.013324440584655069
-0.015130967357595941
-0.013363515827851414
-0.013393593459898866
-0.01353223077370294
-0.0058471368924466706
0.005898479458443152
0.02564393777397396
0.05349472976127142
0.07746305144017016
0.08758908562524848
0.10180632150608789
0.09997495965657004
0.09696561597236526
0.08285405039438126
0.06973741094897588
0.050701487667881004
0.02478694334636631
0.008944813441027792
-0.0019147199428367206
-0.011624336747966783
-0.013545534930539876
-0.011410931146852637
-0.012347503671624674
-0.01142915785791282
-0.011456584143323964
-0.011553342860657716
-0.00966127541451182
-0.009717841240172527
-0.0068044760789537145
-0.003890316132894163
-0.0038928844017005262
-0.0
-0.0
-0.0019580579730316718
-0.001956998859190278
-0.0019561627643483567
-0.003911149790931622
-0.005866379843784156
-0.0068012138880276865
-0.00774130486020485
-0.009586410558102195
-0.010592775409925903
-0.011646483592282276
-0.01171996243809667
-0.009815626757284191
-0.002
0.013825549422174229
0.027728649276191654
0.04764445490701847
0.0696303953891115
0.08172078795829942
0.09286676304269197
0.08997583118796641
0.08798428760226798
0.07991911379288934
0.06584594601359235
0.04682310830259699
0.03181448215344188
0.011919062313139144
0.003984039534410306
-0.006864527398823187
-0.007811797464373914
-0.01071219968290782
-0.009631740616971925
-0.01164967738760902
-0.01164685131855418
-0.011761662550591509
-0.009813042945353309
-0.00883069525802351
-0.003925019017774165
-0.003926113009093938
-0.0
-0.0
-0.0
-0.0
-0.001972222145283442
-0.0019717450004599403
-0.001971364795044216
-0.0039428500577271975
-0.005873189299131915
-0.005849137194232028
-0.007816527876751979
-0.007791681355971003
-0.010787542355037205
-0.011822208481922399
-0.005932396829546556
0.008922876893413098
0.017841757891294108
0.0317876462893525
0.045773893869385456
0.06677115368567949
0.0758320671679352
0.08391531309729369
0.0899772181591317
0.085992353477388
0.07996567474409047
0.06292851054942125
0.04790224059120161
0.03390293225895608
0.019912304718526872
0.006956628566587333
2.719460035344932e-05
-0.005892515973578202
-0.006865634791867809
-0.007829787388265487
-0.009822562090480623
-0.011841683035822764
-0.009867522868017103
-0.00889777860214309
-0.004942429092334217
-0.001977004199118963
-0.0009885974963460859
-0.0
-0.0
-0.0
-0.0
-0.0
-0.0019837196951838407
-0.00198352634148108
-0.0019834894615726353
-0.0019677484030705744
-0.0039370836782853125
-0.005909955151106656
-0.006894477915571167
-0.00491638708212456
-0.0019486216444889715
0.0020045750035209073
0.011941108413450821
0.019903395297087817
0.033869689747261414
0.04386090513829424
0.05687926017921389
0.0739003221686717
0.07794688586368598
0.07797993827471748
0.08199313966913477
0.07198824269328691
0.0619741674145685
0.04096492522949088
0.030954784141551388
0.01895807364231044
0.009975007456078693
0.003997065116452107
-0.003960523395982887
-0.005948497573672532
-0.005936499002662706
-0.007939384428649375
-0.005950855765898189
-0.003971081178043747
-0.0019879202364258062
-0.001987688471981058
-0.0009938667102760755
-0.0
-0.0
-0.0
-0.0
-0.0
-0.0
-0.0
-0.0
-0.00199209634503061
-0.001988509235232083
-0.0019850831873075934
1.444783872702085e-05
1.6977651838901432e-05
1.883433907987993e-05
1.9683902731093573e-05
0.003997360102590693
0.015958788735593886
0.01795443023327507
0.03193467266923961
0.041930215718882835
0.05593342970031633
0.06594451370375162
0.06996418635041991
0.07198058029372144
0.07399126230762557
0.06799464649632417
0.057992036744875866
0.04198843256819228
0.0329849111642467
0.017987120803509938
0.013987764108396437
0.003998746778070436
-0.0019915053557574454
-0.001986752274465869
1.2023623006301904e-05
5.7497416436609285e-06
8.267778077702365e-06
-0.0009953630654720095
-0.0009974866275186632
-0.0
-0.0
-0.0
-0.0
-0.0
-0.0
-0.0
-0.0
-0.0
-0.0
7.244493781267878e-08
2.2762073234080623e-06
1.1977761095471871e-06
3.4484618725410777e-06
6.715237935457749e-06
7.581068056645371e-06
5.01345064415411e-06
0.007992699839692025
0.015982769558518833
0.01598431358648004
0.03696734303121611
0.04096822951865762
0.04996842747089502
0.06396756896902264
0.06597448397381392
0.06798132524135905
0.06598775029079565
0.06399226852501091
0.049995615495559954
0.03999695327213623
0.03599720108968779
0.015998360523536984
0.015998160525871462
0.007999074319898804
8.636386017885022e-07
1.5814818902561076e-06
1.3607079463508247e-06
-1.8674511427884974e-07
7.222493448689353e-07
8.477234009854396e-07
4.9623760595058676e-08
-0.0
-0.0
-0.0
-0.0
-0.0
-0.0
-0.0
-0.0
-0.0
-0.0
-0.0
1.5134619885155323e-07
1.6907559364651516e-07
-0.0
6.298272247320007e-07
6.978702819904332e-07
5.120468717773071e-07
0.007998602655676847
0.015996676357671793
0.01599692799832743
0.03199263471316927
0.04598888411973375
0.05598677940896893
0.06398276086128123
0.07798021987506593
0.06398410470716154
0.07997963919555769
0.06398281529318596
0.05598562682527271
0.04798813525754745
0.03199144871231444
0.015996772765440436
0.015997285635364546
0.007999024907763363
8.941778628431685e-07
5.802959011349575e-07
2.0946586307828523e-07
3.7603185694242667e-07
1.686609985597104e-07
-0.0
-0.0
-0.0
-0.0
-0.0
-0.0
-0.0
-0.0
-0.0
-0.0
-0.0
-0.0
7.244493781267878e-08
2.2762073234080623e-06
1.1977761095471871e-06
3.4484618725410777e-06
6.715237935457749e-06
7.581068056645371e-06
5.01345064415411e-06
0.007992699839692025
0.015982769558518833
0.01598431358648004
0.03696734303121611
0.04096822951865762
0.04996842747089502
0.06396756896902264
0.06597448397381392
0.06798132524135905
0.06598775029079565
0.06399226852501091
0.049995615495559954
0.03999695327213623
0.03599720108968779
0.015998360523536984
0.015998160525871462
0.007999074319898804
8.636386017885022e-07
1.5814818902561076e-06
1.3607079463508247e-06
-1.8674511427884974e-07
7.222493448689353e-07
8.477234009854396e-07
4.9623760595058676e-08
-0.0
-0.0
-0.0
-0.0
-0.0
-0.0
-0.0
-0.0
-0.0
-0.0
-0.00199209634503061
-0.001988509235232083
-0.0019850831873075934
1.444783872702085e-05
1.6977651838901432e-05
1.883433907987993e-05
1.9683902731093573e-05
0.003997360102590693
0.015958788735593886
0.01795443023327507
0.03193467266923961
0.041930215718882835
0.05593342970031633
0.06594451370375162
0.06996418635041991
0.07198058029372144
0.07399126230762557
0.06799464649632417
0.057992036744875866
0.04198843256819228
0.0329849111642467
0.017987120803509938
0.013987764108396437
0.003998746778070436
-0.0019915053557574454
-0.001986752274465869
1.2023623006301904e-05
5.7497416436609285e-06
8.267778077702365e-06
-0.0009953630654720095
-0.0009974866275186632
-0.0
-0.0
-0.0
-0.0
-0.0
-0.0
-0.0
-0.0
-0.0019837196951838407
-0.00198352634148108
-0.0019834894615726353
-0.0019677484030705744
-0.0039370836782853125
-0.005909955151106656
-0.006894477915571167
-0.00491638708212456
-0.0019486216444889715
0.0020045750035209073
0.011941108413450821
0.019903395297087817
0.033869689747261414
0.04386090513829424
0.05687926017921389
0.0739003221686717
0.07794688586368598
0.07797993827471748
0.08199313966913477
0.07198824269328691
0.0619741674145685
0.04096492522949088
0.030954784141551388
0.01895807364231044
0.009975007456078693
0.003997065116452107
-0.003960523395982887
-0.005948497573672532
-0.005936499002662706
-0.007939384428649375
-0.005950855765898189
-0.003971081178043747
-0.0019879202364258062
-0.001987688471981058
-0.0009938667102760755
-0.0
-0.0
-0.0
-0.0
-0.0
-0.001972222145283442
-0.0019717450004599403
-0.001971364795044216
-0.0039428500577271975
-0.005873189299131915
-0.005849137194232028
-0.007816527876751979
-0.007791681355971003
-0.010787542355037205
-0.011822208481922399
-0.005932396829546556
0.008922876893413098
0.017841757891294108
0.0317876462893525
0.045773893869385456
0.06677115368567949
0.0758320671679352
0.08391531309729369
0.0899772181591317
0.085992353477388
0.07996567474409047
0.06292851054942125
0.04790224059120161
0.03390293225895608
0.019912304718526872
0.006956628566587333
2.719460035344932e-05
-0.005892515973578202
-0.006865634791867809
-0.007829787388265487
-0.009822562090480623
-0.011841683035822764
-0.009867522868017103
-0.00889777860214309
-0.004942429092334217
-0.001977004199118963
-0.0009885974963460859
-0.0
-0.0
-0.0
-0.0019580579730316718
-0.001956998859190278
-0.0019561627643483567
-0.003911149790931622
-0.005866379843784156
-0.0068012138880276865
-0.00774130486020485
-0.009586410558102195
-0.010592775409925903
-0.011646483592282276
-0.01171996243809667
-0.009815626757284191
-0.002
0.013825549422174229
0.027728649276191654
0.04764445490701847
0.0696303953891115
0.08172078795829942
0.09286676304269197
0.08997583118796641
0.08798428760226798
0.07991911379288934
0.06584594601359235
0.04682310830259699
0.03181448215344188
0.011919062313139144
0.003984039534410306
-0.006864527398823187
-0.007811797464373914
-0.01071219968290782
-0.009631740616971925
-0.01164967738760902
-0.01164685131855418
-0.011761662550591509
-0.009813042945353309
-0.00883069525802351
-0.003925019017774165
-0.003926113009093938
-0.0
-0.0
-0.0019415927680017857
-0.0019397252037938945
-0.0019380454708296923
-0.0019365309048465353
-0.007742400851127031
-0.007675690915526759
-0.007611914422347847
-0.011459584763896344
-0.013324440584655069
-0.015130967357595941
-0.013363515827851414
-0.013393593459898866
-0.01353223077370294
-0.0058471368924466706
0.005898479458443152
0.02564393777397396
0.05349472976127142
0.07746305144017016
0.08758908562524848
0.10180632150608789
0.09997495965657004
0.09696561597236526
0.08285405039438126
0.06973741094897588
0.050701487667881004
0.02478694334636631
0.008944813441027792
-0.0019147199428367206
-0.011624336747966783
-0.013545534930539876
-0.011410931146852637
-0.012347503671624674
-0.01142915785791282
-0.011456584143323964
-0.011553342860657716
-0.00966127541451182
-0.009717841240172527
-0.0068044760789537145
-0.003890316132894163
-0.0038928844017005262
-0.0
-0.0019205841201328322
-0.0019178346685620766
-0.0019152774793057042
-0.005738951327765732
-0.007644710229484164
-0.007549927125959136
-0.007457780161594215
-0.013148801788606631
-0.012951620852059847
-0.016667005574857858
-0.018574803828604845
-0.018840988375487897
-0.017093754997756314
-0.01733308652907716
-0.005912838930036509
0.012740562929949063
0.053478017767340645
0.09539223600467824
0.11947179298296008
0.11979168591576549
0.11798545685013247
0.10993412761554162
0.09980093265606953
0.07969560294415501
0.046650347412311534
0.019775543961558208
3.83074291918717e-05
-0.007647643068506691
-0.015373097310707831
-0.017099709196969202
-0.015008023092862765
-0.014916708706100752
-0.01492965096351832
-0.011248517678795464
-0.01127668258135136
-0.011355744033088654
-0.009600445982043711
-0.00960697384102152
-0.00384639210796969
-0.0038506090846840285
-0.0
-0.0018957862337861777
-0.0018918873074509918
-0.0018881439760803412
-0.007539842566436538
-0.007527675911456652
-0.007397609211244099
-0.012902333507899431
-0.012778179613943168
-0.014190250717053442
-0.01778045947557518
-0.019801617992495517
-0.02287095987978493
-0.029917059555763324
-0.03136814377609007
-0.027126084859474025
-0.010939844967656199
0.04658195568611748
0.14758381199102358
0.18682821383872122
0.1439848566049062
0.12395691425418988
0.12590778724947235
0.12993375314140185
0.1009063044256776
0.046755113251148825
0.005908339900840747
-0.012528328097230125
-0.02378140426518984
-0.02429394063275088
-0.02322646201863987
-0.016354032215237093
-0.017182321467696084
-0.014485078129842309
-0.012675566743643934
-0.011002311316659767
-0.011119812426863628
-0.009458496210215151
-0.009470773256005809
-0.00569134763542533
-0.0038007422647193794
-0.0028557351419051854
-0.0018677576973993159
-0.0018623946062842752
-0.005571282777989836
-0.00740777679770417
-0.007388632176150606
-0.008900619864709556
-0.012395351312039697
-0.012210967658067952
-0.0135544339383392
-0.018781480016911017
-0.02166243281004209
-0.031027720577744645
-0.03769334733826461
-0.049633212021412146
-0.06438399972940305
-0.07092161907446405
0.01646667318770844
0.3226961601396723
0.4078193287544685
0.15121065741600015
0.07515034403188774
0.12698539582005658
0.21379882400142206
0.16489871487262123
0.0376993751093885
-0.024438008022009565
-0.03804447270518721
-0.03710011252121616
-0.032803651528260744
-0.02693919323862555
-0.022150961318239827
-0.018231090349010423
-0.016393065943857886
-0.014054894132749664
-0.0125157580585747
-0.01083317227682643
-0.011074532664935447
-0.009308650573407356
-0.005598742667687596
-0.0037421278705661765
-0.0037519049083927928
-0.0018362400160254232
-0.0018290803635320986
-0.005465473556372026
-0.007258146177487565
-0.0072296095773823205
-0.010404786230202011
-0.01194313428647591
-0.01325609523344676
-0.015344259005685777
-0.01955282219148367
-0.023716645179924726
-0.03250443486289953
-0.04215122578620076
-0.0599761968961089
-0.09470423692618016
-0.14995121900618857
-0.10104637798117022
0.7337058086119853
0.9697026679176246
0.01242719526701251
-0.10080594623283647
0.039269711955598766
0.5341300305443257
0.4265683770117155
0.025981615703515086
-0.07975092205151733
-0.07165857938944509
-0.051114001472498526
-0.038841908959353
-0.029339088267724595
-0.026317935848926097
-0.020018508892232542
-0.016412938018415743
-0.01334150780249691
-0.011878841369392091
-0.010499255835213049
-0.010728598540602896
-0.009123777417168733
-0.005494126545090051
-0.0036762573044045108
-0.003689609685895438
-0.0018042595399787157
-0.001794993151546635
-0.0053562213773890805
-0.007102199444970178
-0.00706186404823101
-0.010287272972661148
-0.011452177724039147
-0.012559875839239404
-0.015069243084307321
-0.018071319527171805
-0.02448157002604448
-0.031311697501670524
-0.04190589310351856
-0.06161680438827475
-0.10021775042726895
-0.1785000757617173
-0.23248449830852752
0.5576294912797213
1.0930458922077966
-0.2521066293761818
-0.2517068403907648
-0.26144573097973284
0.9208153340619825
0.7996911905598476
-0.043420540594567895
-0.14553195763888066
-0.09730614883367303
-0.06158642629292057
-0.04279620154943386
-0.031092000714684043
-0.026166162198858017
-0.020157745680071903
-0.015316978210850287
-0.014458496587313479
-0.011309123587611492
-0.011996835937594678
-0.010415197026276921
-0.008023103063068377
-0.006272577022125073
-0.0036025525368410753
-0.0036201907856138957
-0.0017664780565549581
-0.0017547731656579401
-0.005227369331197142
-0.00691804750149013
-0.006863590685874169
-0.01020986745420252
-0.010867503750099837
-0.011395762513073627
-0.01378466651996072
-0.016565203589614143
-0.022086041704401538
-0.02833730882447964
-0.03642374759651889
-0.04983712065110153
-0.07406112064517484
-0.10922836943621932
-0.10285413540408443
0.14228998854310487
0.3721021842750784
0.051820587050227476
-0.137737193283056
-0.16322125800422133
0.7421580083395081
0.37936468001160806
-0.1574200779855774
-0.1459047976897797
-0.0908769478621554
-0.05879353931725144
-0.03924238741794537
-0.030064092871916477
-0.02446216789542727
-0.01850521332547094
-0.015945790143268898
-0.013298147262793658
-0.010404232020548106
-0.011711423982419979
-0.01036308236674248
-0.006959946417882565
-0.0061331924048049265
-0.005292407998176263
-0.003550783121904069
-0.001722648519506243
-0.0017081794092681317
-0.005078234773244501
-0.006704878053282333
-0.006634161376886984
-0.009837026370673458
-0.008999046760789699
-0.0103502140016184
-0.013144375320992205
-0.01332477030249268
-0.01939245787717908
-0.022707237165789665
-0.027903053056066184
-0.03623204230764956
-0.039380556427546384
-0.03976920803263297
-0.0012040756765086776
0.10624723472717673
0.15413657681869786
0.07378061597130602
0.02859470919577519
0.12875927461641748
0.2869658714077786
0.12353363214485986
-0.053136903351026055
-0.07379718066228522
-0.05892002391169898
-0.04333029263978035
-0.03266460407952205
-0.025214532428264474
-0.02242331176914213
-0.01616497066406474
-0.014876836010363248
-0.012225834428696122
-0.00962736397144195
-0.011238455274763776
-0.009200318997812162
-0.006758677085681634
-0.005969493906233459
-0.005161454691913022
-0.0026017662976692466
-0.0016788924344373422
-0.001661480443864989
-0.004928170254571284
-0.006489646740699056
-0.006401477147538939
-0.009457483799606519
-0.007947214070817547
-0.009279692722543679
-0.011780403511253784
-0.01177412627318273
-0.014219429078344559
-0.017658361765191147
-0.020300896868821357
-0.020495386361438227
-0.018454083276175863
-0.0033469236674733
0.02358906834452975
0.06784895478415522
0.08789269074701611
0.07230115922269471
0.0732153217512681
0.1070904925976293
0.14687594091052553
0.10597413557888455
0.028418301376276246
-0.01540159084476727
-0.025267922049711625
-0.02639324560471003
-0.020977212748426444
-0.01861416212998931
-0.019013481845651516
-0.013846108467811513
-0.013526226691155276
-0.011464072106771792
-0.009614163266903323
-0.009902564366672783
-0.007662363331478902
-0.006527440372922491
-0.004955246887682108
-0.004175394606229277
-0.0016872728135668132
-0.0016328442639184327
-0.0016123493770402334
-0.004770362403539927
-0.006263531537052759
-0.006157254535439164
-0.009059928791687802
-0.007818609693546712
-0.008726110327910746
-0.008974165261828385
-0.008935518227934456
-0.009105370274384567
-0.012760683309485588
-0.012463578744566071
-0.009869410580364831
-0.00477572331482879
0.0061768681960299105
0.02552984667919561
0.04505206836340822
0.06034894070987798
0.06553731763217947
0.06872839270780601
0.07997472571554967
0.08623941412581154
0.06760317360342326
0.0347274160740943
0.007152305066530156
-0.006867233264196248
-0.011893226813781755
-0.013029825744556025
-0.013282622344679685
-0.010786071413944012
-0.012213620269970232
-0.010565520488178685
-0.008318215826377241
-0.008641774755312918
-0.008635370649737602
-0.007289319313727302
-0.006297654076461087
-0.004795237862549778
-0.003240862083665824
-0.0016407431477341917
-0.0015852154515512066
-0.0015615857876296018
-0.0038396220266455833
-0.006030705152769203
-0.005906490265970705
-0.008653300135084517
-0.007229868168933923
-0.006962489014029853
-0.006346098965667185
-0.008043322488530421
-0.006512401006600359
-0.0074960931505441645
-0.0071931749597948695
-0.004231221689541291
0.0030484556605845457
0.010042764928295311
0.021719869279380025
0.03363851114486904
0.04516830124442753
0.05070043432379798
0.057474250511941584
0.05970526282548083
0.05948144234770086
0.04605575454394129
0.027131020314950443
0.012521818686751944
0.002633543276202701
-0.0026326634366773453
-0.00884878802297343
-0.010674470254890909
-0.007267255858338823
-0.008808442554926849
-0.00843888355178152
-0.005681809297026028
-0.007288664367406818
-0.008146257617002033
-0.005935075077126803
-0.0060589621857951624
-0.004628711120659834
-0.0023529049272347094
-0.001592192102168282
-0.0015359090079553365
-0.0015091673511216175
-0.002959962895744457
-0.004343919883082096
-0.005650574477942925
-0.00686733260017617
-0.007307617975251842
-0.0055226747686559245
-0.005913745330083617
-0.005394980223640788
-0.005361215915044697
-0.002966954755114269
-0.0035304760051358412
-0.0014020524812102782
0.005339501655386864
0.013370417443640484
0.01995183654874297
0.02822203730726635
0.03605352819933365
0.03978194848727766
0.04177489993422959
0.04362976232439677
0.03894485439614323
0.03547056833021426
0.02499503000836449
0.015484843430659504
0.009204010859122192
0.0011617501343286069
-0.0035720951400625973
-0.003918919439076564
-0.006461256509410455
-0.006599327614045062
-0.0057367904340043865
-0.0055648498160827675
-0.007344121671756713
-0.006274397793157823
-0.005674049918654256
-0.005089262556711059
-0.004458797964588114
-0.0015155929636257223
-0.001542438684471087
-0.0014856707515303186
-0.0014559221934514934
-0.0014234443911071244
-0.003469580636631234
-0.005394371154372452
-0.0058729792091962345
-0.007540063259536163
-0.0056192833443403966
-0.0048415631777557625
-0.0039342379013699
-0.0028960285017214844
-0.002454830433563707
-0.0008376844544214926
0.001478555497535317
0.005620554998176136
0.0105011149039588
0.018602900237073457
0.02449152720293101
0.029946578048713313
0.03253286875378644
0.035886759754029864
0.033657375330728004
0.03371737081886739
0.02820171282132146
0.023798005401735566
0.015135911111410967
0.006354260249892202
0.0027358637960144486
-0.001284502400000285
-0.0031875654537331702
-0.0038004141832098776
-0.005437914578433329
-0.0034100661867236363
-0.005630099430181119
-0.006814384483657071
-0.005851012483533549
-0.005410475323292519
-0.004177270758760608
-0.00357115302991103
-0.0014612770433945124
-0.0014912922555896024
-0.0014348956548443956
-0.001402311440315785
-0.001366776214919932
-0.002655757503914796
-0.0038553952949333596
-0.0049517191557297896
-0.005928317176332691
-0.005892639468604424
-0.003563861353745022
-0.0039006857407074343
-0.0027254732623858582
-0.0002794385982541091
0.0004965136688507035
0.0023978849324870974
0.006838998780519307
0.009272689396009842
0.012788935964002242
0.020670668735596538
0.02320608315480191
0.02309346688625622
0.02993956339025325
0.0277319696904795
0.02441087183969882
0.022134655120968384
0.017403759499785593
0.01109130928910869
0.006967402384513915
0.002359771042435694
0.00014177892657692644
-0.0008536572342659687
-0.0036806484489523106
-0.0028169615568098493
-0.004470003528376232
-0.005443591369429269
-0.005113687516323724
-0.004956613223564409
-0.005149525961622535
-0.0039928394214796365
-0.0013705033284111083
-0.0014065708428345211
-0.0014395845213610143
-0.001384021493573798
-0.0013488249805446645
-0.0013105229280698577
-0.0025374343455853393
-0.0024458989321020303
-0.004690790302773469
-0.005586764126589879
-0.005281637594359394
-0.003911723949238126
-0.00223144517895228
-0.0023278548585069876
-0.0004075079574472096
0.0009449360726665667
0.0032912733061843547
0.004549065317667378
0.00934652233291269
0.012883489572871649
0.014691852171263304
0.02011675132627904
0.021360189427367306
0.021967245132168786
0.02179711871446056
0.02083722835404186
0.01545833167453765
0.013598768981260933
0.01156078409972203
0.0063529341092534025
0.0037743084781191303
0.0006619786762572607
-0.0014198680783386651
-0.0010059842368645557
-0.0021398824475664813
-0.003855542208719333
-0.005362843684785586
-0.005574271559303729
-0.004687162995398909
-0.003670149760883784
-0.002540433500796348
-0.0013128930206371583
-0.0013519081774893645
-0.0013876894434539065
