-0.0863244268619481
-0.0897683950018767
-0.09016256835962189
-0.09435450709644409
-0.09650332825287104
-0.09436253575857055
-0.08939535564896023
-0.0830646188635096
-0.06934669754872562
-0.05394943550079104
-0.02025595107507239
0.020669027532157366
0.07678035409063484
0.15405581197877188
0.24714048368327868
0.3563614201184347
0.46662679187787004
0.5741007471951379
0.6599514733002521
0.7246822066731612
0.7441660970845619
0.7307752085891094
0.6609162862423964
0.5626435500184829
0.44499672257781103
0.3131679895244372
0.1957795400121432
0.09833611065789052
0.02294432741053768
-0.031008104707537922
-0.0676213147906547
-0.08958150550945325
-0.10368648905937988
-0.11441574254440139
-0.11269905357660726
-0.1119399089976649
-0.11212234366133253
-0.106387283165893
-0.104144511871055
-0.09676785265912774
-0.09562766703416459
-0.09597071170552436
-0.10047490658155013
-0.10605049388997535
-0.11252957484289582
-0.1118377806122976
-0.11445625798733493
-0.11847817042588062
-0.11146702594123363
-0.10648037693397014
-0.08352341365203152
-0.056140730878189125
-0.01440529784374244
0.05258811958031662
0.14255094678892424
0.2628366192197795
0.40747527244186116
0.5606319363277512
0.7063518198296503
0.8384379986916456
0.9235560740849965
0.9674898438171712
0.9450365421785946
0.8592995227973573
0.7155298043041282
0.5365555945443928
0.3497326397158066
0.1908726775501768
0.06622072735946605
-0.023849819570114332
-0.08209602125846484
-0.11545713166467565
-0.13011300409074666
-0.140105589229938
-0.14431142802681293
-0.1431276650044553
-0.13809977224815786
-0.13134090916088098
-0.1239972867792099
-0.11748271506325345
-0.11138434848530375
-0.10675709150645656
-0.10788288653230425
-0.11353685552801868
-0.121150139145634
-0.12703586687874946
-0.13396239107095093
-0.1398533901455335
-0.14408091608702436
-0.14460963910739566
-0.14096700632852302
-0.12732663290476473
-0.10232703535783297
-0.0600972378246557
0.008647007962207885
0.11822206728647905
0.2717882849674755
0.4586223322497906
0.6749236487191171
0.8911927831780065
1.0722588221076546
1.199488724668927
1.2591096181003922
1.251080991836074
1.1407800326604483
0.9307644008494957
0.6555424508632992
0.38274430931111075
0.1582961544064367
0.003312801807074474
-0.09894228330879971
-0.14898755521809057
-0.17636241083192375
-0.18391146805270392
-0.18520449071316775
-0.17891929329568748
-0.17384395951881168
-0.16100294079654243
-0.15057243979865143
-0.14465183267167905
-0.13298768450413145
-0.12427804704411949
-0.11602680008864925
-0.11693548085361484
-0.12694912526383814
-0.13756058145161007
-0.14602364944092722
-0.15669837309065682
-0.16425800655776476
-0.17249169475786
-0.18120382162856183
-0.1878734065016387
-0.18006259631564453
-0.16387773373783932
-0.12862072493568036
-0.060585281400727574
0.0643496427664609
0.2523884721483728
0.5127043551998779
0.8346095620402373
1.136885616693079
1.3793375547684612
1.5341549467506466
1.6440123764208794
1.6739818719071093
1.559257538560299
1.2416455686497125
0.8017605024536069
0.3821126007392937
0.07519623385774386
-0.11140997284284648
-0.20627333388717017
-0.24899870448012829
-0.25639239217651005
-0.25360760033185886
-0.24049523110112048
-0.22274245377093357
-0.2060205647652411
-0.19088710595685252
-0.1706681404249056
-0.15965824072156007
-0.14730986969449827
-0.13775613861182678
-0.12815368417827624
-0.12902076943510904
-0.13603647265368377
-0.15214865048111811
-0.16429399822273164
-0.1760922867297446
-0.18720266716212472
-0.20351864422034438
-0.21830933173487152
-0.23644674005695432
-0.24419072160185826
-0.24207656262886337
-0.22549858151253477
-0.16825295602582474
-0.04458251515452955
0.18583351775398094
0.5490654971024246
1.0193507225563108
1.476970473029417
1.760746468423382
1.893486965958252
2.0341083524254056
2.2114322782771882
2.1704300716592493
1.6848354057884438
0.937867696304265
0.2812714443189493
-0.11302357596985355
-0.3091336592325923
-0.37138988526237565
-0.3746376127971208
-0.3517133362878577
-0.32270809733688754
-0.2946269158404766
-0.2659900690824458
-0.2387280645012865
-0.21566880587330026
-0.1920240172639588
-0.17539672073125015
-0.16249576094216894
-0.14862689291567346
-0.13724996863577754
-0.13647516864805814
-0.14811973647684068
-0.16365305789678739
-0.1784708043899106
-0.1921776111489685
-0.2119655422272455
-0.2338974496590221
-0.2582653289309545
-0.28260841070481046
-0.3136504664029428
-0.3345709754987565
-0.3461144476341154
-0.3242204135681001
-0.22987026559189952
0.004987509771246485
0.47340985090428833
1.197898370564839
1.9140925465401257
2.165097222990942
2.0099055573178406
2.067684136442169
2.580404442425287
2.8291071123109566
2.0761152195740498
0.8169672452650253
-0.10548790662126897
-0.5079204189429785
-0.6100125505033726
-0.5864313243619135
-0.5300878607049007
-0.45864869575740996
-0.3989370499286794
-0.34599677216312236
-0.30362349667296895
-0.2705688865421196
-0.24194289507711797
-0.21968220140271538
-0.19308504829218742
-0.17256464391767118
-0.15614049496831867
-0.14463395259570014
-0.14474055626333446
-0.1605949745036484
-0.17819673905534106
-0.1901768744134362
-0.21048507820072193
-0.23240040813199583
-0.25879955469330684
-0.2898388624438108
-0.3332983452952379
-0.37617873842359545
-0.43076681831573715
-0.4891718528774408
-0.5368218315708618
-0.5398980278597268
-0.402167300749671
0.06296797002232292
1.0452775687372555
2.1422711379339594
2.1197627854900873
0.9799540197121382
0.5423730232426395
1.4374909763753776
2.103322100772246
1.1583035695497959
-0.4340004044299502
-1.152091223437292
-1.204129955237304
-1.0353700408804432
-0.8455062175380432
-0.685673563104421
-0.5566067549480938
-0.4683551808936681
-0.3930417803205849
-0.33905120724365967
-0.2912631601130794
-0.2607354762859705
-0.23144804263958296
-0.21021722001737847
-0.18319885033950636
-0.16933046479282415
-0.15275523744838143
-0.15322417248438427
-0.16854353047805806
-0.18030399281941528
-0.19905339182235965
-0.2223782944523657
-0.2459219641767448
-0.27788447722780407
-0.3206944065183785
-0.3694746566659777
-0.42987697887461157
-0.5185551663792131
-0.6380812674651941
-0.7924037380417249
-0.9771518820366428
-1.1693844067757453
-1.1985807683678382
-0.6987421642783509
0.13227749364582891
-0.7843192210388233
-3.125007335482508
-4.260500316025268
-4.239982116410595
-5.689930402843984
-4.873569880861236
-4.35508945163608
-3.1358993335648715
-2.1594504370427092
-1.5110601027468036
-1.089762451493924
-0.8167920029053305
-0.6401449817469829
-0.5159212437868677
-0.4289331192014671
-0.36248376315224884
-0.3103567939134865
-0.2723389912633897
-0.2425674090267873
-0.21639176436224491
-0.20189465961801553
-0.1761720894429845
-0.15734667689941353
-0.15752772176874139
-0.17420006902973256
-0.18866811033254674
-0.20358729733556408
-0.22748081389608243
-0.2562451806315133
-0.2932171334034289
-0.3300573047305481
-0.38831899496881395
-0.46461443585024936
-0.5762024185547955
-0.7373268679911891
-0.9878072595592186
-1.4035375187038395
-2.098083622623461
-3.31207591859126
-5.220652653461147
-7.351777996768251
-12.02584977018094
-5.78131199130309
-12.279804001978146
-14.50452833173299
-14.519844135456767
-13.767323080664712
-8.718430854438886
-5.010623048835658
-2.928779598091821
-1.8175385937444217
-1.216906116786583
-0.8748834987565396
-0.664209750890735
-0.5297781974737957
-0.43995833497806186
-0.3730647150968408
-0.3178936369906643
-0.2790738830654407
-0.24612811798417086
-0.22072778491151748
-0.20388278376658467
-0.1812744518554657
-0.16381355057462957
-0.16387114433673214
-0.17696948958211453
-0.19177597343610955
-0.21082777570808442
-0.22580801767281433
-0.2562248820884432
-0.28640579805639454
-0.324548869379026
-0.37994995606843723
-0.45914121739818453
-0.5732404845851854
-0.7537011994484955
-1.0635080890040673
-1.6128870128205248
-2.6938236892767513
-4.889732248885214
-9.011392361026116
-13.238044749702535
-13.355661477459385
-16.965944156816004
-14.587268095978283
-16.76500345755948
-22.1729362048769
-13.502127880408763
-9.934723863068527
-5.484158355235898
-2.981804683466457
-1.7448707654210902
-1.14501923129964
-0.8168990764634053
-0.6311657644101241
-0.5011137357153486
-0.41649617922906573
-0.36027926596801496
-0.31587159667829634
-0.27580686113397884
-0.2490647328963966
-0.22325870900314543
-0.20017063000868462
-0.18598902541372625
-0.16769395005272822
-0.1616313352021139
-0.17330479249327405
-0.18967365805442682
-0.20536749733390136
-0.2203579493335398
-0.24433802703803428
-0.26651333983937775
-0.29991035893007384
-0.34690083407528693
-0.40481392325892274
-0.49903568797570713
-0.6468001788323816
-0.9100501674961216
-1.4192881145425114
-2.458185142365765
-4.622827115969891
-8.664933081726979
-12.50140148491379
-15.518727680912788
-13.303014446181537
-9.91222809738452
-9.26376302122936
-7.213934018407568
-8.419077024655138
-5.149822721918908
-3.199097838477448
-1.928968249816569
-1.2267710797496814
-0.8534728829326678
-0.6479577518013501
-0.5193522874767232
-0.43464654777072476
-0.3731259681747351
-0.32763954722465777
-0.29424406905157435
-0.26214110085396247
-0.23604166993912146
-0.21816530013282914
-0.19687254854589484
-0.18577360056324724
-0.1716709940434265
-0.16248001574833326
-0.17339372984370408
-0.18285281515064758
-0.19576490590475143
-0.21366457845807046
-0.22610358295717314
-0.23878050092102365
-0.2598036180817989
-0.27939756642373853
-0.3140616026649734
-0.3632490534430836
-0.4417216665284739
-0.5820837514120625
-0.8507061318415428
-1.3815032529302895
-2.3083137246863914
-3.170466731674064
-2.5177409958186248
-2.0311226753311513
-1.6568467254541637
-1.007791760795788
0.8288328432772482
4.031308545427766
3.913597515490663
1.5565407311895267
0.08457643563435954
-0.3576806593736523
-0.42974974507043184
-0.41347368272302143
-0.38832788182409905
-0.3542603695131746
-0.33102885906224494
-0.3042167941426462
-0.27982398027798383
-0.2606865099439598
-0.24210424252626975
-0.22245274141101284
-0.21215629829420107
-0.19401021846451413
-0.18469284712017042
-0.1696893734724598
-0.15934971299794862
-0.17148775419988233
-0.17600068696813476
-0.18325607671168515
-0.19181358092016657
-0.1936369959355158
-0.1980929227889436
-0.20109061256720484
-0.20072078676930058
-0.1884055793629276
-0.18325657685889024
-0.1620835549369749
-0.13282376822768788
-0.07821638230021619
0.0633991841490217
0.5871856862240443
2.3115714292098257
5.649177402229515
7.396026002534318
5.973611963494969
5.0185528459709605
5.589562584036885
6.806024529411419
6.377363548972598
4.146635818392874
2.0967588388658926
0.919200243823583
0.33327746826472965
0.05298628013779809
-0.08583585123133139
-0.16372351787160683
-0.19631001375022303
-0.21187163005838286
-0.2181159016634004
-0.21883826528747413
-0.21182267915225458
-0.2035149630011143
-0.19433144465806498
-0.18536402634095883
-0.1751533963242661
-0.16625826818837103
-0.15679638022982129
-0.16349861603424606
-0.1653362901963354
-0.16917327830546947
-0.16513015590786312
-0.16080602054964874
-0.1525682199519639
-0.13773070864092637
-0.1046581401265794
-0.056176589036477265
0.016168454764071923
0.13400637917586308
0.3217673261247706
0.626457988332169
1.17971835490761
2.2537712661910945
4.146667030215612
6.499166474034153
7.738383894495453
7.383586541246929
6.789600622305345
6.651174457424028
6.598130771458377
5.8755628995875515
4.395715809750149
2.8244059674171584
1.653863262507258
0.9121361063182559
0.4647689167304768
0.19875798751559745
0.040226213004634484
-0.055703356920157404
-0.11659554122932574
-0.1513042226491816
-0.16485603279868655
-0.18114358120283966
-0.17834334363516532
-0.17827312755618208
-0.17921281437912195
-0.1685072267295204
-0.1597030354496916
-0.15349593896262786
-0.15483396304717847
-0.15214225212477964
-0.15140336467346374
-0.1446710980317901
-0.12920434203916548
-0.10872115160662797
-0.0660059301237618
-0.011502924466339612
0.08286046724681509
0.20859579133480127
0.40220640142657005
0.6967531778881619
1.140578352462771
1.8212502382772182
2.85514361384165
4.269102952603478
5.729181271047902
6.659628585760118
6.859345635405262
6.690203567518507
6.442916542027371
6.040713435910241
5.288910177564136
4.2091077994171835
3.0352385917328384
2.03577437382574
1.2956404954682328
0.7908196407778562
0.4515988956074767
0.2305545891485131
0.0779824039136812
-0.014672290461054054
-0.08549258636388046
-0.1165422924033354
-0.14343492523791596
-0.16069599231179377
-0.16037705142442218
-0.1640224474314149
-0.158717743584071
-0.15354527025924192
-0.1459305625806043
-0.14948554512638754
-0.14013131250224564
-0.136601340363962
-0.1222577855517391
-0.09812701464626661
-0.05829593890522436
0.00020604161228332958
0.0813961124368277
0.20679787194316512
0.37884928174296945
0.6281324762634082
0.9828502420630235
1.4704518000802536
2.147118829365645
3.0254871205582177
4.0609660542056325
5.064863761562247
5.790903783107683
6.140447672855231
6.179178109490155
5.985488563905131
5.562214030803031
4.895256990339152
4.027221979850565
3.098693429117109
2.2505099215542477
1.5523097771122165
1.0315956511633166
0.6529640027567113
0.3930221768721707
0.2048996702106685
0.076269518322458
-0.008896511867622775
-0.07046939049201727
-0.10423014696042636
-0.13224990846094573
-0.13953760827248277
-0.14782926349692851
-0.1492376119651035
-0.1475848735201114
-0.14371437661601852
-0.1385263496517376
-0.13225085744841947
-0.12103120138011562
-0.09690876663143551
-0.06590953872331438
-0.012198125882682116
0.059317546939761656
0.1616203903805006
0.31038285019169287
0.5148936782918662
0.8009639185326192
1.1759155487771515
1.672881897506432
2.3030939901911474
3.0568752068713936
3.8705827842102676
4.637655793960124
5.239098530505532
5.5930759833711585
5.690231013437055
5.554745163546349
5.1878278475033275
4.615327195604697
3.890056084667545
3.1064333633945345
2.362514101472715
1.7251491623479644
1.2102466420962046
0.8095401218705405
0.5227727559509835
0.3128951078822726
0.1539411443786423
0.05154102788939279
-0.023988464350614518
-0.07475757795587354
-0.10669296080062504
-0.12573600983381716
-0.13885386017111534
-0.1420381299255898
-0.14523370420324366
-0.13717843898594334
-0.13101882464489983
-0.12489388208928591
-0.10285973054680594
-0.0817519559635957
-0.03586939404067575
0.023932530690405417
0.10761974546200112
0.23006662420518376
0.3972866054311504
0.6193588402410611
0.9232244802774588
1.310066708154527
1.8019179579271514
2.382040286466298
3.0465280088069315
3.738529479333315
4.377230722285523
4.892533332286612
5.212069791098742
5.321277384703857
5.218781974178759
4.902588315132891
4.402066545675359
3.777440427718819
3.090945244635936
2.4218524706797657
1.82898183285712
1.3243988980940669
0.9299429066083252
0.6235639774129614
0.3892027626221263
0.22370681403370835
0.10111384960476362
0.014418225196486023
-0.046405606078061885
-0.08733148893068628
-0.10933862537494694
-0.12538716258361537
-0.137448410373843
-0.1385774450161556
-0.13215561857595487
-0.1250800301853148
-0.11602788571296621
-0.09500325475196834
-0.06797784967289934
-0.01903923695966556
0.04885043541081084
0.14365335567986232
0.2723926926396685
0.4549818303672262
0.6954947695715036
1.0049342330436897
1.3963463947729222
1.876790732081771
2.432346413063758
3.0371041582855636
3.6550926204517986
4.224395991585793
4.676976687114767
4.96768492285768
5.077309911347259
4.982702128740872
4.695814757664828
4.25371271703841
3.6905286690285943
3.0753573009562203
2.4592627005003047
1.88926663815185
1.4083601610230008
1.0125319876904442
0.6947581559894028
0.454985205176111
0.26920283526389926
0.13937048396934112
0.03952112280989899
-0.022399821256833343
-0.06735818168074283
-0.10033931488579192
-0.11934782021142602
-0.12638677864144246
-0.13540797867154714
-0.1337434337990943
-0.12272699538449187
-0.11171191121976332
-0.09369218912085753
-0.05869600024740987
-0.004716582981290932
0.06425139684471654
0.1651901016394994
0.30109596663315435
0.48795909813327515
0.7337924294458029
1.0505874900463938
1.4443618748111093
1.9141319058227497
2.455922240147269
3.0347668006420405
3.616692775091314
4.1447230361926835
4.560866836438241
4.839086586931286
4.933337302816233
4.845559968017509
4.580725031139072
4.160822410452397
3.6338692154970484
3.0498855012827257
2.467887779393878
1.929889453483673
1.4508998141774134
1.0549214166481637
0.7359530500995606
0.49098948105853674
0.29802799188167334
0.16406168450546169
0.0630881632337024
-0.010891379011568404
-0.060878116717242574
-0.09287444830397264
-0.11287259459271828
-0.1258754171881844
-0.13188175503086536
-0.1309901916907829
-0.12398882296473328
-0.11298722734601435
-0.09198574913145588
-0.05598459474022288
-0.0059841954110738315
0.06801544284269506
0.17001327243410105
0.3150067914101835
0.5009954866705875
0.7469766213455529
1.0679454670081563
1.4639007886293125
1.9328403160960497
2.465765396082795
3.0396754631419967
3.6095814870377128
4.121489829687138
4.531414134965974
4.801363180233924
4.887347907608121
4.800363892638189
4.530415101399355
4.122490612494915
3.6075811549696124
3.041676247078278
2.4657653800403923
1.931841360326339
1.4619017196416009
1.069946122234379
0.7489760922364915
0.5019951827249651
0.31500715152563785
0.16901332437368335
0.06901563156676899
-0.004983828565662353
-0.05598451105487586
-0.09198572943535954
-0.11098750550239042
-0.1239889398351532
-0.1299902970829106
-0.1337434337990943
-0.12272699538449187
-0.11171191121976332
-0.09369218912085753
-0.05869600024740987
-0.004716582981290932
0.06425139684471654
0.1651901016394994
0.30109596663315435
0.48795909813327515
0.7337924294458029
1.0505874900463938
1.4443618748111093
1.9141319058227497
2.455922240147269
3.0347668006420405
3.616692775091314
4.1447230361926835
4.560866836438241
4.839086586931286
4.933337302816233
4.845559968017509
4.580725031139072
4.160822410452397
3.6338692154970484
3.0498855012827257
2.467887779393878
1.929889453483673
1.4508998141774134
1.0549214166481637
0.7359530500995606
0.49098948105853674
0.29802799188167334
0.16406168450546169
0.0630881632337024
-0.010891379011568404
-0.060878116717242574
-0.09287444830397264
-0.11287259459271828
-0.1258754171881844
-0.13188175503086536
-0.13215561857595487
-0.1250800301853148
-0.11602788571296621
-0.09500325475196834
-0.06797784967289934
-0.01903923695966556
0.04885043541081084
0.14365335567986232
0.2723926926396685
0.4549818303672262
0.6954947695715036
1.0049342330436897
1.3963463947729222
1.876790732081771
2.432346413063758
3.0371041582855636
3.6550926204517986
4.224395991585793
4.676976687114767
4.96768492285768
5.077309911347259
4.982702128740872
4.695814757664828
4.25371271703841
3.6905286690285943
3.0753573009562203
2.4592627005003047
1.88926663815185
1.4083601610230008
1.0125319876904442
0.6947581559894028
0.454985205176111
0.26920283526389926
0.13937048396934112
0.03952112280989899
-0.022399821256833343
-0.06735818168074283
-0.10033931488579192
-0.11934782021142602
-0.12638677864144246
-0.13540797867154714
-0.13717843898594334
-0.13101882464489983
-0.12489388208928591
-0.10285973054680594
-0.0817519559635957
-0.03586939404067575
0.023932530690405417
0.10761974546200112
0.23006662420518376
0.3972866054311504
0.6193588402410611
0.9232244802774588
1.310066708154527
1.8019179579271514
2.382040286466298
3.0465280088069315
3.738529479333315
4.377230722285523
4.892533332286612
5.212069791098742
5.321277384703857
5.218781974178759
4.902588315132891
4.402066545675359
3.777440427718819
3.090945244635936
2.4218524706797657
1.82898183285712
1.3243988980940669
0.9299429066083252
0.6235639774129614
0.3892027626221263
0.22370681403370835
0.10111384960476362
0.014418225196486023
-0.046405606078061885
-0.08733148893068628
-0.10933862537494694
-0.12538716258361537
-0.137448410373843
-0.1385774450161556
-0.14371437661601852
-0.1385263496517376
-0.13225085744841947
-0.12103120138011562
-0.09690876663143551
-0.06590953872331438
-0.012198125882682116
0.059317546939761656
0.1616203903805006
0.31038285019169287
0.5148936782918662
0.8009639185326192
1.1759155487771515
1.672881897506432
2.3030939901911474
3.0568752068713936
3.8705827842102676
4.637655793960124
5.239098530505532
5.5930759833711585
5.690231013437055
5.554745163546349
5.1878278475033275
4.615327195604697
3.890056084667545
3.1064333633945345
2.362514101472715
1.7251491623479644
1.2102466420962046
0.8095401218705405
0.5227727559509835
0.3128951078822726
0.1539411443786423
0.05154102788939279
-0.023988464350614518
-0.07475757795587354
-0.10669296080062504
-0.12573600983381716
-0.13885386017111534
-0.1420381299255898
-0.14523370420324366
-0.1459305625806043
-0.14948554512638754
-0.14013131250224564
-0.136601340363962
-0.1222577855517391
-0.09812701464626661
-0.05829593890522436
0.00020604161228332958
0.0813961124368277
0.20679787194316512
0.37884928174296945
0.6281324762634082
0.9828502420630235
1.4704518000802536
2.147118829365645
3.0254871205582177
4.0609660542056325
5.064863761562247
5.790903783107683
6.140447672855231
6.179178109490155
5.985488563905131
5.562214030803031
4.895256990339152
4.027221979850565
3.098693429117109
2.2505099215542477
1.5523097771122165
1.0315956511633166
0.6529640027567113
0.3930221768721707
0.2048996702106685
0.076269518322458
-0.008896511867622775
-0.07046939049201727
-0.10423014696042636
-0.13224990846094573
-0.13953760827248277
-0.14782926349692851
-0.1492376119651035
-0.1475848735201114
-0.15349593896262786
-0.15483396304717847
-0.15214225212477964
-0.15140336467346374
-0.1446710980317901
-0.12920434203916548
-0.10872115160662797
-0.0660059301237618
-0.011502924466339612
0.08286046724681509
0.20859579133480127
0.40220640142657005
0.6967531778881619
1.140578352462771
1.8212502382772182
2.85514361384165
4.269102952603478
5.729181271047902
6.659628585760118
6.859345635405262
6.690203567518507
6.442916542027371
6.040713435910241
5.288910177564136
4.2091077994171835
3.0352385917328384
2.03577437382574
1.2956404954682328
0.7908196407778562
0.4515988956074767
0.2305545891485131
0.0779824039136812
-0.014672290461054054
-0.08549258636388046
-0.1165422924033354
-0.14343492523791596
-0.16069599231179377
-0.16037705142442218
-0.1640224474314149
-0.158717743584071
-0.15354527025924192
-0.15679638022982129
-0.16349861603424606
-0.1653362901963354
-0.16917327830546947
-0.16513015590786312
-0.16080602054964874
-0.1525682199519639
-0.13773070864092637
-0.1046581401265794
-0.056176589036477265
0.016168454764071923
0.13400637917586308
0.3217673261247706
0.626457988332169
1.17971835490761
2.2537712661910945
4.146667030215612
6.499166474034153
7.738383894495453
7.383586541246929
6.789600622305345
6.651174457424028
6.598130771458377
5.8755628995875515
4.395715809750149
2.8244059674171584
1.653863262507258
0.9121361063182559
0.4647689167304768
0.19875798751559745
0.040226213004634484
-0.055703356920157404
-0.11659554122932574
-0.1513042226491816
-0.16485603279868655
-0.18114358120283966
-0.17834334363516532
-0.17827312755618208
-0.17921281437912195
-0.1685072267295204
-0.1597030354496916
-0.15934971299794862
-0.17148775419988233
-0.17600068696813476
-0.18325607671168515
-0.19181358092016657
-0.1936369959355158
-0.1980929227889436
-0.20109061256720484
-0.20072078676930058
-0.1884055793629276
-0.18325657685889024
-0.1620835549369749
-0.13282376822768788
-0.07821638230021619
0.0633991841490217
0.5871856862240443
2.3115714292098257
5.649177402229515
7.396026002534318
5.973611963494969
5.0185528459709605
5.589562584036885
6.806024529411419
6.377363548972598
4.146635818392874
2.0967588388658926
0.919200243823583
0.33327746826472965
0.05298628013779809
-0.08583585123133139
-0.16372351787160683
-0.19631001375022303
-0.21187163005838286
-0.2181159016634004
-0.21883826528747413
-0.21182267915225458
-0.2035149630011143
-0.19433144465806498
-0.18536402634095883
-0.1751533963242661
-0.16625826818837103
-0.16248001574833326
-0.17339372984370408
-0.18285281515064758
-0.19576490590475143
-0.21366457845807046
-0.22610358295717314
-0.23878050092102365
-0.2598036180817989
-0.27939756642373853
-0.3140616026649734
-0.3632490534430836
-0.4417216665284739
-0.5820837514120625
-0.8507061318415428
-1.3815032529302895
-2.3083137246863914
-3.170466731674064
-2.5177409958186248
-2.0311226753311513
-1.6568467254541637
-1.007791760795788
0.8288328432772482
4.031308545427766
3.913597515490663
1.5565407311895267
0.08457643563435954
-0.3576806593736523
-0.42974974507043184
-0.41347368272302143
-0.38832788182409905
-0.3542603695131746
-0.33102885906224494
-0.3042167941426462
-0.27982398027798383
-0.2606865099439598
-0.24210424252626975
-0.22245274141101284
-0.21215629829420107
-0.19401021846451413
-0.18469284712017042
-0.1696893734724598
-0.1616313352021139
-0.17330479249327405
-0.18967365805442682
-0.20536749733390136
-0.2203579493335398
-0.24433802703803428
-0.26651333983937775
-0.29991035893007384
-0.34690083407528693
-0.40481392325892274
-0.49903568797570713
-0.6468001788323816
-0.9100501674961216
-1.4192881145425114
-2.458185142365765
-4.622827115969891
-8.664933081726979
-12.50140148491379
-15.518727680912788
-13.303014446181537
-9.91222809738452
-9.26376302122936
-7.213934018407568
-8.419077024655138
-5.149822721918908
-3.199097838477448
-1.928968249816569
-1.2267710797496814
-0.8534728829326678
-0.6479577518013501
-0.5193522874767232
-0.43464654777072476
-0.3731259681747351
-0.32763954722465777
-0.29424406905157435
-0.26214110085396247
-0.23604166993912146
-0.21816530013282914
-0.19687254854589484
-0.18577360056324724
-0.1716709940434265
-0.16387114433673214
-0.17696948958211453
-0.19177597343610955
-0.21082777570808442
-0.22580801767281433
-0.2562248820884432
-0.28640579805639454
-0.324548869379026
-0.37994995606843723
-0.45914121739818453
-0.5732404845851854
-0.7537011994484955
-1.0635080890040673
-1.6128870128205248
-2.6938236892767513
-4.889732248885214
-9.011392361026116
-13.238044749702535
-13.355661477459385
-16.965944156816004
-14.587268095978283
-16.76500345755948
-22.1729362048769
-13.502127880408763
-9.934723863068527
-5.484158355235898
-2.981804683466457
-1.7448707654210902
-1.14501923129964
-0.8168990764634053
-0.6311657644101241
-0.5011137357153486
-0.41649617922906573
-0.36027926596801496
-0.31587159667829634
-0.27580686113397884
-0.2490647328963966
-0.22325870900314543
-0.20017063000868462
-0.18598902541372625
-0.16769395005272822
-0.15752772176874139
-0.17420006902973256
-0.18866811033254674
-0.20358729733556408
-0.22748081389608243
-0.2562451806315133
-0.2932171334034289
-0.3300573047305481
-0.38831899496881395
-0.46461443585024936
-0.5762024185547955
-0.7373268679911891
-0.9878072595592186
-1.4035375187038395
-2.098083622623461
-3.31207591859126
-5.220652653461147
-7.351777996768251
-12.02584977018094
-5.78131199130309
-12.279804001978146
-14.50452833173299
-14.519844135456767
-13.767323080664712
-8.718430854438886
-5.010623048835658
-2.928779598091821
-1.8175385937444217
-1.216906116786583
-0.8748834987565396
-0.664209750890735
-0.5297781974737957
-0.43995833497806186
-0.3730647150968408
-0.3178936369906643
-0.2790738830654407
-0.24612811798417086
-0.22072778491151748
-0.20388278376658467
-0.1812744518554657
-0.16381355057462957
-0.15322417248438427
-0.16854353047805806
-0.18030399281941528
-0.19905339182235965
-0.2223782944523657
-0.2459219641767448
-0.27788447722780407
-0.3206944065183785
-0.3694746566659777
-0.42987697887461157
-0.5185551663792131
-0.6380812674651941
-0.7924037380417249
-0.9771518820366428
-1.1693844067757453
-1.1985807683678382
-0.6987421642783509
0.13227749364582891
-0.7843192210388233
-3.125007335482508
-4.260500316025268
-4.239982116410595
-5.689930402843984
-4.873569880861236
-4.35508945163608
-3.1358993335648715
-2.1594504370427092
-1.5110601027468036
-1.089762451493924
-0.8167920029053305
-0.6401449817469829
-0.5159212437868677
-0.4289331192014671
-0.36248376315224884
-0.3103567939134865
-0.2723389912633897
-0.2425674090267873
-0.21639176436224491
-0.20189465961801553
-0.1761720894429845
-0.15734667689941353
-0.14474055626333446
-0.1605949745036484
-0.17819673905534106
-0.1901768744134362
-0.21048507820072193
-0.23240040813199583
-0.25879955469330684
-0.2898388624438108
-0.3332983452952379
-0.37617873842359545
-0.43076681831573715
-0.4891718528774408
-0.5368218315708618
-0.5398980278597268
-0.402167300749671
0.06296797002232292
1.0452775687372555
2.1422711379339594
2.1197627854900873
0.9799540197121382
0.5423730232426395
1.4374909763753776
2.103322100772246
1.1583035695497959
-0.4340004044299502
-1.152091223437292
-1.204129955237304
-1.0353700408804432
-0.8455062175380432
-0.685673563104421
-0.5566067549480938
-0.4683551808936681
-0.3930417803205849
-0.33905120724365967
-0.2912631601130794
-0.2607354762859705
-0.23144804263958296
-0.21021722001737847
-0.18319885033950636
-0.16933046479282415
-0.15275523744838143
-0.13647516864805814
-0.14811973647684068
-0.16365305789678739
-0.1784708043899106
-0.1921776111489685
-0.2119655422272455
-0.2338974496590221
-0.2582653289309545
-0.28260841070481046
-0.3136504664029428
-0.3345709754987565
-0.3461144476341154
-0.3242204135681001
-0.22987026559189952
0.004987509771246485
0.47340985090428833
1.197898370564839
1.9140925465401257
2.165097222990942
2.0099055573178406
2.067684136442169
2.580404442425287
2.8291071123109566
2.0761152195740498
0.8169672452650253
-0.10548790662126897
-0.5079204189429785
-0.6100125505033726
-0.5864313243619135
-0.5300878607049007
-0.45864869575740996
-0.3989370499286794
-0.34599677216312236
-0.30362349667296895
-0.2705688865421196
-0.24194289507711797
-0.21968220140271538
-0.19308504829218742
-0.17256464391767118
-0.15614049496831867
-0.14463395259570014
-0.12902076943510904
-0.13603647265368377
-0.15214865048111811
-0.16429399822273164
-0.1760922867297446
-0.18720266716212472
-0.20351864422034438
-0.21830933173487152
-0.23644674005695432
-0.24419072160185826
-0.24207656262886337
-0.22549858151253477
-0.16825295602582474
-0.04458251515452955
0.18583351775398094
0.5490654971024246
1.0193507225563108
1.476970473029417
1.760746468423382
1.893486965958252
2.0341083524254056
2.2114322782771882
2.1704300716592493
1.6848354057884438
0.937867696304265
0.2812714443189493
-0.11302357596985355
-0.3091336592325923
-0.37138988526237565
-0.3746376127971208
-0.3517133362878577
-0.32270809733688754
-0.2946269158404766
-0.2659900690824458
-0.2387280645012865
-0.21566880587330026
-0.1920240172639588
-0.17539672073125015
-0.16249576094216894
-0.14862689291567346
-0.13724996863577754
-0.11693548085361484
-0.12694912526383814
-0.13756058145161007
-0.14602364944092722
-0.15669837309065682
-0.16425800655776476
-0.17249169475786
-0.18120382162856183
-0.1878734065016387
-0.18006259631564453
-0.16387773373783932
-0.12862072493568036
-0.060585281400727574
0.0643496427664609
0.2523884721483728
0.5127043551998779
0.8346095620402373
1.136885616693079
1.3793375547684612
1.5341549467506466
1.6440123764208794
1.6739818719071093
1.559257538560299
1.2416455686497125
0.8017605024536069
0.3821126007392937
0.07519623385774386
-0.11140997284284648
-0.20627333388717017
-0.24899870448012829
-0.25639239217651005
-0.25360760033185886
-0.24049523110112048
-0.22274245377093357
-0.2060205647652411
-0.19088710595685252
-0.1706681404249056
-0.15965824072156007
-0.14730986969449827
-0.13775613861182678
-0.12815368417827624
-0.10788288653230425
-0.11353685552801868
-0.121150139145634
-0.12703586687874946
-0.13396239107095093
-0.1398533901455335
-0.14408091608702436
-0.14460963910739566
-0.14096700632852302
-0.12732663290476473
-0.10232703535783297
-0.0600972378246557
0.008647007962207885
0.11822206728647905
0.2717882849674755
0.4586223322497906
0.6749236487191171
0.8911927831780065
1.0722588221076546
1.199488724668927
1.2591096181003922
1.251080991836074
1.1407800326604483
0.9307644008494957
0.6555424508632992
0.38274430931111075
0.1582961544064367
0.003312801807074474
-0.09894228330879971
-0.14898755521809057
-0.17636241083192375
-0.18391146805270392
-0.18520449071316775
-0.17891929329568748
-0.17384395951881168
-0.16100294079654243
-0.15057243979865143
-0.14465183267167905
-0.13298768450413145
-0.12427804704411949
-0.11602680008864925
-0.09597071170552436
-0.10047490658155013
-0.10605049388997535
-0.11252957484289582
-0.1118377806122976
-0.11445625798733493
-0.11847817042588062
-0.11146702594123363
-0.10648037693397014
-0.08352341365203152
-0.056140730878189125
-0.01440529784374244
0.05258811958031662
0.14255094678892424
0.2628366192197795
0.40747527244186116
0.5606319363277512
0.7063518198296503
0.8384379986916456
0.9235560740849965
0.9674898438171712
0.9450365421785946
0.8592995227973573
0.7155298043041282
0.5365555945443928
0.3497326397158066
0.1908726775501768
0.06622072735946605
-0.023849819570114332
-0.08209602125846484
-0.11545713166467565
-0.13011300409074666
-0.140105589229938
-0.14431142802681293
-0.1431276650044553
-0.13809977224815786
-0.13134090916088098
-0.1239972867792099
-0.11748271506325345
-0.11138434848530375
-0.10675709150645656
-0.0863244268619481
-0.0897683950018767
-0.09016256835962189
-0.09435450709644409
-0.09650332825287104
-0.09436253575857055
-0.08939535564896023
-0.0830646188635096
-0.06934669754872562
-0.05394943550079104
-0.02025595107507239
0.020669027532157366
0.07678035409063484
0.15405581197877188
0.24714048368327868
0.3563614201184347
0.46662679187787004
0.5741007471951379
0.6599514733002521
0.7246822066731612
0.7441660970845619
0.7307752085891094
0.6609162862423964
0.5626435500184829
0.44499672257781103
0.3131679895244372
0.1957795400121432
0.09833611065789052
0.02294432741053768
-0.031008104707537922
-0.0676213147906547
-0.08958150550945325
-0.10368648905937988
-0.11441574254440139
-0.11269905357660726
-0.1119399089976649
-0.11212234366133253
-0.106387283165893
-0.104144511871055
-0.09676785265912774
-0.09562766703416459
