-0.5013099477266241
-0.48601754223213356
-0.4625142978311813
-0.4288536703391308
-0.38063632681094967
-0.3168343556103517
-0.23347962964743404
-0.12881953318458275
0.002821499109905332
0.1635266650504671
0.35505286040989675
0.5804039392441788
0.8388668274019805
1.1275185167713928
1.437068047454836
1.7619822815488237
2.0801455768218076
2.374938247978052
2.6253352059561563
2.8079896496075087
2.9105670677917934
2.922963789873007
2.8405663154418948
2.6714984220913327
2.428099825328482
2.1302286360485794
1.803113597084808
1.4705000612830033
1.1491396556253095
0.8525184427449081
0.588345928016669
0.3597024184123652
0.16845620370991657
0.009334470730782841
-0.11857469301296264
-0.2210660273178558
-0.30058191006084395
-0.3615733468899187
-0.40640202511011575
-0.43824568615273074
-0.45973563030620784
-0.6084110604202879
-0.6031629178846432
-0.5882571370340667
-0.5626912923238823
-0.5237499431930693
-0.4673776078756002
-0.38970013826453137
-0.2866758544807876
-0.15415833863122813
0.014952450585827238
0.22403567689776008
0.4766630291224983
0.7754457246392966
1.1209216152646397
1.5027284392846314
1.9129329864873321
2.325231455436097
2.716950738375806
3.056726158140655
3.309159620364369
3.4568369696659147
3.4798618797235057
3.3714324911214266
3.142363350659089
2.811510394722243
2.417504661098568
1.9880014695288677
1.5629283909786291
1.1649456771498814
0.8069412674829213
0.4991960239665039
0.24184524068004948
0.03172747192098453
-0.13517633788010622
-0.2662505276133504
-0.3652036612964841
-0.4400455433939044
-0.4931813482749241
-0.5300725229134416
-0.5537363507476065
-0.5667190084093322
-0.7295880881435511
-0.7355751765158949
-0.7338333613164024
-0.7215000080680186
-0.6942860658743816
-0.6505787050482961
-0.5843158428200661
-0.4903767568547346
-0.362634759643835
-0.1920774688815784
0.02745853355606579
0.303749182279835
0.644494882279652
1.0527646804589412
1.5214841284072678
2.0393386016664135
2.581563976389331
3.106205624588455
3.5673444206147518
3.921701619038656
4.130284974303123
4.171448862475027
4.030029961423151
3.7205632151963823
3.268849596772806
2.735427681337848
2.1697216738052085
1.6218866444929108
1.1272509583799268
0.7010043540913253
0.3474625769979811
0.0636300132670692
-0.1573157458322493
-0.32683414975284525
-0.4522403508401898
-0.5438869370309796
-0.607697591907783
-0.6497280203995217
-0.6747881731250545
-0.6864579950908345
-0.6875852845257935
-0.8641360933392345
-0.885569637481267
-0.9000308938874915
-0.9049089924177195
-0.8970649480594285
-0.8711494616373637
-0.8232218288015506
-0.746780896315006
-0.6333066233591256
-0.4727541551249419
-0.25283205232364725
0.03868497282948782
0.41412055493128846
0.884575678737224
1.4509428310545993
2.107922501725426
2.8182547044549304
3.5227410978871125
4.154430701936786
4.644441941813608
4.941036738691914
5.015056785463157
4.835242058043682
4.411082891104401
3.7911735154407875
3.0674250908774723
2.3142108831610706
1.6137166439205004
1.004106178916921
0.5036371212322666
0.11064788385718839
-0.19005590054085017
-0.41284059020206515
-0.574355998128556
-0.6872387182025741
-0.7627699358209602
-0.808366547077122
-0.8328860887408923
-0.8409052025039425
-0.8368037926305292
-0.8237510980897151
-1.0143457704006986
-1.0527610382862955
-1.0868550833470407
-1.1147221108154428
-1.1314996077558235
-1.132164377531959
-1.1123011044368796
-1.0649064329386762
-0.9785108950926668
-0.8422965394551151
-0.6415407453200461
-0.35212402794067166
0.042492649535087
0.5653978224657195
1.232654993745455
2.0524596096790306
2.9803211316655056
3.940328632670916
4.792850822675556
5.441546027394739
5.83865940201045
5.948748914150586
5.723265788813995
5.163865768942105
4.339360954866729
3.363720963392624
2.367587060966905
1.4779174526798808
0.7431799908129377
0.17608443473654686
-0.24160019184423984
-0.5423103623257896
-0.7486748632140826
-0.8875770271224673
-0.9743467488244106
-1.0229628293463469
-1.043596942359618
-1.043977538694916
-1.0303700897627726
-1.00482786663651
-0.9740062408040301
-1.1766185389113821
-1.236810640244521
-1.2957062154171892
-1.3494821681923617
-1.3977585428735424
-1.435546413688915
-1.454259553398503
-1.447928187175171
-1.4084979368439217
-1.3181453334711148
-1.1583323068662092
-0.9057310485507613
-0.5256521272324552
0.022665173355775562
0.7731933960317292
1.7549309648946136
2.9444919979217827
4.216161100191892
5.354895767707395
6.148450536630815
6.570273955163644
6.64793172997296
6.358549577477941
5.736557306756627
4.781393391350387
3.5440907884667507
2.2455896454061244
1.1305622220722826
0.27735172684356535
-0.32967058120426257
-0.7417921564983032
-1.0113240216392223
-1.1797417229208018
-1.275266257962878
-1.320728882593605
-1.3297326310076116
-1.3149994361851425
-1.2839649910783124
-1.2413483031052313
-1.192385253666217
-1.1386410527981048
-1.351324258337711
-1.4379857834079293
-1.5258909708501305
-1.613049664524844
-1.6994554563623727
-1.7802536392929964
-1.8518371613127464
-1.9076520414520386
-1.9325963310710754
-1.915928350581159
-1.8370397382365533
-1.6623356817743284
-1.3528783188787108
-0.8523759448084395
-0.09878278937788776
0.9358900349873592
2.2503429336926457
3.7225534797703417
5.075979053467332
5.982275388418415
6.108690127765373
5.401640791443493
4.5029913993224
4.4108134438587845
4.44310506547184
3.3109534865148653
1.7207483641801375
0.4026750963748212
-0.5032992965149775
-1.0838820759405112
-1.4295238000189308
-1.6217185756299932
-1.7154350401490397
-1.7421435938962733
-1.7271240615285168
-1.6842615524008562
-1.6232323756136677
-1.5518198712743012
-1.4742700136628526
-1.3950903969440558
-1.3170628356474636
-1.5374720962948358
-1.6517043877167092
-1.7720097834184294
-1.900087973894264
-2.0325520161487454
-2.168542647283769
-2.302814411792999
-2.433506877170788
-2.5504974594070076
-2.6428450421051317
-2.6955445878939086
-2.6649251731125387
-2.515399083283269
-2.17890213307421
-1.6109907741685834
-0.9196308168848407
-0.5620631935561119
-0.7317362639396322
0.11766372097884369
2.15954087100012
1.958914668765531
-3.8549925023445515
-8.970452651470318
-4.868778944380202
1.9392912248370293
2.1874485959903747
0.4237897229341523
-0.9432790668753105
-1.736790001051918
-2.1509089810746125
-2.340342008929184
-2.39257313967584
-2.367723500207936
-2.2981721766876215
-2.1998208785985205
-2.0866098918245424
-1.965668752785416
-1.8460183205594174
-1.7296903311374732
-1.6158453690364298
-1.5074785382627476
-1.733256884316951
-1.8792161210333693
-2.037334734183556
-2.2094012226784012
-2.3928629824375633
-2.5934957168003048
-2.805824285071035
-3.030740289226793
-3.261152196787549
-3.4918636892679804
-3.7106806965598667
-3.8913612069941714
-3.991045550886563
-3.943113806222069
-3.662339155470221
-3.3426659471893405
-4.830192152582205
-11.665282078855025
-12.770522227889753
-11.924841954838202
0.22183697932103422
-1.3017121648225884
-19.771321690796523
-4.485295420838737
4.81843839450226
1.378873567084323
-1.5787830944048131
-2.895181358889983
-3.380618662941011
-3.4937121569468053
-3.432303756515439
-3.2893262148794333
-3.1091290030615126
-2.9102555446588845
-2.7141569070606444
-2.5190710620594166
-2.3344109410170195
-2.1605631589238006
-1.9968255832097124
-1.8455645961177403
-1.7047246345878886
-1.9329134770949612
-2.111982414319899
-2.3100405466250233
-2.528592713880509
-2.7736795190833985
-3.0439420207953796
-3.3428116862365163
-3.673897344439461
-4.0391082196748505
-4.44204281836271
-4.87417827051432
-5.333604455289834
-5.789922125853216
-6.182048481322945
-6.277953036860603
-5.505196685819123
-4.194298476076601
-10.801345360615093
-10.927645320365263
5.7349601380475494
0.3800819814294784
8.66639429704149
14.856294637361856
0.6509013652037062
-1.7717776231053288
-3.8675304356201377
-5.4283298164990805
-5.820322175569326
-5.541406240866634
-5.13810024256062
-4.717113300726228
-4.309674305383347
-3.9324780694216193
-3.5864596158040163
-3.2702103185806437
-2.985695579609066
-2.7262913697930102
-2.4889579452769772
-2.2756766140052695
-2.0823238755584925
-1.9080793009790338
-2.1353111952412425
-2.3492846820104893
-2.590137150427879
-2.861687145950247
-3.1688646055648237
-3.5154297939943113
-3.9099951713102783
-4.360176528149413
-4.873732196613058
-5.469463882836064
-6.159956392244495
-6.952390047448211
-7.880292678259189
-8.899976573888672
-9.84502459261354
-10.13234670207793
-10.457782326430953
-17.63685383711036
-16.68708150284401
-14.02742931417616
-17.581867270137153
-24.633130583905345
-47.02470761180334
-46.48525109479756
-26.713743137680932
-15.39717467929235
-11.350973212377315
-9.374435518007507
-8.013382537378318
-6.962312170986801
-6.118236043087551
-5.4149356657055
-4.817914828349302
-4.306005386005465
-3.863021039024817
-3.4739573076087145
-3.1312467680730087
-2.8324188530424093
-2.564333014358885
-2.326425760874296
-2.114743820177974
-2.337739252911219
-2.5880730376057524
-2.8715015894717175
-3.1942531258701563
-3.5662182561032347
-3.994724712735189
-4.488556757381244
-5.060714130735346
-5.732695633519815
-6.522853136956632
-7.474128375930238
-8.625316393321432
-10.048551970910317
-11.81190296553241
-14.044282301890735
-17.42923973269677
-25.745319490055614
-45.07396027514903
-56.68158284927739
-49.32991643932678
-44.74190723721377
-48.37763035974055
-56.07814298162554
-50.87692673224448
-35.02556622143751
-22.915943532459682
-16.418969757156237
-12.796995983789103
-10.463005175134468
-8.802604213096807
-7.541636773653888
-6.5353592035244565
-5.716865469226337
-5.036755599753309
-4.458774696374928
-3.9653591788813145
-3.5411813269641708
-3.170820727807923
-2.8493585776251673
-2.565844481083267
-2.317602719323306
-2.530700448600288
-2.816462450491676
-3.143315863736363
-3.5199187633849083
-3.9563074021221727
-4.464377764007457
-5.0544172234388185
-5.750679784779136
-6.576984223595238
-7.56407183771818
-8.761424539391168
-10.235755007039813
-12.101097995957907
-14.525317500558684
-17.849066541850988
-23.111624585603725
-32.53312226601293
-46.6545351142517
-56.63040844999446
-56.52916267066809
-54.28166734632357
-53.0846013137238
-51.25797722648257
-44.93972621958475
-34.988335016288616
-25.99615985580443
-19.691712028189215
-15.510034813458942
-12.610452013057222
-10.493437275011921
-8.883102733645847
-7.613352531951958
-6.589088058016703
-5.745679987828868
-5.040640300720171
-4.4442476604844545
-3.9365825034708117
-3.500609116148578
-3.124275381851387
-2.798970925053651
-2.515160802122692
-2.711414107217413
-3.0312863249510285
-3.4001900014042263
-3.8267894996273295
-4.324798650067615
-4.907186898777855
-5.590366263708481
-6.404858740131497
-7.3737934733095996
-8.54219925329378
-9.956590779192673
-11.708141381939058
-13.904642156122042
-16.7514323474105
-20.53943410871521
-25.8871307240205
-33.33327632559747
-42.16588593655973
-49.205881197474596
-52.229500032622525
-52.38996455461179
-50.62082087983144
-46.94882143052387
-41.162720985790834
-34.017237995677
-27.224848330775213
-21.697067558270053
-17.51880662015795
-14.376408127580534
-11.975687748902557
-10.099878599862828
-8.60675611526333
-7.401734409809451
-6.412692968850329
-5.588022806339867
-4.8977419134761675
-4.313061873402572
-3.81456053153949
-3.388087175937188
-3.0208045559967496
-2.7009829336716273
-2.880335268369414
-3.229983022450024
-3.6334925386456525
-4.106532032514849
-4.6611172649889605
-5.312308352325294
-6.079597736016025
-6.988813716333132
-8.08310682013083
-9.406962667546646
-11.002220345407837
-12.954889260760591
-15.35750855543994
-18.372605105809253
-22.161379790222238
-26.943890495066075
-32.69559717064897
-38.8205307878232
-44.00111848735848
-47.12215064788377
-47.97218940205616
-46.64976544715381
-43.404730587858005
-38.63685787809721
-33.13621796641126
-27.705447356989456
-22.89410888452756
-18.929773404352208
-15.731091550091516
-13.181529845438133
-11.143145340754018
-9.48864046885736
-8.140814493656498
-7.021402162608242
-6.093830441923586
-5.315949932788382
-4.659829957767594
-4.10301672292015
-3.628313291350053
-3.221666278993601
-2.87027126350383
-3.0273732903658614
-3.4051313663688165
-3.8453475851160523
-4.3580273473792115
-4.960070275464225
-5.669612253644249
-6.515892177990232
-7.515783794858596
-8.70727217765219
-10.136947109910615
-11.85979480715658
-13.946003869132308
-16.459598474908105
-19.481917119705507
-23.107763856445583
-27.32382695571357
-31.995566021850927
-36.626020749931
-40.61614725397814
-43.22962150266589
-44.12797172087254
-43.19341835789819
-40.62290820700513
-36.84887374138501
-32.37055259360977
-27.843786744880404
-23.61259108386339
-19.906835115737504
-16.763395183393698
-14.146567921608215
-11.997197622854573
-10.22867785364174
-8.76820385066609
-7.55138039941919
-6.5377203403714725
-5.685310629699391
-4.967382715081452
-4.360500190425112
-3.8435131178750237
-3.4013334350798994
-3.0219871167677907
-3.1554758208553393
-3.5576927157378035
-4.026933981767008
-4.577152900663028
-5.221380319987774
-5.980737909513905
-6.880419065840175
-7.951866136475207
-9.22482881189451
-10.74025195695461
-12.548204495167441
-14.694054669182654
-17.244322506178175
-20.22628238286648
-23.6472160958756
-27.435219952361383
-31.38311638463264
-35.169129270259795
-38.340766914344
-40.48916873917749
-41.26919210978291
-40.59157543792858
-38.559238432975974
-35.459144036417456
-31.720739192543345
-27.79540063427809
-23.99271828896046
-20.52211389325453
-17.47036864781752
-14.863099938935415
-12.656762588895335
-10.803859127583104
-9.266455963911993
-7.976974139162011
-6.898477498740555
-5.9903601032333125
-5.224131431902247
-4.576482674599437
-4.024262409687066
-3.554343301654299
-3.151734586716458
-3.2564242221310864
-3.6784334211137146
-4.171863946273175
-4.748709905909736
-5.42698141847336
-6.225749941824203
-7.17314266403514
-8.296419023193678
-9.626976529613481
-11.205355314542144
-13.065147808800088
-15.248785750267784
-17.773920052406613
-20.68244109252794
-23.91935338453869
-27.377583214799106
-30.85021777896003
-34.11449011484444
-36.79499881499488
-38.569495635160344
-39.23736701273324
-38.70890096719361
-36.999035347975266
-34.38257020891871
-31.130775802001303
-27.648967453118164
-24.179903687816466
-20.90305884635709
-17.9529393776686
-15.363520842931369
-13.143922807650142
-11.256249241245898
-9.658094521714256
-8.31502397457053
-7.184633973505371
-6.231564675979515
-5.429524636047111
-4.750342647419
-4.1709144500078414
-3.678163781193387
-3.2540853004811097
-3.332784361929711
-3.7678629476479064
-4.277650641909066
-4.873157025304295
-5.576359865997688
-6.404305652915986
-7.384044828881833
-8.539700807322882
-9.907432669440013
-11.526439606793954
-13.424007675950742
-15.626401909250013
-18.147801355657432
-20.96232872883668
-24.04511784047957
-27.28114803907524
-30.483504144860838
-33.4013467154326
-35.77833185893644
-37.34753179982883
-37.92648520443594
-37.4291330314492
-35.92915711475501
-33.597018351728444
-30.685694513332304
-27.492845614426297
-24.243902752252232
-21.12014363870321
-18.246810198392577
-15.69508277044528
-13.47108436561074
-11.561824084421447
-9.936212159311056
-8.558110676756623
-7.39535063953575
-6.412776804935807
-5.5812810808224205
-4.876768583392483
-4.2781833253481185
-3.768487389197314
-3.330673509470095
-3.3773272815255053
-3.8217236548423035
-4.341023417321221
-4.9512168867678055
-5.668300218262781
-6.51527021984814
-7.5161386844338285
-8.69592732349016
-10.085677101683489
-11.721434056415417
-13.632270012516768
-15.841258592582664
-18.354492916818074
-21.151983812348366
-24.153870829330977
-27.22922750130804
-30.26311340251333
-32.993597911552364
-35.21367930124539
-36.64915044375434
-37.15562993971749
-36.68673214308169
-35.24125832166167
-33.078131435424034
-30.370510382175034
-27.33053718432447
-24.227325157782943
-21.209977517130483
-18.409578510671658
-15.879205087892435
-13.657913651025614
-11.738738167687826
-10.094686844838469
-8.700744918000604
-7.518890259251353
-6.51709540093275
-5.669334655081027
-4.951587408357071
-4.341839181422494
-3.8210801853312515
-3.37630422006123
-3.390859659446209
-3.8378264642911506
-4.3607837558130855
-4.975728576114988
-5.69765706428444
-6.550564053353948
-7.556443374387437
-8.745286923755032
-10.147085612078884
-11.79282925616043
-13.713507371778535
-15.919113619324373
-18.424642400696104
-21.220095589829096
-24.191491774089915
-27.257850421732755
-30.239211380515865
-32.89461076910014
-35.01812854880459
-36.3378123460664
-36.864691800467206
-36.3378138394349
-35.01713059600372
-32.89361996280253
-30.238206823817983
-27.256856730090583
-24.19149877322632
-21.219100756973255
-18.424648084693118
-15.914119219375294
-13.709510844801045
-11.79283170436859
-10.146087686313605
-8.744288672238575
-7.556444668220145
-6.5495651234276275
-5.697657844715572
-4.974729186408269
-4.360784235335744
-3.836826887860731
-3.3908599602737017
-3.3773272815255053
-3.8217236548423035
-4.341023417321221
-4.9512168867678055
-5.668300218262781
-6.51527021984814
-7.5161386844338285
-8.69592732349016
-10.085677101683489
-11.721434056415417
-13.632270012516768
-15.841258592582664
-18.354492916818074
-21.151983812348366
-24.153870829330977
-27.22922750130804
-30.26311340251333
-32.993597911552364
-35.21367930124539
-36.64915044375434
-37.15562993971749
-36.68673214308169
-35.24125832166167
-33.078131435424034
-30.370510382175034
-27.33053718432447
-24.227325157782943
-21.209977517130483
-18.409578510671658
-15.879205087892435
-13.657913651025614
-11.738738167687826
-10.094686844838469
-8.700744918000604
-7.518890259251353
-6.51709540093275
-5.669334655081027
-4.951587408357071
-4.341839181422494
-3.8210801853312515
-3.37630422006123
-3.332784361929711
-3.7678629476479064
-4.277650641909066
-4.873157025304295
-5.576359865997688
-6.404305652915986
-7.384044828881833
-8.539700807322882
-9.907432669440013
-11.526439606793954
-13.424007675950742
-15.626401909250013
-18.147801355657432
-20.96232872883668
-24.04511784047957
-27.28114803907524
-30.483504144860838
-33.4013467154326
-35.77833185893644
-37.34753179982883
-37.92648520443594
-37.4291330314492
-35.92915711475501
-33.597018351728444
-30.685694513332304
-27.492845614426297
-24.243902752252232
-21.12014363870321
-18.246810198392577
-15.69508277044528
-13.47108436561074
-11.561824084421447
-9.936212159311056
-8.558110676756623
-7.39535063953575
-6.412776804935807
-5.5812810808224205
-4.876768583392483
-4.2781833253481185
-3.768487389197314
-3.330673509470095
-3.2564242221310864
-3.6784334211137146
-4.171863946273175
-4.748709905909736
-5.42698141847336
-6.225749941824203
-7.17314266403514
-8.296419023193678
-9.626976529613481
-11.205355314542144
-13.065147808800088
-15.248785750267784
-17.773920052406613
-20.68244109252794
-23.91935338453869
-27.377583214799106
-30.85021777896003
-34.11449011484444
-36.79499881499488
-38.569495635160344
-39.23736701273324
-38.70890096719361
-36.999035347975266
-34.38257020891871
-31.130775802001303
-27.648967453118164
-24.179903687816466
-20.90305884635709
-17.9529393776686
-15.363520842931369
-13.143922807650142
-11.256249241245898
-9.658094521714256
-8.31502397457053
-7.184633973505371
-6.231564675979515
-5.429524636047111
-4.750342647419
-4.1709144500078414
-3.678163781193387
-3.2540853004811097
-3.1554758208553393
-3.5576927157378035
-4.026933981767008
-4.577152900663028
-5.221380319987774
-5.980737909513905
-6.880419065840175
-7.951866136475207
-9.22482881189451
-10.74025195695461
-12.548204495167441
-14.694054669182654
-17.244322506178175
-20.22628238286648
-23.6472160958756
-27.435219952361383
-31.38311638463264
-35.169129270259795
-38.340766914344
-40.48916873917749
-41.26919210978291
-40.59157543792858
-38.559238432975974
-35.459144036417456
-31.720739192543345
-27.79540063427809
-23.99271828896046
-20.52211389325453
-17.47036864781752
-14.863099938935415
-12.656762588895335
-10.803859127583104
-9.266455963911993
-7.976974139162011
-6.898477498740555
-5.9903601032333125
-5.224131431902247
-4.576482674599437
-4.024262409687066
-3.554343301654299
-3.151734586716458
-3.0273732903658614
-3.4051313663688165
-3.8453475851160523
-4.3580273473792115
-4.960070275464225
-5.669612253644249
-6.515892177990232
-7.515783794858596
-8.70727217765219
-10.136947109910615
-11.85979480715658
-13.946003869132308
-16.459598474908105
-19.481917119705507
-23.107763856445583
-27.32382695571357
-31.995566021850927
-36.626020749931
-40.61614725397814
-43.22962150266589
-44.12797172087254
-43.19341835789819
-40.62290820700513
-36.84887374138501
-32.37055259360977
-27.843786744880404
-23.61259108386339
-19.906835115737504
-16.763395183393698
-14.146567921608215
-11.997197622854573
-10.22867785364174
-8.76820385066609
-7.55138039941919
-6.5377203403714725
-5.685310629699391
-4.967382715081452
-4.360500190425112
-3.8435131178750237
-3.4013334350798994
-3.0219871167677907
-2.880335268369414
-3.229983022450024
-3.6334925386456525
-4.106532032514849
-4.6611172649889605
-5.312308352325294
-6.079597736016025
-6.988813716333132
-8.08310682013083
-9.406962667546646
-11.002220345407837
-12.954889260760591
-15.35750855543994
-18.372605105809253
-22.161379790222238
-26.943890495066075
-32.69559717064897
-38.8205307878232
-44.00111848735848
-47.12215064788377
-47.97218940205616
-46.64976544715381
-43.404730587858005
-38.63685787809721
-33.13621796641126
-27.705447356989456
-22.89410888452756
-18.929773404352208
-15.731091550091516
-13.181529845438133
-11.143145340754018
-9.48864046885736
-8.140814493656498
-7.021402162608242
-6.093830441923586
-5.315949932788382
-4.659829957767594
-4.10301672292015
-3.628313291350053
-3.221666278993601
-2.87027126350383
-2.711414107217413
-3.0312863249510285
-3.4001900014042263
-3.8267894996273295
-4.324798650067615
-4.907186898777855
-5.590366263708481
-6.404858740131497
-7.3737934733095996
-8.54219925329378
-9.956590779192673
-11.708141381939058
-13.904642156122042
-16.7514323474105
-20.53943410871521
-25.8871307240205
-33.33327632559747
-42.16588593655973
-49.205881197474596
-52.229500032622525
-52.38996455461179
-50.62082087983144
-46.94882143052387
-41.162720985790834
-34.017237995677
-27.224848330775213
-21.697067558270053
-17.51880662015795
-14.376408127580534
-11.975687748902557
-10.099878599862828
-8.60675611526333
-7.401734409809451
-6.412692968850329
-5.588022806339867
-4.8977419134761675
-4.313061873402572
-3.81456053153949
-3.388087175937188
-3.0208045559967496
-2.7009829336716273
-2.530700448600288
-2.816462450491676
-3.143315863736363
-3.5199187633849083
-3.9563074021221727
-4.464377764007457
-5.0544172234388185
-5.750679784779136
-6.576984223595238
-7.56407183771818
-8.761424539391168
-10.235755007039813
-12.101097995957907
-14.525317500558684
-17.849066541850988
-23.111624585603725
-32.53312226601293
-46.6545351142517
-56.63040844999446
-56.52916267066809
-54.28166734632357
-53.0846013137238
-51.25797722648257
-44.93972621958475
-34.988335016288616
-25.99615985580443
-19.691712028189215
-15.510034813458942
-12.610452013057222
-10.493437275011921
-8.883102733645847
-7.613352531951958
-6.589088058016703
-5.745679987828868
-5.040640300720171
-4.4442476604844545
-3.9365825034708117
-3.500609116148578
-3.124275381851387
-2.798970925053651
-2.515160802122692
-2.337739252911219
-2.5880730376057524
-2.8715015894717175
-3.1942531258701563
-3.5662182561032347
-3.994724712735189
-4.488556757381244
-5.060714130735346
-5.732695633519815
-6.522853136956632
-7.474128375930238
-8.625316393321432
-10.048551970910317
-11.81190296553241
-14.044282301890735
-17.42923973269677
-25.745319490055614
-45.07396027514903
-56.68158284927739
-49.32991643932678
-44.74190723721377
-48.37763035974055
-56.07814298162554
-50.87692673224448
-35.02556622143751
-22.915943532459682
-16.418969757156237
-12.796995983789103
-10.463005175134468
-8.802604213096807
-7.541636773653888
-6.5353592035244565
-5.716865469226337
-5.036755599753309
-4.458774696374928
-3.9653591788813145
-3.5411813269641708
-3.170820727807923
-2.8493585776251673
-2.565844481083267
-2.317602719323306
-2.1353111952412425
-2.3492846820104893
-2.590137150427879
-2.861687145950247
-3.1688646055648237
-3.5154297939943113
-3.9099951713102783
-4.360176528149413
-4.873732196613058
-5.469463882836064
-6.159956392244495
-6.952390047448211
-7.880292678259189
-8.899976573888672
-9.84502459261354
-10.13234670207793
-10.457782326430953
-17.63685383711036
-16.68708150284401
-14.02742931417616
-17.581867270137153
-24.633130583905345
-47.02470761180334
-46.48525109479756
-26.713743137680932
-15.39717467929235
-11.350973212377315
-9.374435518007507
-8.013382537378318
-6.962312170986801
-6.118236043087551
-5.4149356657055
-4.817914828349302
-4.306005386005465
-3.863021039024817
-3.4739573076087145
-3.1312467680730087
-2.8324188530424093
-2.564333014358885
-2.326425760874296
-2.114743820177974
-1.9329134770949612
-2.111982414319899
-2.3100405466250233
-2.528592713880509
-2.7736795190833985
-3.0439420207953796
-3.3428116862365163
-3.673897344439461
-4.0391082196748505
-4.44204281836271
-4.87417827051432
-5.333604455289834
-5.789922125853216
-6.182048481322945
-6.277953036860603
-5.505196685819123
-4.194298476076601
-10.801345360615093
-10.927645320365263
5.7349601380475494
0.3800819814294784
8.66639429704149
14.856294637361856
0.6509013652037062
-1.7717776231053288
-3.8675304356201377
-5.4283298164990805
-5.820322175569326
-5.541406240866634
-5.13810024256062
-4.717113300726228
-4.309674305383347
-3.9324780694216193
-3.5864596158040163
-3.2702103185806437
-2.985695579609066
-2.7262913697930102
-2.4889579452769772
-2.2756766140052695
-2.0823238755584925
-1.9080793009790338
-1.733256884316951
-1.8792161210333693
-2.037334734183556
-2.2094012226784012
-2.3928629824375633
-2.5934957168003048
-2.805824285071035
-3.030740289226793
-3.261152196787549
-3.4918636892679804
-3.7106806965598667
-3.8913612069941714
-3.991045550886563
-3.943113806222069
-3.662339155470221
-3.3426659471893405
-4.830192152582205
-11.665282078855025
-12.770522227889753
-11.924841954838202
0.22183697932103422
-1.3017121648225884
-19.771321690796523
-4.485295420838737
4.81843839450226
1.378873567084323
-1.5787830944048131
-2.895181358889983
-3.380618662941011
-3.4937121569468053
-3.432303756515439
-3.2893262148794333
-3.1091290030615126
-2.9102555446588845
-2.7141569070606444
-2.5190710620594166
-2.3344109410170195
-2.1605631589238006
-1.9968255832097124
-1.8455645961177403
-1.7047246345878886
-1.5374720962948358
-1.6517043877167092
-1.7720097834184294
-1.900087973894264
-2.0325520161487454
-2.168542647283769
-2.302814411792999
-2.433506877170788
-2.5504974594070076
-2.6428450421051317
-2.6955445878939086
-2.6649251731125387
-2.515399083283269
-2.17890213307421
-1.6109907741685834
-0.9196308168848407
-0.5620631935561119
-0.7317362639396322
0.11766372097884369
2.15954087100012
1.958914668765531
-3.8549925023445515
-8.970452651470318
-4.868778944380202
1.9392912248370293
2.1874485959903747
0.4237897229341523
-0.9432790668753105
-1.736790001051918
-2.1509089810746125
-2.340342008929184
-2.39257313967584
-2.367723500207936
-2.2981721766876215
-2.1998208785985205
-2.0866098918245424
-1.965668752785416
-1.8460183205594174
-1.7296903311374732
-1.6158453690364298
-1.5074785382627476
-1.351324258337711
-1.4379857834079293
-1.5258909708501305
-1.613049664524844
-1.6994554563623727
-1.7802536392929964
-1.8518371613127464
-1.9076520414520386
-1.9325963310710754
-1.915928350581159
-1.8370397382365533
-1.6623356817743284
-1.3528783188787108
-0.8523759448084395
-0.09878278937788776
0.9358900349873592
2.2503429336926457
3.7225534797703417
5.075979053467332
5.982275388418415
6.108690127765373
5.401640791443493
4.5029913993224
4.4108134438587845
4.44310506547184
3.3109534865148653
1.7207483641801375
0.4026750963748212
-0.5032992965149775
-1.0838820759405112
-1.4295238000189308
-1.6217185756299932
-1.7154350401490397
-1.7421435938962733
-1.7271240615285168
-1.6842615524008562
-1.6232323756136677
-1.5518198712743012
-1.4742700136628526
-1.3950903969440558
-1.3170628356474636
-1.1766185389113821
-1.236810640244521
-1.2957062154171892
-1.3494821681923617
-1.3977585428735424
-1.435546413688915
-1.454259553398503
-1.447928187175171
-1.4084979368439217
-1.3181453334711148
-1.1583323068662092
-0.9057310485507613
-0.5256521272324552
0.022665173355775562
0.7731933960317292
1.7549309648946136
2.9444919979217827
4.216161100191892
5.354895767707395
6.148450536630815
6.570273955163644
6.64793172997296
6.358549577477941
5.736557306756627
4.781393391350387
3.5440907884667507
2.2455896454061244
1.1305622220722826
0.27735172684356535
-0.32967058120426257
-0.7417921564983032
-1.0113240216392223
-1.1797417229208018
-1.275266257962878
-1.320728882593605
-1.3297326310076116
-1.3149994361851425
-1.2839649910783124
-1.2413483031052313
-1.192385253666217
-1.1386410527981048
-1.0143457704006986
-1.0527610382862955
-1.0868550833470407
-1.1147221108154428
-1.1314996077558235
-1.132164377531959
-1.1123011044368796
-1.0649064329386762
-0.9785108950926668
-0.8422965394551151
-0.6415407453200461
-0.35212402794067166
0.042492649535087
0.5653978224657195
1.232654993745455
2.0524596096790306
2.9803211316655056
3.940328632670916
4.792850822675556
5.441546027394739
5.83865940201045
5.948748914150586
5.723265788813995
5.163865768942105
4.339360954866729
3.363720963392624
2.367587060966905
1.4779174526798808
0.7431799908129377
0.17608443473654686
-0.24160019184423984
-0.5423103623257896
-0.7486748632140826
-0.8875770271224673
-0.9743467488244106
-1.0229628293463469
-1.043596942359618
-1.043977538694916
-1.0303700897627726
-1.00482786663651
-0.9740062408040301
-0.8641360933392345
-0.885569637481267
-0.9000308938874915
-0.9049089924177195
-0.8970649480594285
-0.8711494616373637
-0.8232218288015506
-0.746780896315006
-0.6333066233591256
-0.4727541551249419
-0.25283205232364725
0.03868497282948782
0.41412055493128846
0.884575678737224
1.4509428310545993
2.107922501725426
2.8182547044549304
3.5227410978871125
4.154430701936786
4.644441941813608
4.941036738691914
5.015056785463157
4.835242058043682
4.411082891104401
3.7911735154407875
3.0674250908774723
2.3142108831610706
1.6137166439205004
1.004106178916921
0.5036371212322666
0.11064788385718839
-0.19005590054085017
-0.41284059020206515
-0.574355998128556
-0.6872387182025741
-0.7627699358209602
-0.808366547077122
-0.8328860887408923
-0.8409052025039425
-0.8368037926305292
-0.8237510980897151
-0.7295880881435511
-0.7355751765158949
-0.7338333613164024
-0.7215000080680186
-0.6942860658743816
-0.6505787050482961
-0.5843158428200661
-0.4903767568547346
-0.362634759643835
-0.1920774688815784
0.02745853355606579
0.303749182279835
0.644494882279652
1.0527646804589412
1.5214841284072678
2.0393386016664135
2.581563976389331
3.106205624588455
3.5673444206147518
3.921701619038656
4.130284974303123
4.171448862475027
4.030029961423151
3.7205632151963823
3.268849596772806
2.735427681337848
2.1697216738052085
1.6218866444929108
1.1272509583799268
0.7010043540913253
0.3474625769979811
0.0636300132670692
-0.1573157458322493
-0.32683414975284525
-0.4522403508401898
-0.5438869370309796
-0.607697591907783
-0.6497280203995217
-0.6747881731250545
-0.6864579950908345
-0.6875852845257935
-0.6084110604202879
-0.6031629178846432
-0.5882571370340667
-0.5626912923238823
-0.5237499431930693
-0.4673776078756002
-0.38970013826453137
-0.2866758544807876
-0.15415833863122813
0.014952450585827238
0.22403567689776008
0.4766630291224983
0.7754457246392966
1.1209216152646397
1.5027284392846314
1.9129329864873321
2.325231455436097
2.716950738375806
3.056726158140655
3.309159620364369
3.4568369696659147
3.4798618797235057
3.3714324911214266
3.142363350659089
2.811510394722243
2.417504661098568
1.9880014695288677
1.5629283909786291
1.1649456771498814
0.8069412674829213
0.4991960239665039
0.24184524068004948
0.03172747192098453
-0.13517633788010622
-0.2662505276133504
-0.3652036612964841
-0.4400455433939044
-0.4931813482749241
-0.5300725229134416
-0.5537363507476065
-0.5667190084093322
-0.5013099477266241
-0.48601754223213356
-0.4625142978311813
-0.4288536703391308
-0.38063632681094967
-0.3168343556103517
-0.23347962964743404
-0.12881953318458275
0.002821499109905332
0.1635266650504671
0.35505286040989675
0.5804039392441788
0.8388668274019805
1.1275185167713928
1.437068047454836
1.7619822815488237
2.0801455768218076
2.374938247978052
2.6253352059561563
2.8079896496075087
2.9105670677917934
2.922963789873007
2.8405663154418948
2.6714984220913327
2.428099825328482
2.1302286360485794
1.803113597084808
1.4705000612830033
1.1491396556253095
0.8525184427449081
0.588345928016669
0.3597024184123652
0.16845620370991657
0.009334470730782841
-0.11857469301296264
-0.2210660273178558
-0.30058191006084395
-0.3615733468899187
-0.40640202511011575
-0.43824568615273074
-0.45973563030620784
