-0.6529162372536963
-0.6732051931281919
-0.6905361776830441
-0.7039330265815686
-0.706360240538575
-0.6973724565071641
-0.680073800327441
-0.6398420821668706
-0.5859193539063774
-0.4920582615019323
-0.3730378386294045
-0.2070885447644727
0.010599599486647012
0.28397205662152464
0.607684271467664
0.9771380021273837
1.3741671242400149
1.7565786546642543
2.1058600186989715
2.358933275440342
2.503349039631798
2.5055174146926373
2.361920420687943
2.0924655424573135
1.7334303784227907
1.3238857376374706
0.9203168032131163
0.5460400194537628
0.22931940046403568
-0.03041363241252196
-0.2300656810592232
-0.3821519045627595
-0.49486283668358255
-0.5699445638562832
-0.616962661383195
-0.651374230462514
-0.6634420917394112
-0.6668958908150276
-0.6600772551304824
-0.650470644117811
-0.6348360759627605
-0.7418274179760803
-0.7701552744172493
-0.7968920100622711
-0.8254920278326617
-0.8326363199929978
-0.8429711895145241
-0.8400868864431611
-0.8143748162484445
-0.764126869727853
-0.685142691469745
-0.5658548257525743
-0.38917840461575387
-0.151199859531571
0.16009225222824178
0.5508250143875055
1.0120692862881262
1.517579265836813
2.02847153539783
2.4942578191082787
2.845295651131756
3.0413496704055425
3.0558830662522394
2.870496963441839
2.4945818515350906
2.0028583940674505
1.453672576606965
0.9208052846104265
0.4629569035342473
0.08521471459952584
-0.20770089019144364
-0.4209547611386022
-0.5723542887275004
-0.6769476636081321
-0.7446724199358461
-0.7796766487409554
-0.7966399194702072
-0.8007382084670969
-0.7872975079439556
-0.7695671285719996
-0.745895622759559
-0.7222916726635186
-0.8367629687324419
-0.8728553317697264
-0.9143447319148978
-0.951318209336482
-0.9794246314310544
-1.0064841925334302
-1.0183089205721871
-1.0129608775360768
-0.9842482762243638
-0.9218800546742363
-0.8099653784483624
-0.6384753845504747
-0.3853149780534898
-0.030456067885830575
0.4390690655258358
1.0156498752343377
1.6773172756826102
2.363136384441648
2.9860899303324033
3.468127900668919
3.756376089200341
3.793227505902839
3.548126619081303
3.027722869484216
2.3256965982934945
1.5728258016698398
0.8834800063181935
0.3059687171645554
-0.1385947012690779
-0.45278222206438246
-0.6722252195607096
-0.8157959773816762
-0.9034078991080997
-0.9480938694506443
-0.9682511743027264
-0.9658810064669914
-0.9450474623901951
-0.9173821082393363
-0.8902082126002272
-0.8549345115360566
-0.8156975373277332
-0.9332228616946264
-0.9871949903530659
-1.0425453380582856
-1.0929038158168711
-1.1462439604716124
-1.1907772860077712
-1.2273992790793744
-1.244760575003236
-1.2489073853767934
-1.2077789375226389
-1.1260315855717884
-0.9662377291099318
-0.7105552525885775
-0.3229364591713589
0.232120254989826
0.9652127092949911
1.8445407160821798
2.777134830962624
3.6316102317805043
4.292628869766124
4.707421939766702
4.8024082328373074
4.490153000638119
3.7560014804126824
2.7262193321694164
1.657210831859275
0.7334268779680743
0.02577480477419182
-0.4718204106582612
-0.7993601127710822
-1.0032246520357118
-1.1167025925682912
-1.1778684291302148
-1.1923639480004424
-1.1836558323650528
-1.1523339873523681
-1.1128632932430331
-1.0701404625757676
-1.0186295011461117
-0.9662647053925062
-0.9166838433442512
-1.0362093402658001
-1.10975898015074
-1.1815830564605383
-1.2555158516560363
-1.3245569256712983
-1.3974950689819565
-1.4635629208155752
-1.5163048725470134
-1.5592517818492415
-1.5597415588601302
-1.5155354953795472
-1.3936515233281992
-1.1608273152697008
-0.7571096885106237
-0.1137636810921152
0.8160246363477464
2.014440972785056
3.3341675132690685
4.5072751856434286
5.373545208426984
5.950374620113104
6.208010291721668
5.892191703271463
4.7943681819152575
3.1950847574919026
1.625350570248267
0.3990744255835179
-0.43686349260378476
-0.9590249928791823
-1.2618674053923988
-1.4254712285962008
-1.490924043016195
-1.5024624146136147
-1.4724296683260032
-1.4305705019210917
-1.3678095972195883
-1.2989891375258378
-1.23479350225266
-1.1605515229114634
-1.092657957207569
-1.0257435343189594
-1.1533950492974103
-1.2338986676613914
-1.3273131857231182
-1.4208673212030882
-1.522883904864646
-1.6232054712825736
-1.7273099457335046
-1.8252416899847062
-1.9085612570744452
-1.9702870223460014
-1.9936620259612532
-1.9417876892819947
-1.76451729356822
-1.3892407443304924
-0.6925744331120796
0.47030534114342715
2.1631357083770713
4.135920293479778
5.787254917014073
6.783104452886456
7.46783501074401
8.12361132778604
8.061574233242501
6.32426369564557
3.624298815639024
1.2817363062050857
-0.27172382432193504
-1.175228622413098
-1.645514621944746
-1.8683839068540944
-1.9433553035515372
-1.9340574584750363
-1.8778789649179362
-1.797058190389986
-1.7025689159944848
-1.6048066240891052
-1.5047535359014326
-1.4087303368567294
-1.3122234531112589
-1.2229151898817063
-1.1366455256785832
-1.2688289113473197
-1.3713200167508113
-1.4834366313129512
-1.6035806891435798
-1.7344557286948876
-1.8689670563945213
-2.015661005893927
-2.161267378245901
-2.311939739723467
-2.450339869258011
-2.564351141616416
-2.6220110152591998
-2.567015313173326
-2.305595238842076
-1.6501631109816124
-0.29413455238976693
2.1111567539555764
5.362812087081326
7.833171764287859
8.53705380467334
8.858662582659314
10.356797935538966
11.568444069520945
8.274230058956222
3.379186030733698
0.15369281224965456
-1.522500628997418
-2.2840826850547624
-2.571854697608895
-2.62853983034478
-2.5650974986760273
-2.447499143940625
-2.3010041949436704
-2.1529984980627592
-2.003454505808485
-1.862173473400401
-1.7239682490078063
-1.590857425703384
-1.4728939963278065
-1.3617583457366143
-1.2589365122738212
-1.3934398306173066
-1.5137122446144364
-1.6472406996842013
-1.7927097141691648
-1.9585565485293448
-2.1324786184861804
-2.326329510762343
-2.5342532754246894
-2.7571189545420656
-2.9859491017820194
-3.221142887061851
-3.4337870240595145
-3.5784204143051612
-3.5700210473864513
-3.194370977849852
-2.005103181936536
0.9402939972708341
6.624220166638323
11.272300300570691
10.099110841672221
8.702671973801019
10.288091625413673
16.0684469933425
6.753854674867085
0.40977353167676256
-2.4873250899182047
-3.560810738804445
-3.8173176796779433
-3.7350466639890247
-3.5241314336899987
-3.2761793285368594
-3.0198725661029435
-2.7735174380231538
-2.5409256543457697
-2.3296153853561763
-2.1290528661417523
-1.9484632055213047
-1.7860321180859147
-1.6399598503706183
-1.5043831914867383
-1.378853971956166
-1.5111596291837148
-1.6618832886070156
-1.81333460352332
-1.9919358697099736
-2.1865331479636487
-2.4085991104237934
-2.652033810383316
-2.9303667255032564
-3.23323070333495
-3.5688185891279804
-3.9466833826874583
-4.34675528526581
-4.763163073773575
-5.151184805824333
-5.379793534242371
-5.076163276172982
-3.102639327673805
2.882965476493119
14.802388104175028
-3.238297557047754
3.9570757634308906
2.9266553338704484
0.1941969917001969
-0.8376061382805888
-5.605955420461278
-6.559711501040715
-6.207694612018064
-5.6239576272703955
-5.040309983014055
-4.511771221172582
-4.041774928741793
-3.6329242538544113
-3.264684401112619
-2.9472153549506275
-2.662684634282708
-2.411367001707325
-2.1879665754416373
-1.9875969741233663
-1.809025673967355
-1.650006521256095
-1.5076308235140583
-1.6325519479681978
-1.7984395631379178
-1.980502274482222
-2.188172065000664
-2.423082746877511
-2.686088714670953
-2.9887713184900617
-3.328167078005838
-3.7251341662756627
-4.174970241132467
-4.7017968621292745
-5.316617962248112
-6.042500711231923
-6.917421216959833
-7.984823121501794
-9.26037273050747
-10.444492092092906
-9.03065854020929
-9.07463640211339
-6.729435633438777
-9.863677455037502
-12.456600915682792
-21.215614832671907
-13.250576391064559
-16.092148426465954
-11.598073841032695
-9.0469694974239
-7.503601583377497
-6.389280986774803
-5.522532038712719
-4.829438110532712
-4.256371546269537
-3.7722989160341456
-3.360008774685653
-3.0063739437917527
-2.694439092201413
-2.424600081843029
-2.1901520566577
-1.9793075044421804
-1.795059779911266
-1.6311067337565452
-1.7556881353041607
-1.940914008340918
-2.1495682326183356
-2.3868535098948476
-2.654050470312778
-2.9641401043086066
-3.318579150976464
-3.7276087328996104
-4.215377829943642
-4.779214674768653
-5.453130695308045
-6.2696055176655605
-7.290691856008481
-8.61999918849977
-10.479162210570909
-13.506780415760367
-19.84181389346024
-28.004606535587083
-30.89979784611307
-26.953732347437242
-23.933734678206022
-28.258906934162876
-34.34459519565371
-32.995377427295274
-22.3741078094587
-15.218402398447106
-11.418542795094378
-9.175109187583283
-7.642738542299851
-6.497420745089521
-5.6004785028258945
-4.875459730313828
-4.274212205013809
-3.771209689995875
-3.345499846458947
-2.979163332189262
-2.661335129029986
-2.384579520115409
-2.1499933582822046
-1.9411158159447333
-1.7510225415040448
-1.8717126289261403
-2.0752197940580768
-2.308597989054561
-2.5767063137663815
-2.879479462147591
-3.232794510263603
-3.6434226987433465
-4.124141240223311
-4.684108628581767
-5.354223723423806
-6.1610335617488525
-7.152315674534325
-8.400331435863725
-10.04966609683333
-12.351601814266644
-15.982845011446349
-22.39550236222955
-31.45230032511305
-35.183193014229
-31.673987741002172
-29.441120479668815
-29.95691600242864
-30.40878446304093
-27.324334144285448
-21.57922989725891
-16.462652351994343
-12.913357402540164
-10.477322017003196
-8.7165004896155
-7.371206728180832
-6.309252550959874
-5.457038557957493
-4.755422179268868
-4.16918814988087
-3.6724379926613584
-3.251331999591457
-2.89407244560782
-2.5792233412648127
-2.3125247493705983
-2.080633385768756
-1.8697126925714402
-1.9846747049085809
-2.209177804161171
-2.4634737981537116
-2.7566240273951355
-3.097040133106668
-3.49452760174303
-3.953201390197413
-4.492081020949074
-5.128489465071035
-5.884679334539174
-6.797017529332348
-7.92044685036191
-9.309286998632698
-11.100182883756483
-13.485761207650132
-16.784530925959878
-21.314197061943954
-26.31830640978508
-29.27153292309739
-29.415022989039848
-28.78337238086742
-28.161440704842008
-26.917482049102983
-24.21783876772488
-20.479029748077494
-16.810691887986216
-13.77683191050672
-11.408372237489358
-9.562437560274171
-8.108003372138032
-6.935473743698944
-5.97901528487231
-5.193503403737109
-4.535859484621
-3.9786274096090946
-3.5109417822467224
-3.1085941311927825
-2.7651187749379464
-2.469915737585768
-2.2054800718238305
-1.9821258256812682
-2.0902828299287415
-2.329105827718529
-2.6080082400347964
-2.926624876978376
-3.29702922454037
-3.7287449552288665
-4.230906090118684
-4.824644391807534
-5.522448351260693
-6.349239971705398
-7.345594597474732
-8.539778317686372
-10.001970556366356
-11.810051432293134
-14.059689713895509
-16.842834717068605
-20.086473602270345
-23.280544622484587
-25.532132473935647
-26.51360077117324
-26.57293393975401
-25.957834376908256
-24.60469159237832
-22.439493175728927
-19.69910475082327
-16.846683730459834
-14.251264443436543
-12.043309081752104
-10.205563622012555
-8.707597559704478
-7.470010775035527
-6.442977095472849
-5.58866977653246
-4.872946720494304
-4.267342330357631
-3.749206729115129
-3.3111808342192472
-2.93512603472613
-2.6137735695047675
-2.331554567823488
-2.086206549054893
-2.1842949340696536
-2.439298332747788
-2.7390772089577964
-3.0805466997089943
-3.4796408848413938
-3.9422749506782573
-4.484943552289935
-5.120607953802826
-5.868058392551092
-6.746060239052696
-7.792977681130846
-9.030825960449054
-10.501017558669377
-12.252033243376701
-14.30599850814842
-16.640465987548943
-19.13355834826661
-21.465294511702005
-23.258983803180733
-24.289355276393348
-24.561031927116126
-24.105251858750368
-22.96772213844006
-21.225482479691912
-19.055919696746873
-16.720785019751656
-14.473543336876798
-12.444167233704743
-10.673562199465294
-9.167514784493312
-7.899640044124475
-6.826376497889592
-5.920381398994599
-5.1615600529769825
-4.514301617656799
-3.9601922889218075
-3.494465413972163
-3.089351829364169
-2.742357450205212
-2.441808483202167
-2.1805409930869932
-2.2612536803277963
-2.531754966793179
-2.851368560226236
-3.212676119955307
-3.636353512142802
-4.126619857238863
-4.698511100385607
-5.3683073834475
-6.151385722144152
-7.070311101858151
-8.145892300326825
-9.396795478134013
-10.846723249294678
-12.514512011895988
-14.38365315346616
-16.401882525278438
-18.438276885927873
-20.302699588368544
-21.781461841499663
-22.708261744740167
-23.005960242206804
-22.675690093179192
-21.750662429224782
-20.314723185077
-18.51254502259304
-16.536832038688992
-14.55067515397796
-12.68252345379501
-10.996097852436186
-9.51593291564737
-8.237157626772245
-7.142589192342378
-6.203709252592053
-5.408817337807949
-4.729424973661933
-4.1472492128724285
-3.6528682598972497
-3.223390455082832
-2.852400116644351
-2.540926735899657
-2.2660487402612413
-2.331477069921001
-2.6160695034114174
-2.9453441565230354
-3.324248529283682
-3.7698432915646376
-4.280181024134672
-4.87824941903719
-5.578414741734386
-6.386851324971097
-7.329779067635824
-8.412789350106404
-9.664127807836541
-11.091041882298017
-12.67259277608489
-14.38753054044494
-16.182372311184558
-17.939023850393472
-19.5198010527515
-20.77273219841918
-21.57959027732041
-21.865018680454334
-21.60632035589559
-20.83378962168731
-19.60810002223693
-18.06278788851041
-16.33059756811932
-14.542766746791111
-12.811494996753385
-11.2070833084257
-9.76482554847047
-8.49299724049396
-7.382360197973746
-6.4277628881901805
-5.6088215224718105
-4.904353191715053
-4.298087005247273
-3.779779111579519
-3.3343707065989343
-2.951746109612437
-2.620925322469088
-2.3299424035710135
-2.387883830995316
-2.6785499556429317
-3.0229035289438673
-3.418135548558648
-3.87913160809633
-4.4050442065234945
-5.018865785265432
-5.73365761247452
-6.563600205478108
-7.522810371794046
-8.615685596867747
-9.862150111943729
-11.244549918676439
-12.766742413368693
-14.374724778313098
-16.01243686698881
-17.581775775118757
-18.978832171559446
-20.082400924949464
-20.794816470056254
-21.054061608172812
-20.83440098512984
-20.154834405556816
-19.07816086588694
-17.702696828964385
-16.13882686040117
-14.496413016783492
-12.872993595416878
-11.336093382104352
-9.931718992225756
-8.676968057156618
-7.564889594708324
-6.599374148298482
-5.760295109103049
-5.039478493388074
-4.415820820505889
-3.8841356600159633
-3.423455505666001
-3.022758435213885
-2.6838707300616975
-2.390885679156987
-2.426674994960595
-2.7280111749997946
-3.0792490023341457
-3.4843739321703446
-3.950432736985505
-4.49041915274892
-5.123296399601094
-5.847251435998747
-6.689187761937882
-7.656295774159683
-8.756593786311214
-9.990231004279313
-11.349217016229524
-12.820571507920912
-14.354353654834531
-15.890540825286626
-17.344049160817644
-18.625960893265905
-19.63214436311899
-20.275326479681407
-20.513092642700617
-20.308163503076347
-19.68746028854813
-18.701109540235016
-17.434381322256097
-15.97846914133395
-14.43649312115106
-12.89454030549993
-11.41570185095227
-10.03705843859154
-8.794642359195338
-7.6864876565861
-6.713565153065507
-5.866822302201958
-5.136221079538225
-4.501685388021993
-3.9541864790167747
-3.488691414505407
-3.080184296616484
-2.730633040498985
-2.4270464639109854
-2.45270691977328
-2.7574974565729504
-3.1102533263944903
-3.5219764092193757
-3.9946706745064424
-4.551316042521305
-5.184946555493015
-5.919551257818694
-6.769147735068042
-7.740769357465075
-8.840422799637743
-10.063154866527276
-11.412968532301317
-12.853883037208352
-14.348927669704198
-15.82712282043872
-17.223465221246023
-18.431978655840837
-19.379643481412106
-19.985396346621553
-20.20013114709807
-20.00074609018597
-19.407188271603506
-18.47044088705113
-17.260547666390075
-15.875548363543588
-14.386473964685601
-12.891353840192302
-11.445214354366605
-10.091080449694983
-8.860970465434042
-7.752901216403927
-6.78087200421165
-5.926885774343815
-5.189928072959651
-4.551993537450128
-3.997073539169026
-3.525154949075898
-3.1122409389889274
-2.7633224086247514
-2.4534032891107027
-2.462950304586254
-2.7679389527770217
-3.124924007602085
-3.5369049578098375
-4.0128805328317645
-4.567848738043425
-5.209808023588539
-5.943755939807987
-6.799689387584673
-7.771606148366409
-8.871503814145395
-10.099380039269022
-11.447236071706023
-12.875074516018763
-14.357899257657763
-15.822719095462553
-17.195545281577424
-18.381385165464675
-19.307258943614087
-19.895174022624026
-20.09714484510628
-19.89517443579389
-19.304260102427516
-18.382387279933376
-17.19354405772999
-15.824720898387987
-14.357901933438727
-12.878076060437694
-11.445238286569747
-10.099382097447453
-8.870505239714694
-7.770607671098183
-6.797690876068675
-5.947756790685282
-5.205809175025558
-4.564849515073106
-4.015881068168991
-3.538905299991746
-3.12492439111187
-2.7659392808686114
-2.4599506701971503
-2.45270691977328
-2.7574974565729504
-3.1102533263944903
-3.5219764092193757
-3.9946706745064424
-4.551316042521305
-5.184946555493015
-5.919551257818694
-6.769147735068042
-7.740769357465075
-8.840422799637743
-10.063154866527276
-11.412968532301317
-12.853883037208352
-14.348927669704198
-15.82712282043872
-17.223465221246023
-18.431978655840837
-19.379643481412106
-19.985396346621553
-20.20013114709807
-20.00074609018597
-19.407188271603506
-18.47044088705113
-17.260547666390075
-15.875548363543588
-14.386473964685601
-12.891353840192302
-11.445214354366605
-10.091080449694983
-8.860970465434042
-7.752901216403927
-6.78087200421165
-5.926885774343815
-5.189928072959651
-4.551993537450128
-3.997073539169026
-3.525154949075898
-3.1122409389889274
-2.7633224086247514
-2.4534032891107027
-2.426674994960595
-2.7280111749997946
-3.0792490023341457
-3.4843739321703446
-3.950432736985505
-4.49041915274892
-5.123296399601094
-5.847251435998747
-6.689187761937882
-7.656295774159683
-8.756593786311214
-9.990231004279313
-11.349217016229524
-12.820571507920912
-14.354353654834531
-15.890540825286626
-17.344049160817644
-18.625960893265905
-19.63214436311899
-20.275326479681407
-20.513092642700617
-20.308163503076347
-19.68746028854813
-18.701109540235016
-17.434381322256097
-15.97846914133395
-14.43649312115106
-12.89454030549993
-11.41570185095227
-10.03705843859154
-8.794642359195338
-7.6864876565861
-6.713565153065507
-5.866822302201958
-5.136221079538225
-4.501685388021993
-3.9541864790167747
-3.488691414505407
-3.080184296616484
-2.730633040498985
-2.4270464639109854
-2.387883830995316
-2.6785499556429317
-3.0229035289438673
-3.418135548558648
-3.87913160809633
-4.4050442065234945
-5.018865785265432
-5.73365761247452
-6.563600205478108
-7.522810371794046
-8.615685596867747
-9.862150111943729
-11.244549918676439
-12.766742413368693
-14.374724778313098
-16.01243686698881
-17.581775775118757
-18.978832171559446
-20.082400924949464
-20.794816470056254
-21.054061608172812
-20.83440098512984
-20.154834405556816
-19.07816086588694
-17.702696828964385
-16.13882686040117
-14.496413016783492
-12.872993595416878
-11.336093382104352
-9.931718992225756
-8.676968057156618
-7.564889594708324
-6.599374148298482
-5.760295109103049
-5.039478493388074
-4.415820820505889
-3.8841356600159633
-3.423455505666001
-3.022758435213885
-2.6838707300616975
-2.390885679156987
-2.331477069921001
-2.6160695034114174
-2.9453441565230354
-3.324248529283682
-3.7698432915646376
-4.280181024134672
-4.87824941903719
-5.578414741734386
-6.386851324971097
-7.329779067635824
-8.412789350106404
-9.664127807836541
-11.091041882298017
-12.67259277608489
-14.38753054044494
-16.182372311184558
-17.939023850393472
-19.5198010527515
-20.77273219841918
-21.57959027732041
-21.865018680454334
-21.60632035589559
-20.83378962168731
-19.60810002223693
-18.06278788851041
-16.33059756811932
-14.542766746791111
-12.811494996753385
-11.2070833084257
-9.76482554847047
-8.49299724049396
-7.382360197973746
-6.4277628881901805
-5.6088215224718105
-4.904353191715053
-4.298087005247273
-3.779779111579519
-3.3343707065989343
-2.951746109612437
-2.620925322469088
-2.3299424035710135
-2.2612536803277963
-2.531754966793179
-2.851368560226236
-3.212676119955307
-3.636353512142802
-4.126619857238863
-4.698511100385607
-5.3683073834475
-6.151385722144152
-7.070311101858151
-8.145892300326825
-9.396795478134013
-10.846723249294678
-12.514512011895988
-14.38365315346616
-16.401882525278438
-18.438276885927873
-20.302699588368544
-21.781461841499663
-22.708261744740167
-23.005960242206804
-22.675690093179192
-21.750662429224782
-20.314723185077
-18.51254502259304
-16.536832038688992
-14.55067515397796
-12.68252345379501
-10.996097852436186
-9.51593291564737
-8.237157626772245
-7.142589192342378
-6.203709252592053
-5.408817337807949
-4.729424973661933
-4.1472492128724285
-3.6528682598972497
-3.223390455082832
-2.852400116644351
-2.540926735899657
-2.2660487402612413
-2.1842949340696536
-2.439298332747788
-2.7390772089577964
-3.0805466997089943
-3.4796408848413938
-3.9422749506782573
-4.484943552289935
-5.120607953802826
-5.868058392551092
-6.746060239052696
-7.792977681130846
-9.030825960449054
-10.501017558669377
-12.252033243376701
-14.30599850814842
-16.640465987548943
-19.13355834826661
-21.465294511702005
-23.258983803180733
-24.289355276393348
-24.561031927116126
-24.105251858750368
-22.96772213844006
-21.225482479691912
-19.055919696746873
-16.720785019751656
-14.473543336876798
-12.444167233704743
-10.673562199465294
-9.167514784493312
-7.899640044124475
-6.826376497889592
-5.920381398994599
-5.1615600529769825
-4.514301617656799
-3.9601922889218075
-3.494465413972163
-3.089351829364169
-2.742357450205212
-2.441808483202167
-2.1805409930869932
-2.0902828299287415
-2.329105827718529
-2.6080082400347964
-2.926624876978376
-3.29702922454037
-3.7287449552288665
-4.230906090118684
-4.824644391807534
-5.522448351260693
-6.349239971705398
-7.345594597474732
-8.539778317686372
-10.001970556366356
-11.810051432293134
-14.059689713895509
-16.842834717068605
-20.086473602270345
-23.280544622484587
-25.532132473935647
-26.51360077117324
-26.57293393975401
-25.957834376908256
-24.60469159237832
-22.439493175728927
-19.69910475082327
-16.846683730459834
-14.251264443436543
-12.043309081752104
-10.205563622012555
-8.707597559704478
-7.470010775035527
-6.442977095472849
-5.58866977653246
-4.872946720494304
-4.267342330357631
-3.749206729115129
-3.3111808342192472
-2.93512603472613
-2.6137735695047675
-2.331554567823488
-2.086206549054893
-1.9846747049085809
-2.209177804161171
-2.4634737981537116
-2.7566240273951355
-3.097040133106668
-3.49452760174303
-3.953201390197413
-4.492081020949074
-5.128489465071035
-5.884679334539174
-6.797017529332348
-7.92044685036191
-9.309286998632698
-11.100182883756483
-13.485761207650132
-16.784530925959878
-21.314197061943954
-26.31830640978508
-29.27153292309739
-29.415022989039848
-28.78337238086742
-28.161440704842008
-26.917482049102983
-24.21783876772488
-20.479029748077494
-16.810691887986216
-13.77683191050672
-11.408372237489358
-9.562437560274171
-8.108003372138032
-6.935473743698944
-5.97901528487231
-5.193503403737109
-4.535859484621
-3.9786274096090946
-3.5109417822467224
-3.1085941311927825
-2.7651187749379464
-2.469915737585768
-2.2054800718238305
-1.9821258256812682
-1.8717126289261403
-2.0752197940580768
-2.308597989054561
-2.5767063137663815
-2.879479462147591
-3.232794510263603
-3.6434226987433465
-4.124141240223311
-4.684108628581767
-5.354223723423806
-6.1610335617488525
-7.152315674534325
-8.400331435863725
-10.04966609683333
-12.351601814266644
-15.982845011446349
-22.39550236222955
-31.45230032511305
-35.183193014229
-31.673987741002172
-29.441120479668815
-29.95691600242864
-30.40878446304093
-27.324334144285448
-21.57922989725891
-16.462652351994343
-12.913357402540164
-10.477322017003196
-8.7165004896155
-7.371206728180832
-6.309252550959874
-5.457038557957493
-4.755422179268868
-4.16918814988087
-3.6724379926613584
-3.251331999591457
-2.89407244560782
-2.5792233412648127
-2.3125247493705983
-2.080633385768756
-1.8697126925714402
-1.7556881353041607
-1.940914008340918
-2.1495682326183356
-2.3868535098948476
-2.654050470312778
-2.9641401043086066
-3.318579150976464
-3.7276087328996104
-4.215377829943642
-4.779214674768653
-5.453130695308045
-6.2696055176655605
-7.290691856008481
-8.61999918849977
-10.479162210570909
-13.506780415760367
-19.84181389346024
-28.004606535587083
-30.89979784611307
-26.953732347437242
-23.933734678206022
-28.258906934162876
-34.34459519565371
-32.995377427295274
-22.3741078094587
-15.218402398447106
-11.418542795094378
-9.175109187583283
-7.642738542299851
-6.497420745089521
-5.6004785028258945
-4.875459730313828
-4.274212205013809
-3.771209689995875
-3.345499846458947
-2.979163332189262
-2.661335129029986
-2.384579520115409
-2.1499933582822046
-1.9411158159447333
-1.7510225415040448
-1.6325519479681978
-1.7984395631379178
-1.980502274482222
-2.188172065000664
-2.423082746877511
-2.686088714670953
-2.9887713184900617
-3.328167078005838
-3.7251341662756627
-4.174970241132467
-4.7017968621292745
-5.316617962248112
-6.042500711231923
-6.917421216959833
-7.984823121501794
-9.26037273050747
-10.444492092092906
-9.03065854020929
-9.07463640211339
-6.729435633438777
-9.863677455037502
-12.456600915682792
-21.215614832671907
-13.250576391064559
-16.092148426465954
-11.598073841032695
-9.0469694974239
-7.503601583377497
-6.389280986774803
-5.522532038712719
-4.829438110532712
-4.256371546269537
-3.7722989160341456
-3.360008774685653
-3.0063739437917527
-2.694439092201413
-2.424600081843029
-2.1901520566577
-1.9793075044421804
-1.795059779911266
-1.6311067337565452
-1.5111596291837148
-1.6618832886070156
-1.81333460352332
-1.9919358697099736
-2.1865331479636487
-2.4085991104237934
-2.652033810383316
-2.9303667255032564
-3.23323070333495
-3.5688185891279804
-3.9466833826874583
-4.34675528526581
-4.763163073773575
-5.151184805824333
-5.379793534242371
-5.076163276172982
-3.102639327673805
2.882965476493119
14.802388104175028
-3.238297557047754
3.9570757634308906
2.9266553338704484
0.1941969917001969
-0.8376061382805888
-5.605955420461278
-6.559711501040715
-6.207694612018064
-5.6239576272703955
-5.040309983014055
-4.511771221172582
-4.041774928741793
-3.6329242538544113
-3.264684401112619
-2.9472153549506275
-2.662684634282708
-2.411367001707325
-2.1879665754416373
-1.9875969741233663
-1.809025673967355
-1.650006521256095
-1.5076308235140583
-1.3934398306173066
-1.5137122446144364
-1.6472406996842013
-1.7927097141691648
-1.9585565485293448
-2.1324786184861804
-2.326329510762343
-2.5342532754246894
-2.7571189545420656
-2.9859491017820194
-3.221142887061851
-3.4337870240595145
-3.5784204143051612
-3.5700210473864513
-3.194370977849852
-2.005103181936536
0.9402939972708341
6.624220166638323
11.272300300570691
10.099110841672221
8.702671973801019
10.288091625413673
16.0684469933425
6.753854674867085
0.40977353167676256
-2.4873250899182047
-3.560810738804445
-3.8173176796779433
-3.7350466639890247
-3.5241314336899987
-3.2761793285368594
-3.0198725661029435
-2.7735174380231538
-2.5409256543457697
-2.3296153853561763
-2.1290528661417523
-1.9484632055213047
-1.7860321180859147
-1.6399598503706183
-1.5043831914867383
-1.378853971956166
-1.2688289113473197
-1.3713200167508113
-1.4834366313129512
-1.6035806891435798
-1.7344557286948876
-1.8689670563945213
-2.015661005893927
-2.161267378245901
-2.311939739723467
-2.450339869258011
-2.564351141616416
-2.6220110152591998
-2.567015313173326
-2.305595238842076
-1.6501631109816124
-0.29413455238976693
2.1111567539555764
5.362812087081326
7.833171764287859
8.53705380467334
8.858662582659314
10.356797935538966
11.568444069520945
8.274230058956222
3.379186030733698
0.15369281224965456
-1.522500628997418
-2.2840826850547624
-2.571854697608895
-2.62853983034478
-2.5650974986760273
-2.447499143940625
-2.3010041949436704
-2.1529984980627592
-2.003454505808485
-1.862173473400401
-1.7239682490078063
-1.590857425703384
-1.4728939963278065
-1.3617583457366143
-1.2589365122738212
-1.1533950492974103
-1.2338986676613914
-1.3273131857231182
-1.4208673212030882
-1.522883904864646
-1.6232054712825736
-1.7273099457335046
-1.8252416899847062
-1.9085612570744452
-1.9702870223460014
-1.9936620259612532
-1.9417876892819947
-1.76451729356822
-1.3892407443304924
-0.6925744331120796
0.47030534114342715
2.1631357083770713
4.135920293479778
5.787254917014073
6.783104452886456
7.46783501074401
8.12361132778604
8.061574233242501
6.32426369564557
3.624298815639024
1.2817363062050857
-0.27172382432193504
-1.175228622413098
-1.645514621944746
-1.8683839068540944
-1.9433553035515372
-1.9340574584750363
-1.8778789649179362
-1.797058190389986
-1.7025689159944848
-1.6048066240891052
-1.5047535359014326
-1.4087303368567294
-1.3122234531112589
-1.2229151898817063
-1.1366455256785832
-1.0362093402658001
-1.10975898015074
-1.1815830564605383
-1.2555158516560363
-1.3245569256712983
-1.3974950689819565
-1.4635629208155752
-1.5163048725470134
-1.5592517818492415
-1.5597415588601302
-1.5155354953795472
-1.3936515233281992
-1.1608273152697008
-0.7571096885106237
-0.1137636810921152
0.8160246363477464
2.014440972785056
3.3341675132690685
4.5072751856434286
5.373545208426984
5.950374620113104
6.208010291721668
5.892191703271463
4.7943681819152575
3.1950847574919026
1.625350570248267
0.3990744255835179
-0.43686349260378476
-0.9590249928791823
-1.2618674053923988
-1.4254712285962008
-1.490924043016195
-1.5024624146136147
-1.4724296683260032
-1.4305705019210917
-1.3678095972195883
-1.2989891375258378
-1.23479350225266
-1.1605515229114634
-1.092657957207569
-1.0257435343189594
-0.9332228616946264
-0.9871949903530659
-1.0425453380582856
-1.0929038158168711
-1.1462439604716124
-1.1907772860077712
-1.2273992790793744
-1.244760575003236
-1.2489073853767934
-1.2077789375226389
-1.1260315855717884
-0.9662377291099318
-0.7105552525885775
-0.3229364591713589
0.232120254989826
0.9652127092949911
1.8445407160821798
2.777134830962624
3.6316102317805043
4.292628869766124
4.707421939766702
4.8024082328373074
4.490153000638119
3.7560014804126824
2.7262193321694164
1.657210831859275
0.7334268779680743
0.02577480477419182
-0.4718204106582612
-0.7993601127710822
-1.0032246520357118
-1.1167025925682912
-1.1778684291302148
-1.1923639480004424
-1.1836558323650528
-1.1523339873523681
-1.1128632932430331
-1.0701404625757676
-1.0186295011461117
-0.9662647053925062
-0.9166838433442512
-0.8367629687324419
-0.8728553317697264
-0.9143447319148978
-0.951318209336482
-0.9794246314310544
-1.0064841925334302
-1.0183089205721871
-1.0129608775360768
-0.9842482762243638
-0.9218800546742363
-0.8099653784483624
-0.6384753845504747
-0.3853149780534898
-0.030456067885830575
0.4390690655258358
1.0156498752343377
1.6773172756826102
2.363136384441648
2.9860899303324033
3.468127900668919
3.756376089200341
3.793227505902839
3.548126619081303
3.027722869484216
2.3256965982934945
1.5728258016698398
0.8834800063181935
0.3059687171645554
-0.1385947012690779
-0.45278222206438246
-0.6722252195607096
-0.8157959773816762
-0.9034078991080997
-0.9480938694506443
-0.9682511743027264
-0.9658810064669914
-0.9450474623901951
-0.9173821082393363
-0.8902082126002272
-0.8549345115360566
-0.8156975373277332
-0.7418274179760803
-0.7701552744172493
-0.7968920100622711
-0.8254920278326617
-0.8326363199929978
-0.8429711895145241
-0.8400868864431611
-0.8143748162484445
-0.764126869727853
-0.685142691469745
-0.5658548257525743
-0.38917840461575387
-0.151199859531571
0.16009225222824178
0.5508250143875055
1.0120692862881262
1.517579265836813
2.02847153539783
2.4942578191082787
2.845295651131756
3.0413496704055425
3.0558830662522394
2.870496963441839
2.4945818515350906
2.0028583940674505
1.453672576606965
0.9208052846104265
0.4629569035342473
0.08521471459952584
-0.20770089019144364
-0.4209547611386022
-0.5723542887275004
-0.6769476636081321
-0.7446724199358461
-0.7796766487409554
-0.7966399194702072
-0.8007382084670969
-0.7872975079439556
-0.7695671285719996
-0.745895622759559
-0.7222916726635186
-0.6529162372536963
-0.6732051931281919
-0.6905361776830441
-0.7039330265815686
-0.706360240538575
-0.6973724565071641
-0.680073800327441
-0.6398420821668706
-0.5859193539063774
-0.4920582615019323
-0.3730378386294045
-0.2070885447644727
0.010599599486647012
0.28397205662152464
0.607684271467664
0.9771380021273837
1.3741671242400149
1.7565786546642543
2.1058600186989715
2.358933275440342
2.503349039631798
2.5055174146926373
2.361920420687943
2.0924655424573135
1.7334303784227907
1.3238857376374706
0.9203168032131163
0.5460400194537628
0.22931940046403568
-0.03041363241252196
-0.2300656810592232
-0.3821519045627595
-0.49486283668358255
-0.5699445638562832
-0.616962661383195
-0.651374230462514
-0.6634420917394112
-0.6668958908150276
-0.6600772551304824
-0.650470644117811
-0.6348360759627605
