-0.6075657590890174
-0.5970224868934452
-0.5715764443538608
-0.5362580486947124
-0.48357857440987445
-0.4085774800789753
-0.3102725647371991
-0.18516751489200797
-0.022571625127537402
0.17926944794436406
0.42607074281005
0.7228805790973296
1.0717379738171904
1.4684581185303534
1.9063327945893085
2.3696649859246537
2.8260881923124175
3.2489210686075283
3.5966215390855862
3.83746310974409
3.9501055129288387
3.914342014685051
3.727373545975404
3.418593904713198
3.009205661308211
2.542895429398025
2.066281449095588
1.6092193991031671
1.1887773425887855
0.8204884009353204
0.5068355741224008
0.24963248246298486
0.03614389593219327
-0.13282295477997694
-0.26216802917554644
-0.3706174191820616
-0.4485451821358478
-0.5017732605422741
-0.5447549921409016
-0.5716235273170915
-0.5853034738354675
-0.7355157626914803
-0.734941161713302
-0.7231116963813671
-0.6962834494277494
-0.6559594437785886
-0.5911768785713528
-0.5065801455770744
-0.38699711998882064
-0.22498714857435198
-0.01673450293763582
0.24995806730059755
0.5826071205861831
0.9875408152736841
1.4639398433246331
2.0133765956190017
2.6117217316259462
3.218954509202493
3.79388750585753
4.279882432858772
4.618383715603221
4.78602609325384
4.745380879739206
4.4923195479776625
4.05768448796831
3.4860157888001506
2.8478770563425475
2.2198641192250395
1.6328643606845865
1.1229029392604195
0.6917811669669132
0.338792334508641
0.057936012562126334
-0.16226526343111247
-0.32911743615264294
-0.4570185523852341
-0.5498773903255115
-0.6178215408132508
-0.6625843465092814
-0.6928101587796278
-0.7099889196480208
-0.7152832497257546
-0.8775030992683359
-0.891388064689622
-0.8954296448339577
-0.8841325863588819
-0.86209408215658
-0.8179045453376795
-0.7466425149625666
-0.6379119970093824
-0.490264356072683
-0.2860673309807271
-0.012042489244467552
0.3474605805487364
0.8104271816289298
1.3755033105333734
2.0594699442491096
2.835585999782959
3.6544996115218313
4.444328035701681
5.122384753757018
5.612994527429775
5.870736620132289
5.830004445538726
5.488192151437686
4.868054621735711
4.055678049563994
3.169651274830112
2.320904815546796
1.5811214611801363
0.961546794465856
0.46670055793304005
0.08392338461249756
-0.2075669818641592
-0.42453256531845424
-0.5847007040506408
-0.6991969305569723
-0.7755856047528217
-0.8252496671297291
-0.8563907829855263
-0.8660633351117317
-0.8678937856472504
-0.8520056407817675
-1.0379865544808955
-1.066277258595195
-1.0906360617881474
-1.1009738506745375
-1.1024679172413598
-1.0829927716670982
-1.0354522008155107
-0.9570247668088423
-0.8292702286420489
-0.6449737151177712
-0.3793880672228887
-0.011698491157074848
0.4924454165992641
1.154854411200575
1.9889925229410275
2.9995185288804866
4.110886492220367
5.214343453475392
6.1715977077307675
6.873501356159308
7.256803502572534
7.263958453922471
6.816599120642213
5.90389531936681
4.702280263719216
3.443472253120134
2.3042115402296055
1.3716670084029783
0.6490996643219
0.10639931717948536
-0.28990454650595543
-0.5697893524748993
-0.7735599771125036
-0.9070737215565758
-0.9931798142621392
-1.0392173385082937
-1.0659298637775039
-1.0684616730776355
-1.0614882277341628
-1.0375519755764038
-1.0123950292975228
-1.2058811459117451
-1.2611702688502504
-1.3057758844808671
-1.3470359018450715
-1.376167293966738
-1.3898349909391625
-1.38117485408597
-1.3434583826035105
-1.2615172234240661
-1.118447275871264
-0.8855923274646402
-0.5381771094556971
-0.02774082219139049
0.7064297990145064
1.7111838692126637
3.0200123286232334
4.560498446546584
6.1187098630527235
7.435743310120594
8.364819379476442
8.938235139783615
9.103687430117592
8.591273666658765
7.249700211684836
5.38831550604269
3.5383911659483176
2.02339481679148
0.9010525273520266
0.10962848848628276
-0.4381485765797614
-0.807048532373862
-1.0517022610273048
-1.2051459502617372
-1.2969987916277683
-1.340455223675564
-1.3554475180475256
-1.3433299721614667
-1.3163195974048583
-1.2810351074590627
-1.2350615579482662
-1.1849640377628683
-1.3916084441719025
-1.4686074110097593
-1.5413377320886794
-1.6170033494254243
-1.6850191661442318
-1.7400076791635168
-1.7844353137427433
-1.806832108676747
-1.7847773789625223
-1.7114850826486223
-1.5572625706134968
-1.2775664403207159
-0.8166294696129576
-0.07995676980039126
1.0575653653754304
2.7218365962442173
4.890701493537355
7.168913387664483
8.886897749210778
9.837445661740269
10.51098590847587
11.110440401371935
10.846906435294443
8.84259506921853
5.824686939975138
3.1312003540001334
1.243763140276033
0.024108649247729284
-0.7462714799705357
-1.21671209182656
-1.5039502032197416
-1.6673224788470644
-1.7403643616350597
-1.7645130992004687
-1.7501080526202033
-1.7124092085783027
-1.6556503968450011
-1.59206928085906
-1.5155293363674676
-1.4476121345577688
-1.3671479422316608
-1.5906949474717007
-1.6905366520021143
-1.803982222276668
-1.91326539405868
-2.027348064925963
-2.1396926462585353
-2.2431922809272664
-2.333817253693024
-2.405029478420184
-2.4416474918187783
-2.4059396324400724
-2.270525406186773
-1.9664235196016968
-1.3663320460288455
-0.26907196639183983
1.6639485027039864
4.690956374613076
8.160246477143048
10.121847001217759
10.151974337781068
10.206545065013835
11.615405464104517
12.58535736231427
9.666616356011088
4.837143821304355
1.4338006357660635
-0.43827220496608077
-1.4453872088697879
-1.9896869605084668
-2.2669484861856994
-2.3870908561293303
-2.410415462486115
-2.37938276320924
-2.306727358817822
-2.2136611049644164
-2.1140455362827133
-2.005104592382552
-1.8906352506574866
-1.7780784275058532
-1.6710680066714585
-1.5674420903449056
-1.7957061048819356
-1.9284561089177175
-2.075864188332672
-2.2319929981453392
-2.396129334678215
-2.568980607419022
-2.750083050990992
-2.9352055552804637
-3.1116186455809838
-3.2877412649644993
-3.450349802844132
-3.5493694448210027
-3.5468672536202166
-3.3401537736620877
-2.7269805450712403
-1.2035201528024742
2.2285661720198155
7.313496980809566
8.962729006431177
5.9685070956627975
3.709912127595989
4.676559655997168
7.01128440649084
3.562494814756379
-1.0603496205699445
-2.67720266742066
-3.3261280918814577
-3.601102416975099
-3.66173827259864
-3.597521248036097
-3.4656154609015433
-3.298314644013168
-3.116123311464276
-2.930995244674818
-2.741443635961718
-2.5585643282858417
-2.3824339838417052
-2.215616181424783
-2.0641985316716807
-1.9190817860941873
-1.781578087121066
-2.0091810719830474
-2.1812865042289586
-2.3656641751865126
-2.5714695683698707
-2.7986926557896363
-3.038749088730304
-3.3081756794424573
-3.5979184430465967
-3.9122202707536298
-4.2598506435261045
-4.628698876683886
-5.026019723511847
-5.450022051455631
-5.896739271749609
-6.365439021931252
-6.742257167156194
-6.136099214714566
-2.7141037392391745
-2.933489513655344
-11.885661492772538
-8.918135278255411
-14.171411651593301
-15.090481990535375
-13.97669845394381
-9.682496082299474
-7.752433849714557
-6.836462133654198
-6.171112315806604
-5.603754538897499
-5.110111570215639
-4.6686634123479225
-4.276041329638352
-3.918983986495425
-3.59266886247156
-3.296751540788743
-3.0269916755946187
-2.783534726412419
-2.55525936849601
-2.3551160880692215
-2.1684750526526164
-2.001484495283939
-2.230206540687277
-2.432699655467346
-2.6608772682713893
-2.9128922318247046
-3.2014663128663896
-3.519913396065307
-3.8789698552581373
-4.284362014600866
-4.745673858029667
-5.2736051611390575
-5.892195599085135
-6.624552766328301
-7.52936465239454
-8.712858991940319
-10.39506844421157
-12.999488441377771
-17.071122277793794
-20.037887498888605
-18.147179158170605
-16.279954066299236
-16.934652068183997
-18.88082516527315
-20.286473434881373
-7.619936515925125
-13.274941142376617
-12.178931767604675
-10.407492992987576
-8.858962091435666
-7.657071667713317
-6.7067080673242865
-5.936480593739504
-5.291091722026495
-4.74952490061195
-4.281196344027235
-3.869114814175725
-3.502903214695906
-3.1813134725173624
-2.899391452456328
-2.64145472018973
-2.4112171050974918
-2.2100183915321505
-2.435867408876428
-2.6766088838010202
-2.9470414962217637
-3.2557121733625447
-3.6014035369711492
-3.9919021782221598
-4.447448506090453
-4.96889061739749
-5.5741475841033425
-6.292088514483079
-7.148832392254985
-8.201962115993236
-9.540798862323726
-11.294415345377072
-13.6542758049806
-16.72941902800173
-19.71509533598626
-16.78216534524435
-14.360083192364538
-21.55439288398789
-24.86230069735532
-26.36617577098025
-28.701513901411833
-28.191622261511185
-22.38859350578624
-17.304635811508554
-13.935226710439778
-11.534368590024446
-9.727053411631184
-8.339828201971676
-7.243701117102327
-6.349782994940572
-5.6122460515359816
-4.989542448177211
-4.457759550211232
-3.9966514478890445
-3.600742122510443
-3.2499888409297752
-2.9387470275132763
-2.6692031058186436
-2.4268529712056015
-2.6487900686436925
-2.9211011791869876
-3.2355676751677955
-3.5925823304407905
-4.005020807213041
-4.470620525848588
-5.016982101658347
-5.658472510620181
-6.40888777753191
-7.301355213079856
-8.387342835130541
-9.723824693180001
-11.409392971903236
-13.576375349570656
-16.380461814142382
-20.01151603422602
-25.094678045747024
-32.652490898083464
-39.11349725238601
-40.31703225315732
-39.79321439293847
-40.20390585348211
-40.75511910543498
-36.57990209322464
-28.472899963726622
-21.61857518860211
-17.072075308548055
-13.947503864148562
-11.646993024557688
-9.891387647687752
-8.502354582927072
-7.380558445616628
-6.458858640222028
-5.69099058274968
-5.040363690147386
-4.485966115492357
-4.008148035955933
-3.5937572969257117
-3.234755885975768
-2.91705453876182
-2.6423135135368803
-2.849246759618222
-3.1565724335294805
-3.5144447820736557
-3.925930117844399
-4.395739900353575
-4.941836681144621
-5.570315328675372
-6.319413688444095
-7.200108854604876
-8.252957915481296
-9.531509764767426
-11.101442450356235
-13.049028355926692
-15.518413240530206
-18.707735306050594
-23.01020967254068
-29.344615204011937
-38.13599933861356
-45.492938826158706
-47.71135683301145
-47.227914872577486
-45.66848567066987
-42.716955931965835
-37.275176625734744
-30.304968636958233
-24.082849199821027
-19.392949017346975
-15.934244447467606
-13.322404536526822
-11.28172218999107
-9.664220443164592
-8.347107342126485
-7.264686205966529
-6.3608015232861295
-5.604993375915285
-4.957086761730635
-4.409380415102769
-3.9296994266880483
-3.515316057909023
-3.1612371158226935
-2.8446766940179677
-3.038835714533283
-3.384882372005775
-3.779231809288424
-4.230744163406303
-4.75815985684642
-5.372588886171324
-6.084091857990187
-6.928910748659509
-7.923156480111986
-9.116743458860316
-10.539531967679775
-12.286333480578577
-14.41916246535248
-17.067602329728253
-20.420158775170503
-24.75919716985294
-30.420023733939043
-37.056922839578576
-42.79432068958057
-45.95141751903544
-46.517003826405244
-44.85306559071616
-41.29387555872695
-36.25517861818889
-30.596981463678603
-25.32185190952324
-20.94000539558047
-17.45785777278434
-14.692208992859333
-12.479983556095368
-10.68389030343577
-9.211628783278123
-7.994849144920424
-6.978664311399355
-6.115992190835739
-5.392993280747108
-4.771450182644307
-4.241115894339071
-3.7816112461119684
-3.381172958062577
-3.033862641610439
-3.2092904350912823
-3.584382120735526
-4.017174403340389
-4.5098351824604705
-5.08938361426832
-5.7578264047244945
-6.548103873275181
-7.472437290500243
-8.563553069126067
-9.86188002196874
-11.410448753399944
-13.269577964905015
-15.506024590536777
-18.223456674881316
-21.516218655570636
-25.4995199374088
-30.183521691904946
-35.15836339732897
-39.534454478308355
-42.40518537558086
-43.251170218421194
-42.0537407665078
-39.096624458720655
-34.96720395509724
-30.356128068478384
-25.885832264071965
-21.913068051290647
-18.554161311054333
-15.765203485958265
-13.460148935754235
-11.55246274857196
-9.965476240997619
-8.636169618079737
-7.52338030602179
-6.582027018572784
-5.781453148699608
-5.106643913567256
-4.524232142719644
-4.0219062341298235
-3.581758342833849
-3.2082912613886903
-3.365023411171989
-3.7638909101604394
-4.220189595117758
-4.759552050080299
-5.381292569806812
-6.103709026575275
-6.949929175580866
-7.942973854740606
-9.111651131184384
-10.491072892446175
-12.127209083183947
-14.056687303279736
-16.33814813382324
-19.028776924139464
-22.162390390677523
-25.737911985057618
-29.648674062865783
-33.56638117425125
-36.975371076544064
-39.28730710835661
-40.091902835302484
-39.26636456428002
-36.998596086404696
-33.71500383153473
-29.929609636477053
-26.08649869964689
-22.501618521119077
-19.317059584515544
-16.57070366048224
-14.234188720480375
-12.25769953705432
-10.592681389820518
-9.184113707009473
-7.992714537851365
-6.983634541781767
-6.129885599332069
-5.394870985241967
-4.768817856568703
-4.232626132549253
-3.7663064011986633
-3.363751893907421
-3.4907516263271803
-3.9133190866717174
-4.405893397624015
-4.969429182431568
-5.6249088721926395
-6.393426636453577
-7.288459945163081
-8.333511373282823
-9.56601759235308
-11.002421509725137
-12.6906571208317
-14.65819568534038
-16.944593228734902
-19.570925495339267
-22.52439308541684
-25.76178756519676
-29.131788869831023
-32.36767864115689
-35.104970574303884
-36.96382753981042
-37.64909848456537
-37.050536451981074
-35.27206328456367
-32.60761926172338
-29.426623675183997
-26.07452899622654
-22.82091246274192
-19.817299377253452
-17.146446524770166
-14.815234489119238
-12.81014849523276
-11.090721010701081
-9.629198891571422
-8.384733643436114
-7.318610502359072
-6.4158718442833695
-5.642134596765205
-4.97903273404331
-4.411302384009582
-3.915910249939382
-3.49380361286804
-3.593657986842458
-4.034324343013966
-4.54535604012824
-5.1328436878939785
-5.820648343508981
-6.620037097697072
-7.552014264114333
-8.646004749290473
-9.912430409982754
-11.397788424915518
-13.116753029482847
-15.107735787548247
-17.376389446828913
-19.934636393890177
-22.734370845641077
-25.710336842564516
-28.70758426995719
-31.49144208357802
-33.797383614434466
-35.34418888227335
-35.92025447115266
-35.43686343779247
-33.968957692165006
-31.71435616457276
-28.95329164483344
-25.95610448808516
-22.963612729376635
-20.125220730395995
-17.533567898722723
-15.22861753562
-13.211613590728751
-11.46466995162979
-9.964348235696335
-8.679278686899133
-7.58099221590292
-6.644086356771712
-5.832289612357377
-5.142417068220685
-4.553213531659583
-4.036772506945119
-3.5949510815243952
-3.670480742402274
-4.122385070562011
-4.647005081513284
-5.258290447513818
-5.968280139413162
-6.790041235333614
-7.747615649793709
-8.870092635674766
-10.167749637550708
-11.675758837490253
-13.41940733179088
-15.41494944343048
-17.668576257827947
-20.165355841282615
-22.857469195946937
-25.649858508116264
-28.40055261049347
-30.909680264623958
-32.945908689742836
-34.29028986490516
-34.774365975084514
-34.35707683999132
-33.0601172379535
-31.063945023102836
-28.573540682126584
-25.820569640809076
-23.011464144210354
-20.291509246692534
-17.772955915991123
-15.502011785757865
-13.486837569449472
-11.726449600815902
-10.20276349603921
-8.892635848189723
-7.767904147925522
-6.8003931604957835
-5.972974471081304
-5.264563581007412
-4.653083115873409
-4.127482073054558
-3.6687876217927147
-3.713934005673425
-4.174277318470219
-4.714515351619588
-5.330653341538955
-6.051663436613698
-6.889570688614973
-7.8663753185353675
-9.004108966597805
-10.318817145596606
-11.851541224228734
-13.60337808024557
-15.60138973193674
-17.842678689782012
-20.30224930689223
-22.920228633115283
-25.61466359617483
-28.22965780476821
-30.579240441435147
-32.46942132271265
-33.69796680394615
-34.13650213275583
-33.73164393046736
-32.530191855437124
-30.660081058953995
-28.313465238697642
-25.70148516233344
-23.00425722020299
-20.364883946420377
-17.89245207876196
-15.64104023170926
-13.63571132465525
-11.872505231255364
-10.338431480236476
-9.013477681902122
-7.875620904740791
-6.8988302961100905
-6.0570814034351415
-5.3323506511577525
-4.712619786458595
-4.180876870943824
-3.716123868649688
-3.7288447426504554
-4.194808284780307
-4.732761774923587
-5.3617015543840525
-6.082624731194887
-6.930524168934065
-7.912394850490738
-9.051228930755176
-10.380015717424506
-11.90974706327523
-13.675410484331318
-15.67900173708289
-17.9165173384173
-20.363962341986664
-22.974348508714385
-25.6357031259201
-28.20206607882887
-30.500465282895842
-32.330985896962126
-33.51466185253536
-33.9245531370747
-33.51466320317104
-32.33198754718337
-30.49747474357522
-28.200060628211357
-25.628710842782777
-22.972355484009494
-20.365966998834892
-17.915522619824486
-15.673006619710925
-13.674413239600632
-11.915748337174994
-10.377018520601698
-9.05223023228616
-7.908396640806119
-6.92752533681603
-6.081625226878039
-5.357702504140242
-4.731762209355203
-4.193808707899339
-3.7348446720939714
-3.713934005673425
-4.174277318470219
-4.714515351619588
-5.330653341538955
-6.051663436613698
-6.889570688614973
-7.8663753185353675
-9.004108966597805
-10.318817145596606
-11.851541224228734
-13.60337808024557
-15.60138973193674
-17.842678689782012
-20.30224930689223
-22.920228633115283
-25.61466359617483
-28.22965780476821
-30.579240441435147
-32.46942132271265
-33.69796680394615
-34.13650213275583
-33.73164393046736
-32.530191855437124
-30.660081058953995
-28.313465238697642
-25.70148516233344
-23.00425722020299
-20.364883946420377
-17.89245207876196
-15.64104023170926
-13.63571132465525
-11.872505231255364
-10.338431480236476
-9.013477681902122
-7.875620904740791
-6.8988302961100905
-6.0570814034351415
-5.3323506511577525
-4.712619786458595
-4.180876870943824
-3.716123868649688
-3.670480742402274
-4.122385070562011
-4.647005081513284
-5.258290447513818
-5.968280139413162
-6.790041235333614
-7.747615649793709
-8.870092635674766
-10.167749637550708
-11.675758837490253
-13.41940733179088
-15.41494944343048
-17.668576257827947
-20.165355841282615
-22.857469195946937
-25.649858508116264
-28.40055261049347
-30.909680264623958
-32.945908689742836
-34.29028986490516
-34.774365975084514
-34.35707683999132
-33.0601172379535
-31.063945023102836
-28.573540682126584
-25.820569640809076
-23.011464144210354
-20.291509246692534
-17.772955915991123
-15.502011785757865
-13.486837569449472
-11.726449600815902
-10.20276349603921
-8.892635848189723
-7.767904147925522
-6.8003931604957835
-5.972974471081304
-5.264563581007412
-4.653083115873409
-4.127482073054558
-3.6687876217927147
-3.593657986842458
-4.034324343013966
-4.54535604012824
-5.1328436878939785
-5.820648343508981
-6.620037097697072
-7.552014264114333
-8.646004749290473
-9.912430409982754
-11.397788424915518
-13.116753029482847
-15.107735787548247
-17.376389446828913
-19.934636393890177
-22.734370845641077
-25.710336842564516
-28.70758426995719
-31.49144208357802
-33.797383614434466
-35.34418888227335
-35.92025447115266
-35.43686343779247
-33.968957692165006
-31.71435616457276
-28.95329164483344
-25.95610448808516
-22.963612729376635
-20.125220730395995
-17.533567898722723
-15.22861753562
-13.211613590728751
-11.46466995162979
-9.964348235696335
-8.679278686899133
-7.58099221590292
-6.644086356771712
-5.832289612357377
-5.142417068220685
-4.553213531659583
-4.036772506945119
-3.5949510815243952
-3.4907516263271803
-3.9133190866717174
-4.405893397624015
-4.969429182431568
-5.6249088721926395
-6.393426636453577
-7.288459945163081
-8.333511373282823
-9.56601759235308
-11.002421509725137
-12.6906571208317
-14.65819568534038
-16.944593228734902
-19.570925495339267
-22.52439308541684
-25.76178756519676
-29.131788869831023
-32.36767864115689
-35.104970574303884
-36.96382753981042
-37.64909848456537
-37.050536451981074
-35.27206328456367
-32.60761926172338
-29.426623675183997
-26.07452899622654
-22.82091246274192
-19.817299377253452
-17.146446524770166
-14.815234489119238
-12.81014849523276
-11.090721010701081
-9.629198891571422
-8.384733643436114
-7.318610502359072
-6.4158718442833695
-5.642134596765205
-4.97903273404331
-4.411302384009582
-3.915910249939382
-3.49380361286804
-3.365023411171989
-3.7638909101604394
-4.220189595117758
-4.759552050080299
-5.381292569806812
-6.103709026575275
-6.949929175580866
-7.942973854740606
-9.111651131184384
-10.491072892446175
-12.127209083183947
-14.056687303279736
-16.33814813382324
-19.028776924139464
-22.162390390677523
-25.737911985057618
-29.648674062865783
-33.56638117425125
-36.975371076544064
-39.28730710835661
-40.091902835302484
-39.26636456428002
-36.998596086404696
-33.71500383153473
-29.929609636477053
-26.08649869964689
-22.501618521119077
-19.317059584515544
-16.57070366048224
-14.234188720480375
-12.25769953705432
-10.592681389820518
-9.184113707009473
-7.992714537851365
-6.983634541781767
-6.129885599332069
-5.394870985241967
-4.768817856568703
-4.232626132549253
-3.7663064011986633
-3.363751893907421
-3.2092904350912823
-3.584382120735526
-4.017174403340389
-4.5098351824604705
-5.08938361426832
-5.7578264047244945
-6.548103873275181
-7.472437290500243
-8.563553069126067
-9.86188002196874
-11.410448753399944
-13.269577964905015
-15.506024590536777
-18.223456674881316
-21.516218655570636
-25.4995199374088
-30.183521691904946
-35.15836339732897
-39.534454478308355
-42.40518537558086
-43.251170218421194
-42.0537407665078
-39.096624458720655
-34.96720395509724
-30.356128068478384
-25.885832264071965
-21.913068051290647
-18.554161311054333
-15.765203485958265
-13.460148935754235
-11.55246274857196
-9.965476240997619
-8.636169618079737
-7.52338030602179
-6.582027018572784
-5.781453148699608
-5.106643913567256
-4.524232142719644
-4.0219062341298235
-3.581758342833849
-3.2082912613886903
-3.038835714533283
-3.384882372005775
-3.779231809288424
-4.230744163406303
-4.75815985684642
-5.372588886171324
-6.084091857990187
-6.928910748659509
-7.923156480111986
-9.116743458860316
-10.539531967679775
-12.286333480578577
-14.41916246535248
-17.067602329728253
-20.420158775170503
-24.75919716985294
-30.420023733939043
-37.056922839578576
-42.79432068958057
-45.95141751903544
-46.517003826405244
-44.85306559071616
-41.29387555872695
-36.25517861818889
-30.596981463678603
-25.32185190952324
-20.94000539558047
-17.45785777278434
-14.692208992859333
-12.479983556095368
-10.68389030343577
-9.211628783278123
-7.994849144920424
-6.978664311399355
-6.115992190835739
-5.392993280747108
-4.771450182644307
-4.241115894339071
-3.7816112461119684
-3.381172958062577
-3.033862641610439
-2.849246759618222
-3.1565724335294805
-3.5144447820736557
-3.925930117844399
-4.395739900353575
-4.941836681144621
-5.570315328675372
-6.319413688444095
-7.200108854604876
-8.252957915481296
-9.531509764767426
-11.101442450356235
-13.049028355926692
-15.518413240530206
-18.707735306050594
-23.01020967254068
-29.344615204011937
-38.13599933861356
-45.492938826158706
-47.71135683301145
-47.227914872577486
-45.66848567066987
-42.716955931965835
-37.275176625734744
-30.304968636958233
-24.082849199821027
-19.392949017346975
-15.934244447467606
-13.322404536526822
-11.28172218999107
-9.664220443164592
-8.347107342126485
-7.264686205966529
-6.3608015232861295
-5.604993375915285
-4.957086761730635
-4.409380415102769
-3.9296994266880483
-3.515316057909023
-3.1612371158226935
-2.8446766940179677
-2.6487900686436925
-2.9211011791869876
-3.2355676751677955
-3.5925823304407905
-4.005020807213041
-4.470620525848588
-5.016982101658347
-5.658472510620181
-6.40888777753191
-7.301355213079856
-8.387342835130541
-9.723824693180001
-11.409392971903236
-13.576375349570656
-16.380461814142382
-20.01151603422602
-25.094678045747024
-32.652490898083464
-39.11349725238601
-40.31703225315732
-39.79321439293847
-40.20390585348211
-40.75511910543498
-36.57990209322464
-28.472899963726622
-21.61857518860211
-17.072075308548055
-13.947503864148562
-11.646993024557688
-9.891387647687752
-8.502354582927072
-7.380558445616628
-6.458858640222028
-5.69099058274968
-5.040363690147386
-4.485966115492357
-4.008148035955933
-3.5937572969257117
-3.234755885975768
-2.91705453876182
-2.6423135135368803
-2.435867408876428
-2.6766088838010202
-2.9470414962217637
-3.2557121733625447
-3.6014035369711492
-3.9919021782221598
-4.447448506090453
-4.96889061739749
-5.5741475841033425
-6.292088514483079
-7.148832392254985
-8.201962115993236
-9.540798862323726
-11.294415345377072
-13.6542758049806
-16.72941902800173
-19.71509533598626
-16.78216534524435
-14.360083192364538
-21.55439288398789
-24.86230069735532
-26.36617577098025
-28.701513901411833
-28.191622261511185
-22.38859350578624
-17.304635811508554
-13.935226710439778
-11.534368590024446
-9.727053411631184
-8.339828201971676
-7.243701117102327
-6.349782994940572
-5.6122460515359816
-4.989542448177211
-4.457759550211232
-3.9966514478890445
-3.600742122510443
-3.2499888409297752
-2.9387470275132763
-2.6692031058186436
-2.4268529712056015
-2.230206540687277
-2.432699655467346
-2.6608772682713893
-2.9128922318247046
-3.2014663128663896
-3.519913396065307
-3.8789698552581373
-4.284362014600866
-4.745673858029667
-5.2736051611390575
-5.892195599085135
-6.624552766328301
-7.52936465239454
-8.712858991940319
-10.39506844421157
-12.999488441377771
-17.071122277793794
-20.037887498888605
-18.147179158170605
-16.279954066299236
-16.934652068183997
-18.88082516527315
-20.286473434881373
-7.619936515925125
-13.274941142376617
-12.178931767604675
-10.407492992987576
-8.858962091435666
-7.657071667713317
-6.7067080673242865
-5.936480593739504
-5.291091722026495
-4.74952490061195
-4.281196344027235
-3.869114814175725
-3.502903214695906
-3.1813134725173624
-2.899391452456328
-2.64145472018973
-2.4112171050974918
-2.2100183915321505
-2.0091810719830474
-2.1812865042289586
-2.3656641751865126
-2.5714695683698707
-2.7986926557896363
-3.038749088730304
-3.3081756794424573
-3.5979184430465967
-3.9122202707536298
-4.2598506435261045
-4.628698876683886
-5.026019723511847
-5.450022051455631
-5.896739271749609
-6.365439021931252
-6.742257167156194
-6.136099214714566
-2.7141037392391745
-2.933489513655344
-11.885661492772538
-8.918135278255411
-14.171411651593301
-15.090481990535375
-13.97669845394381
-9.682496082299474
-7.752433849714557
-6.836462133654198
-6.171112315806604
-5.603754538897499
-5.110111570215639
-4.6686634123479225
-4.276041329638352
-3.918983986495425
-3.59266886247156
-3.296751540788743
-3.0269916755946187
-2.783534726412419
-2.55525936849601
-2.3551160880692215
-2.1684750526526164
-2.001484495283939
-1.7957061048819356
-1.9284561089177175
-2.075864188332672
-2.2319929981453392
-2.396129334678215
-2.568980607419022
-2.750083050990992
-2.9352055552804637
-3.1116186455809838
-3.2877412649644993
-3.450349802844132
-3.5493694448210027
-3.5468672536202166
-3.3401537736620877
-2.7269805450712403
-1.2035201528024742
2.2285661720198155
7.313496980809566
8.962729006431177
5.9685070956627975
3.709912127595989
4.676559655997168
7.01128440649084
3.562494814756379
-1.0603496205699445
-2.67720266742066
-3.3261280918814577
-3.601102416975099
-3.66173827259864
-3.597521248036097
-3.4656154609015433
-3.298314644013168
-3.116123311464276
-2.930995244674818
-2.741443635961718
-2.5585643282858417
-2.3824339838417052
-2.215616181424783
-2.0641985316716807
-1.9190817860941873
-1.781578087121066
-1.5906949474717007
-1.6905366520021143
-1.803982222276668
-1.91326539405868
-2.027348064925963
-2.1396926462585353
-2.2431922809272664
-2.333817253693024
-2.405029478420184
-2.4416474918187783
-2.4059396324400724
-2.270525406186773
-1.9664235196016968
-1.3663320460288455
-0.26907196639183983
1.6639485027039864
4.690956374613076
8.160246477143048
10.121847001217759
10.151974337781068
10.206545065013835
11.615405464104517
12.58535736231427
9.666616356011088
4.837143821304355
1.4338006357660635
-0.43827220496608077
-1.4453872088697879
-1.9896869605084668
-2.2669484861856994
-2.3870908561293303
-2.410415462486115
-2.37938276320924
-2.306727358817822
-2.2136611049644164
-2.1140455362827133
-2.005104592382552
-1.8906352506574866
-1.7780784275058532
-1.6710680066714585
-1.5674420903449056
-1.3916084441719025
-1.4686074110097593
-1.5413377320886794
-1.6170033494254243
-1.6850191661442318
-1.7400076791635168
-1.7844353137427433
-1.806832108676747
-1.7847773789625223
-1.7114850826486223
-1.5572625706134968
-1.2775664403207159
-0.8166294696129576
-0.07995676980039126
1.0575653653754304
2.7218365962442173
4.890701493537355
7.168913387664483
8.886897749210778
9.837445661740269
10.51098590847587
11.110440401371935
10.846906435294443
8.84259506921853
5.824686939975138
3.1312003540001334
1.243763140276033
0.024108649247729284
-0.7462714799705357
-1.21671209182656
-1.5039502032197416
-1.6673224788470644
-1.7403643616350597
-1.7645130992004687
-1.7501080526202033
-1.7124092085783027
-1.6556503968450011
-1.59206928085906
-1.5155293363674676
-1.4476121345577688
-1.3671479422316608
-1.2058811459117451
-1.2611702688502504
-1.3057758844808671
-1.3470359018450715
-1.376167293966738
-1.3898349909391625
-1.38117485408597
-1.3434583826035105
-1.2615172234240661
-1.118447275871264
-0.8855923274646402
-0.5381771094556971
-0.02774082219139049
0.7064297990145064
1.7111838692126637
3.0200123286232334
4.560498446546584
6.1187098630527235
7.435743310120594
8.364819379476442
8.938235139783615
9.103687430117592
8.591273666658765
7.249700211684836
5.38831550604269
3.5383911659483176
2.02339481679148
0.9010525273520266
0.10962848848628276
-0.4381485765797614
-0.807048532373862
-1.0517022610273048
-1.2051459502617372
-1.2969987916277683
-1.340455223675564
-1.3554475180475256
-1.3433299721614667
-1.3163195974048583
-1.2810351074590627
-1.2350615579482662
-1.1849640377628683
-1.0379865544808955
-1.066277258595195
-1.0906360617881474
-1.1009738506745375
-1.1024679172413598
-1.0829927716670982
-1.0354522008155107
-0.9570247668088423
-0.8292702286420489
-0.6449737151177712
-0.3793880672228887
-0.011698491157074848
0.4924454165992641
1.154854411200575
1.9889925229410275
2.9995185288804866
4.110886492220367
5.214343453475392
6.1715977077307675
6.873501356159308
7.256803502572534
7.263958453922471
6.816599120642213
5.90389531936681
4.702280263719216
3.443472253120134
2.3042115402296055
1.3716670084029783
0.6490996643219
0.10639931717948536
-0.28990454650595543
-0.5697893524748993
-0.7735599771125036
-0.9070737215565758
-0.9931798142621392
-1.0392173385082937
-1.0659298637775039
-1.0684616730776355
-1.0614882277341628
-1.0375519755764038
-1.0123950292975228
-0.8775030992683359
-0.891388064689622
-0.8954296448339577
-0.8841325863588819
-0.86209408215658
-0.8179045453376795
-0.7466425149625666
-0.6379119970093824
-0.490264356072683
-0.2860673309807271
-0.012042489244467552
0.3474605805487364
0.8104271816289298
1.3755033105333734
2.0594699442491096
2.835585999782959
3.6544996115218313
4.444328035701681
5.122384753757018
5.612994527429775
5.870736620132289
5.830004445538726
5.488192151437686
4.868054621735711
4.055678049563994
3.169651274830112
2.320904815546796
1.5811214611801363
0.961546794465856
0.46670055793304005
0.08392338461249756
-0.2075669818641592
-0.42453256531845424
-0.5847007040506408
-0.6991969305569723
-0.7755856047528217
-0.8252496671297291
-0.8563907829855263
-0.8660633351117317
-0.8678937856472504
-0.8520056407817675
-0.7355157626914803
-0.734941161713302
-0.7231116963813671
-0.6962834494277494
-0.6559594437785886
-0.5911768785713528
-0.5065801455770744
-0.38699711998882064
-0.22498714857435198
-0.01673450293763582
0.24995806730059755
0.5826071205861831
0.9875408152736841
1.4639398433246331
2.0133765956190017
2.6117217316259462
3.218954509202493
3.79388750585753
4.279882432858772
4.618383715603221
4.78602609325384
4.745380879739206
4.4923195479776625
4.05768448796831
3.4860157888001506
2.8478770563425475
2.2198641192250395
1.6328643606845865
1.1229029392604195
0.6917811669669132
0.338792334508641
0.057936012562126334
-0.16226526343111247
-0.32911743615264294
-0.4570185523852341
-0.5498773903255115
-0.6178215408132508
-0.6625843465092814
-0.6928101587796278
-0.7099889196480208
-0.7152832497257546
-0.6075657590890174
-0.5970224868934452
-0.5715764443538608
-0.5362580486947124
-0.48357857440987445
-0.4085774800789753
-0.3102725647371991
-0.18516751489200797
-0.022571625127537402
0.17926944794436406
0.42607074281005
0.7228805790973296
1.0717379738171904
1.4684581185303534
1.9063327945893085
2.3696649859246537
2.8260881923124175
3.2489210686075283
3.5966215390855862
3.83746310974409
3.9501055129288387
3.914342014685051
3.727373545975404
3.418593904713198
3.009205661308211
2.542895429398025
2.066281449095588
1.6092193991031671
1.1887773425887855
0.8204884009353204
0.5068355741224008
0.24963248246298486
0.03614389593219327
-0.13282295477997694
-0.26216802917554644
-0.3706174191820616
-0.4485451821358478
-0.5017732605422741
-0.5447549921409016
-0.5716235273170915
-0.5853034738354675
