0.7698628537869442
0.7851631813668992
0.79935857457828
0.8009073969245906
0.7960795985812907
0.784114564094858
0.739689805721404
0.6878878302932927
0.6092689950625767
0.4877727811179891
0.3025128007622131
0.05687006583950199
-0.2338547592333877
-0.6313676295733416
-1.0772231938780428
-1.585985957131239
-2.12787719297927
-2.6390457679326635
-3.075327786705619
-3.3983701190788485
-3.5488692409276625
-3.5008550762828925
-3.2418152644704112
-2.8306677087957293
-2.3227178276354357
-1.7341147989090573
-1.1920700595021285
-0.6949589472533203
-0.24154165855043067
0.06571930991882113
0.30966379919636633
0.49636818405204713
0.6243189627542712
0.7107394388377763
0.7641124916344558
0.7884806692420703
0.8151226269577649
0.803918884259388
0.7976446651346657
0.7928638176620333
0.7530789289345412
0.8737575219135271
0.9128293921169114
0.9248627033574176
0.959747766391852
0.9716279612000878
0.9762457260013041
0.9543023081391935
0.9083337066919116
0.8450137513394912
0.720313632548074
0.5383879026673681
0.27560217463304315
-0.04766097457396877
-0.5031119884599558
-1.0717453055248853
-1.7038078993986494
-2.407437527092979
-3.1264921578173426
-3.7096689425730527
-4.164277917581447
-4.3775082709326725
-4.333326803774733
-3.9905293668763018
-3.409783897382348
-2.68827537093892
-1.898037132762397
-1.1562090177137987
-0.5258945770076382
-0.02624111011540551
0.32445110663679183
0.5784607167770894
0.7525448058570691
0.8742924046567833
0.9353551783374147
0.9664096001892994
0.9705962184809319
0.9715839787385847
0.9580215539706575
0.9171584274289734
0.905038093576933
0.8641364243848167
0.978964161540021
1.028765318606756
1.0786709200266278
1.1154588747297471
1.1563011380046164
1.1683687270718701
1.1764947966397747
1.1700837466469143
1.1217243412291662
1.0094388937687109
0.8464927730996094
0.5918596510725052
0.2167824814172908
-0.30480718945778407
-0.9651626139684399
-1.8082462111040374
-2.754791181975172
-3.7010883427105505
-4.540168571075684
-5.177368668817819
-5.495843689761284
-5.468712354252897
-5.005077398081304
-4.1885216433066645
-3.114250489717313
-1.9976597703325165
-1.0194212506216904
-0.25218449252528435
0.30862045530291293
0.6927661735658878
0.9393079765343468
1.0807633295466639
1.1672142423942984
1.2053489004170623
1.2014303390591787
1.204616082975311
1.1563051972254346
1.1124378992468968
1.0767696122670731
1.0072205097019253
0.991065039040018
1.1022339071324407
1.1799392808714957
1.2269713389626025
1.2927965964127437
1.3458771699103977
1.403198076696479
1.425710598931208
1.4554020235389418
1.444051979549496
1.3771167934861077
1.2546190352597086
1.0246217241038267
0.6243702427958128
0.05112590748189808
-0.7717317527242268
-1.868298722919572
-3.128063490533448
-4.465627093017918
-5.613265880730835
-6.505160979837736
-7.002238327653044
-7.065358971350492
-6.475482219132695
-5.243131652110196
-3.647973856573317
-2.034102030585112
-0.7075985686062193
0.21842086142163333
0.8274858379759695
1.1916588384356452
1.393804773319597
1.4927354171085077
1.5235347095354816
1.5160183384266994
1.474272260969156
1.420817881248347
1.370646895585615
1.3066277289435202
1.2456444661974715
1.1628334841622487
1.0943027784274397
1.23609877019035
1.3092102689919236
1.4035918922697317
1.4835071269164515
1.5597193037722472
1.6439077743219492
1.7259281496236272
1.7940153381169828
1.8338431886264888
1.8352772280016572
1.7579956033138695
1.585088736564223
1.229537900231485
0.6094092821236237
-0.3548854711673937
-1.7745151232075143
-3.5923350154702995
-5.521577803802899
-7.1286645011372265
-8.310433006483125
-9.068919317806603
-9.365953188960273
-8.776408211319078
-6.88038249173165
-4.231033568499635
-1.7988104357269548
-0.05304064843912986
1.011613027317973
1.5965192789450076
1.876768782448216
1.995868294119139
2.0097908208313378
1.936857388661737
1.886695472698563
1.7846850772597525
1.6859268071255855
1.5920121158807103
1.5055903223415248
1.4131574961278015
1.306049002704651
1.2316630329119476
1.3831004408935528
1.4672458058763953
1.5616579624286417
1.6799547488086939
1.7956786637456688
1.921136686260156
2.048324727771305
2.1677760029455007
2.2760515747567633
2.3650222318919902
2.389366173992577
2.314843213382145
2.056718405261197
1.4951406394464926
0.40862847675826935
-1.4384185034888022
-4.119441196392542
-7.084243432192201
-9.317455424102734
-10.481867351985933
-11.408517444724255
-12.549128556394436
-12.547831183614523
-9.425741388615483
-4.66614900118731
-0.8691956388694636
1.2792265787187282
2.2688796446305366
2.6651684631948114
2.7541393565549424
2.6892461719760945
2.597913720161068
2.43544968818781
2.280871805139791
2.132461684138457
1.9867696705829163
1.860403193120357
1.7117485698790116
1.5969952730178878
1.468747602871855
1.3701274582594047
1.4807825405499069
1.6195174496444118
1.7411007646689478
1.8930621215831671
2.064150561203881
2.221336366170283
2.4054919262103716
2.585992046263232
2.78757343864945
2.9842296912866075
3.1382506125963747
3.2201216819091205
3.1821205332929634
2.8111880109291523
1.820834757687569
-0.44092588509358605
-4.547544461983864
-9.809883314325619
-12.89245916002173
-12.695017364721789
-12.960218379667573
-16.559588656905046
-19.64185107868669
-13.53406706175704
-3.7752068597748525
1.7123736404010714
3.672570023033285
4.137633094333068
4.051053765196458
3.8028016619818104
3.518359032363764
3.247781657453611
2.968953892259881
2.722714104224657
2.487868122611252
2.2798022263411464
2.1020990822800814
1.9338808921494604
1.7854380262294278
1.6352088326212688
1.498504169956236
1.631229068240131
1.7748200768341111
1.9666378715260633
2.1278929650523666
2.3074041800035254
2.5313759482450666
2.7685508760936517
3.0563104398420906
3.3350263565870137
3.6283890175293143
3.976310720055534
4.317803431551472
4.618198979090038
4.72842786273884
4.32104195238149
2.289884363334181
-3.7301058076639557
-14.679790097229894
-20.110798635759647
-13.91808242681845
-10.46300571164564
-18.827226808246266
-32.05311876973556
-15.185340783385419
2.5994642750336316
7.3613901100346135
7.314281371597508
6.465003201626985
5.65844140432782
4.954641299209085
4.40068170636814
3.9234438310716935
3.5149164720831205
3.161748658634999
2.860244888446855
2.591560863838435
2.362989985758725
2.1592667513325323
1.9726757677586308
1.8038034605333324
1.6507488458457287
1.7837837988330816
1.951832275180311
2.1452091334259804
2.34449212797198
2.6020901156414498
2.8600011934978005
3.153890265706398
3.4915043971744613
3.9001240879121832
4.33253157337875
4.865701973238129
5.4786107856386215
6.222692711197415
7.081858051305747
8.098398245051891
8.475968068810644
4.412671662315034
-11.836514731513654
-24.650032462145173
3.1942889382444295
5.181898881677438
9.935209436222008
-4.8811644337737095
10.334507660436941
20.10444316513253
15.690805064725353
11.47597096292655
8.891973999514597
7.267641315103483
6.140442050572413
5.28919093569904
4.618403827646756
4.079884323220246
3.6275093751493386
3.244979407035915
2.910575674383278
2.6272715842370618
2.382424139744035
2.176191964264171
1.982851576660776
1.8061458729364055
1.9350839278272158
2.130131539821535
2.330622823598137
2.5751258991230137
2.861406835915447
3.1773688908850932
3.516711916304636
3.955292633540394
4.4337946487598785
4.988025187212151
5.731114639967367
6.593648525540887
7.782060412552602
9.430076307185841
12.09104692233508
16.77017918391565
23.30911070336047
18.270941531247853
16.299665051135182
28.74422110693148
27.169427513904584
39.98893144498878
56.3524789190376
21.521155823041575
27.584875521527067
19.90801706468595
14.038608220955734
10.549391396107994
8.517112785585118
7.103076665208588
6.052126565718889
5.235930859852668
4.605223073888613
4.0472390317707445
3.6069118068673562
3.2217637303842155
2.872414586054244
2.589514734128753
2.3617346012808684
2.1260592531650335
1.9240902375144802
2.0594893562233634
2.267066492208184
2.5073145507864933
2.7741562428403617
3.078686129557118
3.4379119741488133
3.8554437496772
4.348638799892394
4.912546046936646
5.609489493914268
6.444879886247929
7.509759304476909
8.94710056072506
11.003685491662214
14.28771975231874
20.102066846609908
29.099127490162275
27.159833465735638
28.56715475574368
34.480505376060115
31.18959007995812
29.999926762710224
16.01672368530981
14.701748636938216
18.048819877085716
17.124684382248983
13.996877357363909
11.338185744854455
9.355264970248587
7.875845091539302
6.725699326655648
5.8161230289342
5.05574120467106
4.457975229628486
3.923239332830683
3.510356211183571
3.131558824720509
2.8106582932834256
2.5239862330167844
2.2765696698372966
2.063495246402536
2.184036169314405
2.4183542387580523
2.6707359212118926
2.9878869893518405
3.321052021288315
3.7217682533993046
4.177248726502418
4.722550798435503
5.365464402587792
6.127806332914943
7.078861060880589
8.264390463713719
9.749438891524647
11.824185105551186
14.694544448395138
18.560371518873595
21.74587356399571
19.028822397621333
17.60311374946527
22.65903718950842
24.506425953546668
21.781191891728295
15.071783167829949
13.021307824639509
15.045503228274631
15.16620859465673
13.566929240825036
11.624608767946434
9.91410252246918
8.438246461543155
7.283094434151703
6.28127794045487
5.480979616279927
4.841299804447625
4.2568422041965865
3.7725009595935735
3.3672554078682047
2.9995702959366013
2.695855521578753
2.43181359693171
2.1818050623876903
2.31723155727149
2.570695517871016
2.8577020609176453
3.14032650926201
3.5322375152273096
3.9694668231996126
4.4628298987632355
5.041243573075081
5.733001660548599
6.581572348205472
7.57049828610398
8.787233743530939
10.27104981226434
12.103901837309726
14.335926268045416
16.684116075900306
18.138673731306355
17.807756273649066
18.134058726961815
20.601217271455237
21.73061962329632
20.75432239977766
18.38545854868113
16.572278180189773
15.79768389056367
14.8943268349288
13.481104814013577
11.83305033878504
10.269260749447206
8.899805542509148
7.700561599686592
6.71302981363066
5.854966064374829
5.164317918341614
4.54036894244777
4.036230816281696
3.560041621547144
3.2083102815321527
2.8580592325537832
2.566348070144883
2.316488110707729
2.4212298370159013
2.700265800761446
2.9816007443035133
3.338362817281207
3.7334152840618358
4.188090508203485
4.708354071708863
5.341233162603679
6.063160712829261
6.921908784010312
7.94115036277543
9.11551527664979
10.525783499811165
12.117501812555664
13.938111144444399
15.731814096977693
17.169176543062548
18.167601185281626
19.11360080262374
20.225532290824187
20.697973696183507
20.209074670277044
18.935761136499217
17.547921151158782
16.2759099559744
14.951607933572163
13.492383476925612
11.987231114474259
10.51745996999847
9.219501111880708
8.05625332893918
7.052886035731741
6.1788991209739565
5.437970703754808
4.79527206853189
4.24174062030753
3.762128332472146
3.342819933570458
2.9946815941127833
2.7015496864540838
2.427857192382761
2.510454007264012
2.806156041711698
3.1188830956009634
3.4880904544466063
3.8942250914810876
4.3979214667869995
4.95661064741044
5.584295763322102
6.358737883424421
7.186355627744151
8.19391564361752
9.36625655192684
10.675162797331577
12.090420675203225
13.654995125141982
15.2021030083627
16.623410536122176
17.79811149094026
18.792338954388597
19.568396518577707
19.835012857994414
19.51722504997073
18.662628144005275
17.553824138166757
16.2698300514728
14.898119926155482
13.506214504453139
12.05368986300418
10.702956083716792
9.451038822046991
8.31295745194241
7.311018033097972
6.425917739232875
5.665890680905679
4.998415195524088
4.420006136672419
3.9380270721941923
3.5211486823951557
3.1407857372667793
2.8255786227109034
2.52443071169325
2.5981272122095516
2.894284232668305
3.232889827254587
3.615332446989742
4.06959765749026
4.558828164454572
5.13039441143918
5.7919716032769575
6.561496064657955
7.421689298451391
8.410377095001975
9.489479796451782
10.731364616675863
12.055446397450055
13.420569376847967
14.817948768974997
16.08249801850146
17.250998675902313
18.13768419246012
18.758954248317888
18.973890580214995
18.738638633075357
18.124345807000743
17.177859272368305
16.070563378882344
14.774565119691038
13.43859492879543
12.078787179258901
10.802397387821106
9.607577456862815
8.50571316034217
7.501639471948089
6.616934620618786
5.848152556925345
5.168467303631904
4.5741231004607386
4.079244408192599
3.6394467967396626
3.2416968824670356
2.9000617517890666
2.606937224857916
2.676686707577137
2.965817374566773
3.3331517198699525
3.7204265472744376
4.1638555898837515
4.6743677700694075
5.293135974842242
5.960978873689073
6.725171095264199
7.5959360662626585
8.558085615805851
9.634111122704878
10.77439710881782
12.010277873397746
13.286649598986752
14.50893188164237
15.685663709836875
16.71934547713886
17.55590698277685
18.051252576290853
18.228927389366877
18.076280790269713
17.53762067398935
16.76757297539072
15.774676439943386
14.613697051767174
13.362000325752742
12.115620405586853
10.885072864003027
9.708020835933684
8.641414965958342
7.673187089591933
6.79133011159171
6.010642488299588
5.3263992024474325
4.712645170382696
4.193931492953338
3.730045700883395
3.3203092674516106
2.9865376015072873
2.6870758943637902
2.726132838377256
3.0393004376943527
3.3982455928002606
3.800342769103626
4.259799739565722
4.788422227681511
5.411544445480592
6.084212691997874
6.8481214911174675
7.715293039506955
8.680226392620545
9.720168905586801
10.837088665159376
12.016933313605126
13.198707948356402
14.338232326401675
15.426166433087506
16.34977345281465
17.106749835555856
17.564513812226284
17.731949672804436
17.537364966752918
17.131756759860128
16.407948377651575
15.523202024330242
14.447963895368211
13.27611062162255
12.090159990440434
10.930679528785856
9.782839596273268
8.748650697302708
7.758437693465816
6.9126521996885035
6.134539145200699
5.415986007051458
4.820479248462017
4.291931415146285
3.8106086011397635
3.4050818998949066
3.0364746251107775
2.7338224720051922
2.7892453889761812
3.078531042490819
3.440630115618815
3.8536491625199405
4.342394235035231
4.8701971705390354
5.495820295243261
6.160711523504119
6.934604497142627
7.786652963600341
8.747963572293362
9.765835160672468
10.87794142567369
12.00964745139344
13.15574513997638
14.261242806237446
15.277092319774905
16.140276414594037
16.798723532315652
17.230082280385822
17.34997598824918
17.222108857827976
16.83042069371266
16.160036275926547
15.309231700679911
14.314195123361007
13.209052774132319
12.071913389860542
10.942861727401882
9.854972849056884
8.807383075363779
7.8421403856321215
6.9820978955279385
6.20637025583274
5.518767119254647
4.87930784884158
4.341885026928628
3.868552716178509
3.4520967018402935
3.096615142697342
2.7751332183238424
2.821258711021902
3.1080581370518967
3.4817636411440827
3.894438947752178
4.384039111419852
4.9166288644493505
5.553150476271899
6.239734098702486
7.0062920621743965
7.863888101692223
8.799545292265135
9.821296100167748
10.888165800719909
12.024136286355235
13.10929971931992
14.227554626395191
15.200995894138648
16.024614979129588
16.63739218981343
17.040211658469925
17.165004828748565
17.046659570428783
16.690123016764435
16.039391413273176
15.21750161450554
14.23649695273286
13.160406090278505
12.068258275764414
10.927088444092966
9.85091543666244
8.840767511975596
7.887667516068469
7.018620098380433
6.239615026761478
5.554651544182698
4.911734662619471
4.374823498996541
3.887928253642566
3.4910208047867877
3.1271144324817097
2.8052145578989407
2.8269344887190617
3.117921446657507
3.4859027200926196
3.9298765661721275
4.379849357079927
4.924810956529699
5.5877588185518645
6.252698116382392
7.044619115629776
7.902523221331381
8.821407392071233
9.860270973180699
10.946108215501189
12.042938089601408
13.118759400739581
14.173576677620847
15.144403425818023
15.986241548898082
16.61011770324853
17.092021081958805
17.155006260927014
17.083027546846957
16.606120401008525
15.997238884369862
15.143399115061179
14.185576041329561
13.119762032820624
12.011944413893511
10.948112122052128
9.865270895438309
8.808408797101686
7.890524514250113
7.038620299208669
6.248699866824289
5.590759863869338
4.928812163575852
4.368850637277851
3.932877579352989
3.481904389180368
3.1049224440933534
2.8259339958320755
2.821258711021902
3.1080581370518967
3.4817636411440827
3.894438947752178
4.384039111419852
4.9166288644493505
5.553150476271899
6.239734098702486
7.0062920621743965
7.863888101692223
8.799545292265135
9.821296100167748
10.888165800719909
12.024136286355235
13.10929971931992
14.227554626395191
15.200995894138648
16.024614979129588
16.63739218981343
17.040211658469925
17.165004828748565
17.046659570428783
16.690123016764435
16.039391413273176
15.21750161450554
14.23649695273286
13.160406090278505
12.068258275764414
10.927088444092966
9.85091543666244
8.840767511975596
7.887667516068469
7.018620098380433
6.239615026761478
5.554651544182698
4.911734662619471
4.374823498996541
3.887928253642566
3.4910208047867877
3.1271144324817097
2.8052145578989407
2.7892453889761812
3.078531042490819
3.440630115618815
3.8536491625199405
4.342394235035231
4.8701971705390354
5.495820295243261
6.160711523504119
6.934604497142627
7.786652963600341
8.747963572293362
9.765835160672468
10.87794142567369
12.00964745139344
13.15574513997638
14.261242806237446
15.277092319774905
16.140276414594037
16.798723532315652
17.230082280385822
17.34997598824918
17.222108857827976
16.83042069371266
16.160036275926547
15.309231700679911
14.314195123361007
13.209052774132319
12.071913389860542
10.942861727401882
9.854972849056884
8.807383075363779
7.8421403856321215
6.9820978955279385
6.20637025583274
5.518767119254647
4.87930784884158
4.341885026928628
3.868552716178509
3.4520967018402935
3.096615142697342
2.7751332183238424
2.726132838377256
3.0393004376943527
3.3982455928002606
3.800342769103626
4.259799739565722
4.788422227681511
5.411544445480592
6.084212691997874
6.8481214911174675
7.715293039506955
8.680226392620545
9.720168905586801
10.837088665159376
12.016933313605126
13.198707948356402
14.338232326401675
15.426166433087506
16.34977345281465
17.106749835555856
17.564513812226284
17.731949672804436
17.537364966752918
17.131756759860128
16.407948377651575
15.523202024330242
14.447963895368211
13.27611062162255
12.090159990440434
10.930679528785856
9.782839596273268
8.748650697302708
7.758437693465816
6.9126521996885035
6.134539145200699
5.415986007051458
4.820479248462017
4.291931415146285
3.8106086011397635
3.4050818998949066
3.0364746251107775
2.7338224720051922
2.676686707577137
2.965817374566773
3.3331517198699525
3.7204265472744376
4.1638555898837515
4.6743677700694075
5.293135974842242
5.960978873689073
6.725171095264199
7.5959360662626585
8.558085615805851
9.634111122704878
10.77439710881782
12.010277873397746
13.286649598986752
14.50893188164237
15.685663709836875
16.71934547713886
17.55590698277685
18.051252576290853
18.228927389366877
18.076280790269713
17.53762067398935
16.76757297539072
15.774676439943386
14.613697051767174
13.362000325752742
12.115620405586853
10.885072864003027
9.708020835933684
8.641414965958342
7.673187089591933
6.79133011159171
6.010642488299588
5.3263992024474325
4.712645170382696
4.193931492953338
3.730045700883395
3.3203092674516106
2.9865376015072873
2.6870758943637902
2.5981272122095516
2.894284232668305
3.232889827254587
3.615332446989742
4.06959765749026
4.558828164454572
5.13039441143918
5.7919716032769575
6.561496064657955
7.421689298451391
8.410377095001975
9.489479796451782
10.731364616675863
12.055446397450055
13.420569376847967
14.817948768974997
16.08249801850146
17.250998675902313
18.13768419246012
18.758954248317888
18.973890580214995
18.738638633075357
18.124345807000743
17.177859272368305
16.070563378882344
14.774565119691038
13.43859492879543
12.078787179258901
10.802397387821106
9.607577456862815
8.50571316034217
7.501639471948089
6.616934620618786
5.848152556925345
5.168467303631904
4.5741231004607386
4.079244408192599
3.6394467967396626
3.2416968824670356
2.9000617517890666
2.606937224857916
2.510454007264012
2.806156041711698
3.1188830956009634
3.4880904544466063
3.8942250914810876
4.3979214667869995
4.95661064741044
5.584295763322102
6.358737883424421
7.186355627744151
8.19391564361752
9.36625655192684
10.675162797331577
12.090420675203225
13.654995125141982
15.2021030083627
16.623410536122176
17.79811149094026
18.792338954388597
19.568396518577707
19.835012857994414
19.51722504997073
18.662628144005275
17.553824138166757
16.2698300514728
14.898119926155482
13.506214504453139
12.05368986300418
10.702956083716792
9.451038822046991
8.31295745194241
7.311018033097972
6.425917739232875
5.665890680905679
4.998415195524088
4.420006136672419
3.9380270721941923
3.5211486823951557
3.1407857372667793
2.8255786227109034
2.52443071169325
2.4212298370159013
2.700265800761446
2.9816007443035133
3.338362817281207
3.7334152840618358
4.188090508203485
4.708354071708863
5.341233162603679
6.063160712829261
6.921908784010312
7.94115036277543
9.11551527664979
10.525783499811165
12.117501812555664
13.938111144444399
15.731814096977693
17.169176543062548
18.167601185281626
19.11360080262374
20.225532290824187
20.697973696183507
20.209074670277044
18.935761136499217
17.547921151158782
16.2759099559744
14.951607933572163
13.492383476925612
11.987231114474259
10.51745996999847
9.219501111880708
8.05625332893918
7.052886035731741
6.1788991209739565
5.437970703754808
4.79527206853189
4.24174062030753
3.762128332472146
3.342819933570458
2.9946815941127833
2.7015496864540838
2.427857192382761
2.31723155727149
2.570695517871016
2.8577020609176453
3.14032650926201
3.5322375152273096
3.9694668231996126
4.4628298987632355
5.041243573075081
5.733001660548599
6.581572348205472
7.57049828610398
8.787233743530939
10.27104981226434
12.103901837309726
14.335926268045416
16.684116075900306
18.138673731306355
17.807756273649066
18.134058726961815
20.601217271455237
21.73061962329632
20.75432239977766
18.38545854868113
16.572278180189773
15.79768389056367
14.8943268349288
13.481104814013577
11.83305033878504
10.269260749447206
8.899805542509148
7.700561599686592
6.71302981363066
5.854966064374829
5.164317918341614
4.54036894244777
4.036230816281696
3.560041621547144
3.2083102815321527
2.8580592325537832
2.566348070144883
2.316488110707729
2.184036169314405
2.4183542387580523
2.6707359212118926
2.9878869893518405
3.321052021288315
3.7217682533993046
4.177248726502418
4.722550798435503
5.365464402587792
6.127806332914943
7.078861060880589
8.264390463713719
9.749438891524647
11.824185105551186
14.694544448395138
18.560371518873595
21.74587356399571
19.028822397621333
17.60311374946527
22.65903718950842
24.506425953546668
21.781191891728295
15.071783167829949
13.021307824639509
15.045503228274631
15.16620859465673
13.566929240825036
11.624608767946434
9.91410252246918
8.438246461543155
7.283094434151703
6.28127794045487
5.480979616279927
4.841299804447625
4.2568422041965865
3.7725009595935735
3.3672554078682047
2.9995702959366013
2.695855521578753
2.43181359693171
2.1818050623876903
2.0594893562233634
2.267066492208184
2.5073145507864933
2.7741562428403617
3.078686129557118
3.4379119741488133
3.8554437496772
4.348638799892394
4.912546046936646
5.609489493914268
6.444879886247929
7.509759304476909
8.94710056072506
11.003685491662214
14.28771975231874
20.102066846609908
29.099127490162275
27.159833465735638
28.56715475574368
34.480505376060115
31.18959007995812
29.999926762710224
16.01672368530981
14.701748636938216
18.048819877085716
17.124684382248983
13.996877357363909
11.338185744854455
9.355264970248587
7.875845091539302
6.725699326655648
5.8161230289342
5.05574120467106
4.457975229628486
3.923239332830683
3.510356211183571
3.131558824720509
2.8106582932834256
2.5239862330167844
2.2765696698372966
2.063495246402536
1.9350839278272158
2.130131539821535
2.330622823598137
2.5751258991230137
2.861406835915447
3.1773688908850932
3.516711916304636
3.955292633540394
4.4337946487598785
4.988025187212151
5.731114639967367
6.593648525540887
7.782060412552602
9.430076307185841
12.09104692233508
16.77017918391565
23.30911070336047
18.270941531247853
16.299665051135182
28.74422110693148
27.169427513904584
39.98893144498878
56.3524789190376
21.521155823041575
27.584875521527067
19.90801706468595
14.038608220955734
10.549391396107994
8.517112785585118
7.103076665208588
6.052126565718889
5.235930859852668
4.605223073888613
4.0472390317707445
3.6069118068673562
3.2217637303842155
2.872414586054244
2.589514734128753
2.3617346012808684
2.1260592531650335
1.9240902375144802
1.7837837988330816
1.951832275180311
2.1452091334259804
2.34449212797198
2.6020901156414498
2.8600011934978005
3.153890265706398
3.4915043971744613
3.9001240879121832
4.33253157337875
4.865701973238129
5.4786107856386215
6.222692711197415
7.081858051305747
8.098398245051891
8.475968068810644
4.412671662315034
-11.836514731513654
-24.650032462145173
3.1942889382444295
5.181898881677438
9.935209436222008
-4.8811644337737095
10.334507660436941
20.10444316513253
15.690805064725353
11.47597096292655
8.891973999514597
7.267641315103483
6.140442050572413
5.28919093569904
4.618403827646756
4.079884323220246
3.6275093751493386
3.244979407035915
2.910575674383278
2.6272715842370618
2.382424139744035
2.176191964264171
1.982851576660776
1.8061458729364055
1.631229068240131
1.7748200768341111
1.9666378715260633
2.1278929650523666
2.3074041800035254
2.5313759482450666
2.7685508760936517
3.0563104398420906
3.3350263565870137
3.6283890175293143
3.976310720055534
4.317803431551472
4.618198979090038
4.72842786273884
4.32104195238149
2.289884363334181
-3.7301058076639557
-14.679790097229894
-20.110798635759647
-13.91808242681845
-10.46300571164564
-18.827226808246266
-32.05311876973556
-15.185340783385419
2.5994642750336316
7.3613901100346135
7.314281371597508
6.465003201626985
5.65844140432782
4.954641299209085
4.40068170636814
3.9234438310716935
3.5149164720831205
3.161748658634999
2.860244888446855
2.591560863838435
2.362989985758725
2.1592667513325323
1.9726757677586308
1.8038034605333324
1.6507488458457287
1.4807825405499069
1.6195174496444118
1.7411007646689478
1.8930621215831671
2.064150561203881
2.221336366170283
2.4054919262103716
2.585992046263232
2.78757343864945
2.9842296912866075
3.1382506125963747
3.2201216819091205
3.1821205332929634
2.8111880109291523
1.820834757687569
-0.44092588509358605
-4.547544461983864
-9.809883314325619
-12.89245916002173
-12.695017364721789
-12.960218379667573
-16.559588656905046
-19.64185107868669
-13.53406706175704
-3.7752068597748525
1.7123736404010714
3.672570023033285
4.137633094333068
4.051053765196458
3.8028016619818104
3.518359032363764
3.247781657453611
2.968953892259881
2.722714104224657
2.487868122611252
2.2798022263411464
2.1020990822800814
1.9338808921494604
1.7854380262294278
1.6352088326212688
1.498504169956236
1.3831004408935528
1.4672458058763953
1.5616579624286417
1.6799547488086939
1.7956786637456688
1.921136686260156
2.048324727771305
2.1677760029455007
2.2760515747567633
2.3650222318919902
2.389366173992577
2.314843213382145
2.056718405261197
1.4951406394464926
0.40862847675826935
-1.4384185034888022
-4.119441196392542
-7.084243432192201
-9.317455424102734
-10.481867351985933
-11.408517444724255
-12.549128556394436
-12.547831183614523
-9.425741388615483
-4.66614900118731
-0.8691956388694636
1.2792265787187282
2.2688796446305366
2.6651684631948114
2.7541393565549424
2.6892461719760945
2.597913720161068
2.43544968818781
2.280871805139791
2.132461684138457
1.9867696705829163
1.860403193120357
1.7117485698790116
1.5969952730178878
1.468747602871855
1.3701274582594047
1.23609877019035
1.3092102689919236
1.4035918922697317
1.4835071269164515
1.5597193037722472
1.6439077743219492
1.7259281496236272
1.7940153381169828
1.8338431886264888
1.8352772280016572
1.7579956033138695
1.585088736564223
1.229537900231485
0.6094092821236237
-0.3548854711673937
-1.7745151232075143
-3.5923350154702995
-5.521577803802899
-7.1286645011372265
-8.310433006483125
-9.068919317806603
-9.365953188960273
-8.776408211319078
-6.88038249173165
-4.231033568499635
-1.7988104357269548
-0.05304064843912986
1.011613027317973
1.5965192789450076
1.876768782448216
1.995868294119139
2.0097908208313378
1.936857388661737
1.886695472698563
1.7846850772597525
1.6859268071255855
1.5920121158807103
1.5055903223415248
1.4131574961278015
1.306049002704651
1.2316630329119476
1.1022339071324407
1.1799392808714957
1.2269713389626025
1.2927965964127437
1.3458771699103977
1.403198076696479
1.425710598931208
1.4554020235389418
1.444051979549496
1.3771167934861077
1.2546190352597086
1.0246217241038267
0.6243702427958128
0.05112590748189808
-0.7717317527242268
-1.868298722919572
-3.128063490533448
-4.465627093017918
-5.613265880730835
-6.505160979837736
-7.002238327653044
-7.065358971350492
-6.475482219132695
-5.243131652110196
-3.647973856573317
-2.034102030585112
-0.7075985686062193
0.21842086142163333
0.8274858379759695
1.1916588384356452
1.393804773319597
1.4927354171085077
1.5235347095354816
1.5160183384266994
1.474272260969156
1.420817881248347
1.370646895585615
1.3066277289435202
1.2456444661974715
1.1628334841622487
1.0943027784274397
0.978964161540021
1.028765318606756
1.0786709200266278
1.1154588747297471
1.1563011380046164
1.1683687270718701
1.1764947966397747
1.1700837466469143
1.1217243412291662
1.0094388937687109
0.8464927730996094
0.5918596510725052
0.2167824814172908
-0.30480718945778407
-0.9651626139684399
-1.8082462111040374
-2.754791181975172
-3.7010883427105505
-4.540168571075684
-5.177368668817819
-5.495843689761284
-5.468712354252897
-5.005077398081304
-4.1885216433066645
-3.114250489717313
-1.9976597703325165
-1.0194212506216904
-0.25218449252528435
0.30862045530291293
0.6927661735658878
0.9393079765343468
1.0807633295466639
1.1672142423942984
1.2053489004170623
1.2014303390591787
1.204616082975311
1.1563051972254346
1.1124378992468968
1.0767696122670731
1.0072205097019253
0.991065039040018
0.8737575219135271
0.9128293921169114
0.9248627033574176
0.959747766391852
0.9716279612000878
0.9762457260013041
0.9543023081391935
0.9083337066919116
0.8450137513394912
0.720313632548074
0.5383879026673681
0.27560217463304315
-0.04766097457396877
-0.5031119884599558
-1.0717453055248853
-1.7038078993986494
-2.407437527092979
-3.1264921578173426
-3.7096689425730527
-4.164277917581447
-4.3775082709326725
-4.333326803774733
-3.9905293668763018
-3.409783897382348
-2.68827537093892
-1.898037132762397
-1.1562090177137987
-0.5258945770076382
-0.02624111011540551
0.32445110663679183
0.5784607167770894
0.7525448058570691
0.8742924046567833
0.9353551783374147
0.9664096001892994
0.9705962184809319
0.9715839787385847
0.9580215539706575
0.9171584274289734
0.905038093576933
0.8641364243848167
0.7698628537869442
0.7851631813668992
0.79935857457828
0.8009073969245906
0.7960795985812907
0.784114564094858
0.739689805721404
0.6878878302932927
0.6092689950625767
0.4877727811179891
0.3025128007622131
0.05687006583950199
-0.2338547592333877
-0.6313676295733416
-1.0772231938780428
-1.585985957131239
-2.12787719297927
-2.6390457679326635
-3.075327786705619
-3.3983701190788485
-3.5488692409276625
-3.5008550762828925
-3.2418152644704112
-2.8306677087957293
-2.3227178276354357
-1.7341147989090573
-1.1920700595021285
-0.6949589472533203
-0.24154165855043067
0.06571930991882113
0.30966379919636633
0.49636818405204713
0.6243189627542712
0.7107394388377763
0.7641124916344558
0.7884806692420703
0.8151226269577649
0.803918884259388
0.7976446651346657
0.7928638176620333
0.7530789289345412
