-0.7667397255973678
-0.7597376535233978
-0.741827619752989
-0.7101822486996803
-0.6624216022748487
-0.5925031076361715
-0.49648118231176996
-0.3668016041277427
-0.19744245883995334
0.019464824897823724
0.2919364796189696
0.6283676780035592
1.0318389799074283
1.503653864811847
2.034363319618907
2.6036129041824103
3.179589288857377
3.715338612617346
4.1691660825563925
4.487895710058048
4.642411535888857
4.620453648742858
4.402645045085036
4.017958838440118
3.505231743031045
2.9270121312370585
2.331955642545347
1.764704129367535
1.2533556386355575
0.8132288982474275
0.44636943956833597
0.14769955011760216
-0.0924461284097658
-0.27796494937404304
-0.42202658787916386
-0.5312539017516958
-0.6098366833600714
-0.6651760409607365
-0.7037088919255222
-0.7266283134906482
-0.7381657699091467
-0.9089520029183422
-0.9157115234125656
-0.9113891667229721
-0.8956028250617801
-0.8629690164153733
-0.806787180577914
-0.7245355276678254
-0.6053043870286665
-0.44205881351045645
-0.2219165660230603
0.0662534058899451
0.43712709340447503
0.9019915071423915
1.4675684512369018
2.1262321145531224
2.858748293684405
3.622189070217194
4.34396730154507
4.968833681192839
5.416963081007548
5.64701599235786
5.622228056521405
5.332506038901634
4.807025701686994
4.099734080591447
3.3026763904422394
2.514495655510841
1.7911357130980277
1.165145682007769
0.6509888552967323
0.24005575773184518
-0.08273017030048686
-0.32881413418206246
-0.5131682373443144
-0.6483324209662038
-0.7438464002248304
-0.8093611657319854
-0.8511359930476546
-0.8742211159924288
-0.8830274516700503
-0.8805037508448378
-1.0683192124107368
-1.091565434971086
-1.1055141211752695
-1.10817522390946
-1.09630478377887
-1.063006268660834
-1.0020034498109929
-0.903590353136522
-0.7574026613838033
-0.5469632850217494
-0.25535990617811904
0.1401315875140736
0.6602682225451602
1.3270766656191615
2.1477973269689397
3.099091624664928
4.117711652332404
5.1119689241349295
5.9711748553613635
6.602055685239074
6.949071223522449
6.945348452409319
6.568911832651186
5.8295579950674465
4.815420830605909
3.709138293101774
2.6440532682359534
1.721174135870997
0.9688671571387072
0.378134726365357
-0.06720370552914937
-0.3986725011593398
-0.6386223606795111
-0.8088225582831479
-0.9242452142178477
-0.9991702981546723
-1.0433750027405717
-1.064601705924214
-1.0684595695793428
-1.0584767046024328
-1.0385747156533054
-1.2410505507924756
-1.285032513764321
-1.3215883320791646
-1.3502826518076922
-1.3648132615274962
-1.362651257765226
-1.3326453064782835
-1.2683455514345965
-1.1537968853922844
-0.9731150406750225
-0.7019626757565871
-0.30480020917944944
0.25424667356396324
1.020668482838962
2.0231988153954474
3.2652895975687
4.655282926912586
6.041739940402173
7.2274090009800895
8.087925433318786
8.58729786752183
8.678727876251859
8.224832911977884
7.177460507803113
5.687947896053416
4.0967233311629565
2.64939246927513
1.4811913466973712
0.5984630299617927
-0.04940694004697157
-0.5071076791425603
-0.8226755068096142
-1.0362941158160033
-1.1752041129427508
-1.2573231782951204
-1.2999719077899503
-1.3141526665437993
-1.3075688268289742
-1.2858386725195075
-1.2527707031874293
-1.212573968062459
-1.4293169399827343
-1.4969744009993986
-1.5603346580986515
-1.6202290520947682
-1.6696119356255825
-1.7057728274304063
-1.721327079149154
-1.70646636056647
-1.6479099103965815
-1.5207224365159087
-1.301430123135927
-0.9452885382296907
-0.38621782662209203
0.44752448970557235
1.6431956630266822
3.259878561949749
5.2053116858112425
7.168369334982867
8.78030228943326
9.844465681108222
10.5172175807166
10.844492484846354
10.423192841239715
8.922667349998955
6.6651619538327775
4.32734729523067
2.383650033237088
0.955015889942205
-0.03070807073109805
-0.6853616768403263
-1.1080018844688357
-1.3744220114750452
-1.5328468067638732
-1.6168977810526002
-1.6482648964869087
-1.646298327227351
-1.6207561811422786
-1.5798476624147597
-1.5264244714590887
-1.4663701686077404
-1.4024692847224582
-1.6291469490126722
-1.7244126064581835
-1.8215114721691072
-1.916555618319543
-2.0083070689106934
-2.093490919451214
-2.1648408067016263
-2.2188436549123196
-2.235664816886734
-2.199872954968441
-2.0761821907464975
-1.8184569357548204
-1.3494419078609372
-0.5354853228643944
0.7948249593910863
2.837359652888062
5.5891259546547944
8.507626308507916
10.589461097902023
11.53161674261321
12.170021548374226
12.990425479856338
12.987374352180248
10.905407357664778
7.442439915499814
4.107642915563028
1.6074566411841178
-0.016273547912233163
-1.0001478587408916
-1.5719460615317193
-1.8957381869870984
-2.0615843163483683
-2.128717250418759
-2.134253245417611
-2.0998358282906455
-2.041691062563614
-1.9655836616545383
-1.8806605355474746
-1.7897917564080696
-1.6967947005689243
-1.6055337374751326
-1.839440536353002
-1.965995934951145
-2.1007236156420275
-2.2370586680774447
-2.379717948358502
-2.521828406455606
-2.6655643569526224
-2.7997547414554673
-2.921899404664319
-3.0102706590718444
-3.0395414059248083
-2.970559928606911
-2.7166646422614282
-2.120747798363892
-0.905228208144517
1.333025069951051
4.975749162162416
9.275707865109942
11.776432515791988
11.545582692930152
11.099402621254109
12.084192537695467
12.57660799056674
10.201063827441386
6.252907766979341
2.545207183755001
-0.1316113858467381
-1.646726690091019
-2.4030529148726307
-2.7489237121295518
-2.8775077813775707
-2.889824413642176
-2.8291359226037955
-2.731238218113552
-2.61009442029089
-2.477700264159801
-2.342321179619939
-2.2058940628229333
-2.071716576582135
-1.9431495344720147
-1.820505869509435
-2.060375557393132
-2.2186182272575796
-2.390548478886321
-2.575101388859656
-2.7751451258681135
-2.987359048520314
-3.2090715903878455
-3.4452146559974306
-3.6884095450818637
-3.93715598367133
-4.1973325388301115
-4.416674936464475
-4.554607694410521
-4.493843315648223
-4.015874652464278
-2.76366418678213
-0.29534171083848915
3.4243566093282385
5.821767446450231
4.488018671523309
1.6197106819648561
-2.5381274382562844
-9.360814219779591
-8.493277024167217
-2.3137524072431774
-1.766292766810967
-3.237640212361535
-4.060794730362415
-4.274117778512942
-4.227269018846324
-4.058780927530309
-3.8510914922077926
-3.626565862963193
-3.3958138609834614
-3.1733776632154265
-2.9573563125275713
-2.7502748707518347
-2.554775206426222
-2.3724192675976083
-2.203390428542979
-2.0469673164509525
-2.2878315888538405
-2.4837004621733407
-2.6965476392606322
-2.929526826998296
-3.187231803515874
-3.472307459419357
-3.790333141711854
-4.140506818909234
-4.526812224418466
-4.9585930572660635
-5.452123417370953
-6.012836558624151
-6.651546160722637
-7.366826596278926
-8.105625706274996
-9.240291242658284
-13.23010996637063
-22.63315153611141
-22.88889418822075
-13.71385142690831
-13.181004674343818
-23.221560685107576
-50.38433933222886
-36.097732276288006
-9.380977776345375
-6.107657889619527
-6.821065169088501
-6.7981553043581435
-6.3463421490165866
-5.824769901312376
-5.3258027440342595
-4.878371568702564
-4.466510522010693
-4.097884982930518
-3.758900087823528
-3.4488317067975327
-3.1693736855732877
-2.9116906183301414
-2.6806669567097834
-2.4705379385678983
-2.277718320350838
-2.5143362474326403
-2.745224189169263
-3.0023858479944487
-3.2899611260876336
-3.609619966617353
-3.970929686636466
-4.379274581548626
-4.846390866902747
-5.379711031793694
-6.001883621860338
-6.743750299975282
-7.654168605637812
-8.807454302320865
-10.288016810618696
-12.160468577574791
-14.83641161944982
-22.69646969003177
-48.52601829282905
-49.91844439804675
-23.87629961937437
-19.760175510820666
-20.371430228897353
-35.88002464817473
-34.41834255906832
-15.911457302262663
-11.89112917702414
-10.815476959304798
-9.69673310616206
-8.498551346695068
-7.492820488359342
-6.652837502677728
-5.9489246086941465
-5.343062081516978
-4.820628425747078
-4.364709133930439
-3.9577277092242205
-3.5987999551050542
-3.279418334718389
-2.9947946422883653
-2.737430603625228
-2.505992829772056
-2.7391612208386245
-3.0063335630655197
-3.306621272762809
-3.645380935359497
-4.030971431916977
-4.467686743508782
-4.97192805239701
-5.552721393314861
-6.231092294033372
-7.0308687613296605
-8.006424676790049
-9.219876525662464
-10.764762478944819
-12.751750556470144
-15.199495269051717
-18.034548686849647
-23.419186020292926
-40.55609582884482
-46.934710950931084
-31.83161312282013
-29.416389666935718
-32.71629810422555
-51.508887017358965
-54.60889195158694
-32.01045961643315
-19.800257962046434
-15.02378279686709
-12.398882367069639
-10.542944220257581
-9.103383701194659
-7.954994180571421
-7.016269010634729
-6.2228601046234076
-5.55145711253753
-4.971674227390533
-4.470675838275699
-4.0322867871105865
-3.6455351065508905
-3.3039162770423443
-3.0016213293573397
-2.7320125851872064
-2.960018869710683
-3.26409556682049
-3.606981472027525
-3.997589988609832
-4.443974737646074
-4.955265299939215
-5.548516043932087
-6.234911912582538
-7.050395389700626
-8.011493019558197
-9.17488921864292
-10.610781940980367
-12.400380032009743
-14.645131163343287
-17.40017907804892
-20.983718276331924
-28.30172841524083
-44.99705007643929
-56.028841612098425
-48.65978013289808
-43.75247787308579
-43.986273174766815
-47.78469485336814
-44.66235279788737
-32.858150204198076
-23.286859913940045
-17.87464117653348
-14.620596307290526
-12.32563780943302
-10.575200622426417
-9.167034132588842
-8.021735737830388
-7.063593625347345
-6.25563764543914
-5.563384148831354
-4.967734155966636
-4.452072048347392
-4.000851966782999
-3.607365508050292
-3.260409603942037
-2.955768460534314
-3.1691097865016733
-3.5076802086525802
-3.8925403996974084
-4.334793385884092
-4.840528713732125
-5.421430394911855
-6.098224430179813
-6.88617178689526
-7.8086596621746915
-8.905990838376574
-10.208650729830927
-11.790121685007833
-13.737863270728695
-16.095786667821812
-18.9895766366778
-22.891644586163043
-29.25876654132585
-38.992582389546556
-46.91552594727371
-48.40189159792383
-47.08191266262867
-45.034915496496374
-42.1103251393635
-37.11510690381791
-30.274381105649603
-24.086704908159994
-19.53096294408811
-16.25869468874109
-13.793402350011792
-11.834757316399411
-10.24924439999436
-8.94086809907572
-7.843553670576397
-6.910794060448383
-6.118402523728003
-5.43616352084468
-4.850322135590371
-4.3436093764738475
-3.899264935086666
-3.5103013544861854
-3.1691337521142473
-3.3647514301120403
-3.735260805714287
-4.159265369542513
-4.645564519198947
-5.204018961875489
-5.8487655756742045
-6.594420835620105
-7.469049795592749
-8.489487016810715
-9.692833454817926
-11.116711110122687
-12.807585964352272
-14.818660631144422
-17.244953383814824
-20.146861895029694
-23.824816396716045
-28.72776473485212
-34.71116237674665
-40.25280214252208
-43.563565893501746
-44.24064428610709
-42.59787453101934
-39.08838457305582
-34.37353968976481
-29.26192027404848
-24.52892517127667
-20.634252518533014
-17.50879780771554
-14.990698471686224
-12.918476140479019
-11.198269734709118
-9.76030072755233
-8.541487666010001
-7.512117960823424
-6.629764984477837
-5.870861969596098
-5.220818696824978
-4.655088989652714
-4.1642674641764925
-3.737326539845767
-3.3643987715970876
-3.543871559980954
-3.942475439710747
-4.40062003786454
-4.928182681102328
-5.534370564592045
-6.23531728285915
-7.046827494658455
-7.98909077103766
-9.092971298244057
-10.375106465422393
-11.884141272329861
-13.648349431291843
-15.722808330760648
-18.136966496983465
-20.96474402235603
-24.314380310403656
-28.26836184905874
-32.596773542577075
-36.665746978676275
-39.515011491047424
-40.41941638438956
-39.341430264435644
-36.61452094287202
-32.85690739042949
-28.741077628291556
-24.821326752111926
-21.387891634781795
-18.428478475055986
-15.91858721179802
-13.787126253308605
-11.990076503125737
-10.458534575560554
-9.150345597719811
-8.032352968971528
-7.075766000261897
-6.25671204285405
-5.548103818944333
-4.9370083631054325
-4.406154426904225
-3.9453085220475854
-3.542548128788345
-3.7005773372874935
-4.128273659944759
-4.617397780903919
-5.176963745918298
-5.822029283202629
-6.567869522660835
-7.430128037162043
-8.430725856105752
-9.587177893532399
-10.943161122810377
-12.514307498754436
-14.319167682489752
-16.405904187136557
-18.796060998227272
-21.516327382710333
-24.561879787430193
-27.880264578510975
-31.31082546917693
-34.38258933864556
-36.5372638770921
-37.38018066790524
-36.676167023081106
-34.619874791161564
-31.664755050010367
-28.3205235216267
-24.977358462937705
-21.855238852923016
-19.058598345876767
-16.600113055043323
-14.46804282438421
-12.626280013187435
-11.029882367903635
-9.657954351250137
-8.479862971790453
-7.466070341226316
-6.592260715675222
-5.837487344477029
-5.18706841277401
-4.620747690420608
-4.1282917856980745
-3.699603257894838
-3.8270737859116313
-4.277031496714133
-4.791018780801614
-5.38105254672702
-6.061196541113085
-6.844715425742531
-7.74903613622208
-8.795735492758043
-10.003775870078702
-11.396288917472218
-12.99545357700472
-14.831429306606584
-16.914659668985287
-19.252721259371533
-21.84317708529569
-24.64539699145684
-27.551661521139117
-30.375663909864667
-32.81508171339814
-34.50834968812932
-35.190291311602834
-34.669938198147875
-33.07587943195716
-30.700752392720663
-27.884763260789832
-24.954681861925156
-22.116947141480324
-19.47913844640748
-17.091367837994035
-14.97772088677009
-13.11417419475524
-11.484600677376184
-10.075298937312207
-8.84871177402854
-7.788791773147299
-6.871784883806812
-6.08003697472529
-5.396112540042399
-4.801758551739727
-4.283816847833988
-3.8322150699867654
-3.9318627475251375
-4.397181049623726
-4.930943077930142
-5.543163927141515
-6.245929372727754
-7.0583487327587235
-7.999629644934153
-9.077251705451227
-10.323572067479914
-11.74633162126833
-13.375019863356934
-15.22003433243123
-17.27982372691011
-19.56206337256979
-22.03629493180996
-24.626100551814467
-27.24124602050311
-29.67094037542208
-31.729780830533542
-33.12318642011125
-33.6333820199472
-33.19520723825832
-31.90060282684838
-29.922817814404883
-27.477743745178753
-24.858338702655615
-22.22802423119307
-19.724369376257293
-17.408969519748684
-15.315981695362304
-13.457774311795939
-11.811699008343197
-10.374402956292844
-9.124563782269394
-8.036762829822424
-7.091592215689701
-6.272702033338139
-5.560842293924304
-4.942822428009843
-4.407536234163604
-3.9389464625593966
-4.008706239999221
-4.486460076267514
-5.03493985962553
-5.6651538909491785
-6.389130240765283
-7.223929173895747
-8.182671969457804
-9.281522076180867
-10.545667001143256
-11.989371341754811
-13.626890458763297
-15.477419102300622
-17.51710443662212
-19.75883006964251
-22.1416904598208
-24.594466069912297
-26.996164722593793
-29.206772362857446
-30.98308918812227
-32.19034821810877
-32.643439471041894
-32.2615432135334
-31.086410380725187
-29.318399918670394
-27.13928770441955
-24.726590207939292
-22.25863935308482
-19.86766293249991
-17.613922318634753
-15.549657382193441
-13.68907040589486
-12.039245199224798
-10.588156396524727
-9.312711351222958
-8.201745260674834
-7.240077553703527
-6.403589711102641
-5.6751648241336845
-5.042718582820682
-4.492196158256596
-4.012566763277779
-4.056407450937068
-4.542703672811751
-5.099905225660362
-5.741006180726557
-6.478010772214874
-7.3229349484135176
-8.29779375172692
-9.418627943268454
-10.699493816810488
-12.156456639402144
-13.80359101782446
-15.645964273380557
-17.675647887898435
-19.879608366636923
-22.20492641416488
-24.566616795149862
-26.85872574393773
-28.917254422180655
-30.58020671681085
-31.648403828967517
-32.054539881776954
-31.68933433374881
-30.60762610609582
-28.961363472622313
-26.92067318224126
-24.632667759282025
-22.266435799495518
-19.933057099536917
-17.72560394818402
-15.682150250725893
-13.826762685344825
-12.173485668863401
-10.713340122578929
-9.431323162383897
-8.30841663478364
-7.331591862334545
-6.480822606380729
-5.742083234718837
-5.102354073299646
-4.544622593571105
-4.057879274627249
-4.072824513000923
-4.561785077871926
-5.123735140462002
-5.7706716275435825
-6.513590937148323
-7.3684883545050734
-8.350358362805732
-9.47319486209429
-10.754991004053831
-12.2187396108602
-13.870435607493256
-15.71707700797304
-17.751665317143004
-19.948208291518952
-22.253719425582286
-24.5802176682838
-26.83872800397353
-28.815276227023126
-30.51389660537059
-31.522656820311113
-31.85357859598084
-31.532656463495673
-30.485903451336988
-28.814285584446573
-26.837723484865126
-24.58822204110051
-22.257724841009594
-19.94821340310563
-17.751670946874224
-15.717082323800996
-13.870439120085127
-12.218742576423942
-10.754993490542525
-9.472196920810157
-8.349360016865557
-7.37048947515568
-6.513592001234598
-5.771672377387266
-5.1247357389062875
-4.562785557699467
-4.072824940150008
-4.056407450937068
-4.542703672811751
-5.099905225660362
-5.741006180726557
-6.478010772214874
-7.3229349484135176
-8.29779375172692
-9.418627943268454
-10.699493816810488
-12.156456639402144
-13.80359101782446
-15.645964273380557
-17.675647887898435
-19.879608366636923
-22.20492641416488
-24.566616795149862
-26.85872574393773
-28.917254422180655
-30.58020671681085
-31.648403828967517
-32.054539881776954
-31.68933433374881
-30.60762610609582
-28.961363472622313
-26.92067318224126
-24.632667759282025
-22.266435799495518
-19.933057099536917
-17.72560394818402
-15.682150250725893
-13.826762685344825
-12.173485668863401
-10.713340122578929
-9.431323162383897
-8.30841663478364
-7.331591862334545
-6.480822606380729
-5.742083234718837
-5.102354073299646
-4.544622593571105
-4.057879274627249
-4.008706239999221
-4.486460076267514
-5.03493985962553
-5.6651538909491785
-6.389130240765283
-7.223929173895747
-8.182671969457804
-9.281522076180867
-10.545667001143256
-11.989371341754811
-13.626890458763297
-15.477419102300622
-17.51710443662212
-19.75883006964251
-22.1416904598208
-24.594466069912297
-26.996164722593793
-29.206772362857446
-30.98308918812227
-32.19034821810877
-32.643439471041894
-32.2615432135334
-31.086410380725187
-29.318399918670394
-27.13928770441955
-24.726590207939292
-22.25863935308482
-19.86766293249991
-17.613922318634753
-15.549657382193441
-13.68907040589486
-12.039245199224798
-10.588156396524727
-9.312711351222958
-8.201745260674834
-7.240077553703527
-6.403589711102641
-5.6751648241336845
-5.042718582820682
-4.492196158256596
-4.012566763277779
-3.9318627475251375
-4.397181049623726
-4.930943077930142
-5.543163927141515
-6.245929372727754
-7.0583487327587235
-7.999629644934153
-9.077251705451227
-10.323572067479914
-11.74633162126833
-13.375019863356934
-15.22003433243123
-17.27982372691011
-19.56206337256979
-22.03629493180996
-24.626100551814467
-27.24124602050311
-29.67094037542208
-31.729780830533542
-33.12318642011125
-33.6333820199472
-33.19520723825832
-31.90060282684838
-29.922817814404883
-27.477743745178753
-24.858338702655615
-22.22802423119307
-19.724369376257293
-17.408969519748684
-15.315981695362304
-13.457774311795939
-11.811699008343197
-10.374402956292844
-9.124563782269394
-8.036762829822424
-7.091592215689701
-6.272702033338139
-5.560842293924304
-4.942822428009843
-4.407536234163604
-3.9389464625593966
-3.8270737859116313
-4.277031496714133
-4.791018780801614
-5.38105254672702
-6.061196541113085
-6.844715425742531
-7.74903613622208
-8.795735492758043
-10.003775870078702
-11.396288917472218
-12.99545357700472
-14.831429306606584
-16.914659668985287
-19.252721259371533
-21.84317708529569
-24.64539699145684
-27.551661521139117
-30.375663909864667
-32.81508171339814
-34.50834968812932
-35.190291311602834
-34.669938198147875
-33.07587943195716
-30.700752392720663
-27.884763260789832
-24.954681861925156
-22.116947141480324
-19.47913844640748
-17.091367837994035
-14.97772088677009
-13.11417419475524
-11.484600677376184
-10.075298937312207
-8.84871177402854
-7.788791773147299
-6.871784883806812
-6.08003697472529
-5.396112540042399
-4.801758551739727
-4.283816847833988
-3.8322150699867654
-3.7005773372874935
-4.128273659944759
-4.617397780903919
-5.176963745918298
-5.822029283202629
-6.567869522660835
-7.430128037162043
-8.430725856105752
-9.587177893532399
-10.943161122810377
-12.514307498754436
-14.319167682489752
-16.405904187136557
-18.796060998227272
-21.516327382710333
-24.561879787430193
-27.880264578510975
-31.31082546917693
-34.38258933864556
-36.5372638770921
-37.38018066790524
-36.676167023081106
-34.619874791161564
-31.664755050010367
-28.3205235216267
-24.977358462937705
-21.855238852923016
-19.058598345876767
-16.600113055043323
-14.46804282438421
-12.626280013187435
-11.029882367903635
-9.657954351250137
-8.479862971790453
-7.466070341226316
-6.592260715675222
-5.837487344477029
-5.18706841277401
-4.620747690420608
-4.1282917856980745
-3.699603257894838
-3.543871559980954
-3.942475439710747
-4.40062003786454
-4.928182681102328
-5.534370564592045
-6.23531728285915
-7.046827494658455
-7.98909077103766
-9.092971298244057
-10.375106465422393
-11.884141272329861
-13.648349431291843
-15.722808330760648
-18.136966496983465
-20.96474402235603
-24.314380310403656
-28.26836184905874
-32.596773542577075
-36.665746978676275
-39.515011491047424
-40.41941638438956
-39.341430264435644
-36.61452094287202
-32.85690739042949
-28.741077628291556
-24.821326752111926
-21.387891634781795
-18.428478475055986
-15.91858721179802
-13.787126253308605
-11.990076503125737
-10.458534575560554
-9.150345597719811
-8.032352968971528
-7.075766000261897
-6.25671204285405
-5.548103818944333
-4.9370083631054325
-4.406154426904225
-3.9453085220475854
-3.542548128788345
-3.3647514301120403
-3.735260805714287
-4.159265369542513
-4.645564519198947
-5.204018961875489
-5.8487655756742045
-6.594420835620105
-7.469049795592749
-8.489487016810715
-9.692833454817926
-11.116711110122687
-12.807585964352272
-14.818660631144422
-17.244953383814824
-20.146861895029694
-23.824816396716045
-28.72776473485212
-34.71116237674665
-40.25280214252208
-43.563565893501746
-44.24064428610709
-42.59787453101934
-39.08838457305582
-34.37353968976481
-29.26192027404848
-24.52892517127667
-20.634252518533014
-17.50879780771554
-14.990698471686224
-12.918476140479019
-11.198269734709118
-9.76030072755233
-8.541487666010001
-7.512117960823424
-6.629764984477837
-5.870861969596098
-5.220818696824978
-4.655088989652714
-4.1642674641764925
-3.737326539845767
-3.3643987715970876
-3.1691097865016733
-3.5076802086525802
-3.8925403996974084
-4.334793385884092
-4.840528713732125
-5.421430394911855
-6.098224430179813
-6.88617178689526
-7.8086596621746915
-8.905990838376574
-10.208650729830927
-11.790121685007833
-13.737863270728695
-16.095786667821812
-18.9895766366778
-22.891644586163043
-29.25876654132585
-38.992582389546556
-46.91552594727371
-48.40189159792383
-47.08191266262867
-45.034915496496374
-42.1103251393635
-37.11510690381791
-30.274381105649603
-24.086704908159994
-19.53096294408811
-16.25869468874109
-13.793402350011792
-11.834757316399411
-10.24924439999436
-8.94086809907572
-7.843553670576397
-6.910794060448383
-6.118402523728003
-5.43616352084468
-4.850322135590371
-4.3436093764738475
-3.899264935086666
-3.5103013544861854
-3.1691337521142473
-2.960018869710683
-3.26409556682049
-3.606981472027525
-3.997589988609832
-4.443974737646074
-4.955265299939215
-5.548516043932087
-6.234911912582538
-7.050395389700626
-8.011493019558197
-9.17488921864292
-10.610781940980367
-12.400380032009743
-14.645131163343287
-17.40017907804892
-20.983718276331924
-28.30172841524083
-44.99705007643929
-56.028841612098425
-48.65978013289808
-43.75247787308579
-43.986273174766815
-47.78469485336814
-44.66235279788737
-32.858150204198076
-23.286859913940045
-17.87464117653348
-14.620596307290526
-12.32563780943302
-10.575200622426417
-9.167034132588842
-8.021735737830388
-7.063593625347345
-6.25563764543914
-5.563384148831354
-4.967734155966636
-4.452072048347392
-4.000851966782999
-3.607365508050292
-3.260409603942037
-2.955768460534314
-2.7391612208386245
-3.0063335630655197
-3.306621272762809
-3.645380935359497
-4.030971431916977
-4.467686743508782
-4.97192805239701
-5.552721393314861
-6.231092294033372
-7.0308687613296605
-8.006424676790049
-9.219876525662464
-10.764762478944819
-12.751750556470144
-15.199495269051717
-18.034548686849647
-23.419186020292926
-40.55609582884482
-46.934710950931084
-31.83161312282013
-29.416389666935718
-32.71629810422555
-51.508887017358965
-54.60889195158694
-32.01045961643315
-19.800257962046434
-15.02378279686709
-12.398882367069639
-10.542944220257581
-9.103383701194659
-7.954994180571421
-7.016269010634729
-6.2228601046234076
-5.55145711253753
-4.971674227390533
-4.470675838275699
-4.0322867871105865
-3.6455351065508905
-3.3039162770423443
-3.0016213293573397
-2.7320125851872064
-2.5143362474326403
-2.745224189169263
-3.0023858479944487
-3.2899611260876336
-3.609619966617353
-3.970929686636466
-4.379274581548626
-4.846390866902747
-5.379711031793694
-6.001883621860338
-6.743750299975282
-7.654168605637812
-8.807454302320865
-10.288016810618696
-12.160468577574791
-14.83641161944982
-22.69646969003177
-48.52601829282905
-49.91844439804675
-23.87629961937437
-19.760175510820666
-20.371430228897353
-35.88002464817473
-34.41834255906832
-15.911457302262663
-11.89112917702414
-10.815476959304798
-9.69673310616206
-8.498551346695068
-7.492820488359342
-6.652837502677728
-5.9489246086941465
-5.343062081516978
-4.820628425747078
-4.364709133930439
-3.9577277092242205
-3.5987999551050542
-3.279418334718389
-2.9947946422883653
-2.737430603625228
-2.505992829772056
-2.2878315888538405
-2.4837004621733407
-2.6965476392606322
-2.929526826998296
-3.187231803515874
-3.472307459419357
-3.790333141711854
-4.140506818909234
-4.526812224418466
-4.9585930572660635
-5.452123417370953
-6.012836558624151
-6.651546160722637
-7.366826596278926
-8.105625706274996
-9.240291242658284
-13.23010996637063
-22.63315153611141
-22.88889418822075
-13.71385142690831
-13.181004674343818
-23.221560685107576
-50.38433933222886
-36.097732276288006
-9.380977776345375
-6.107657889619527
-6.821065169088501
-6.7981553043581435
-6.3463421490165866
-5.824769901312376
-5.3258027440342595
-4.878371568702564
-4.466510522010693
-4.097884982930518
-3.758900087823528
-3.4488317067975327
-3.1693736855732877
-2.9116906183301414
-2.6806669567097834
-2.4705379385678983
-2.277718320350838
-2.060375557393132
-2.2186182272575796
-2.390548478886321
-2.575101388859656
-2.7751451258681135
-2.987359048520314
-3.2090715903878455
-3.4452146559974306
-3.6884095450818637
-3.93715598367133
-4.1973325388301115
-4.416674936464475
-4.554607694410521
-4.493843315648223
-4.015874652464278
-2.76366418678213
-0.29534171083848915
3.4243566093282385
5.821767446450231
4.488018671523309
1.6197106819648561
-2.5381274382562844
-9.360814219779591
-8.493277024167217
-2.3137524072431774
-1.766292766810967
-3.237640212361535
-4.060794730362415
-4.274117778512942
-4.227269018846324
-4.058780927530309
-3.8510914922077926
-3.626565862963193
-3.3958138609834614
-3.1733776632154265
-2.9573563125275713
-2.7502748707518347
-2.554775206426222
-2.3724192675976083
-2.203390428542979
-2.0469673164509525
-1.839440536353002
-1.965995934951145
-2.1007236156420275
-2.2370586680774447
-2.379717948358502
-2.521828406455606
-2.6655643569526224
-2.7997547414554673
-2.921899404664319
-3.0102706590718444
-3.0395414059248083
-2.970559928606911
-2.7166646422614282
-2.120747798363892
-0.905228208144517
1.333025069951051
4.975749162162416
9.275707865109942
11.776432515791988
11.545582692930152
11.099402621254109
12.084192537695467
12.57660799056674
10.201063827441386
6.252907766979341
2.545207183755001
-0.1316113858467381
-1.646726690091019
-2.4030529148726307
-2.7489237121295518
-2.8775077813775707
-2.889824413642176
-2.8291359226037955
-2.731238218113552
-2.61009442029089
-2.477700264159801
-2.342321179619939
-2.2058940628229333
-2.071716576582135
-1.9431495344720147
-1.820505869509435
-1.6291469490126722
-1.7244126064581835
-1.8215114721691072
-1.916555618319543
-2.0083070689106934
-2.093490919451214
-2.1648408067016263
-2.2188436549123196
-2.235664816886734
-2.199872954968441
-2.0761821907464975
-1.8184569357548204
-1.3494419078609372
-0.5354853228643944
0.7948249593910863
2.837359652888062
5.5891259546547944
8.507626308507916
10.589461097902023
11.53161674261321
12.170021548374226
12.990425479856338
12.987374352180248
10.905407357664778
7.442439915499814
4.107642915563028
1.6074566411841178
-0.016273547912233163
-1.0001478587408916
-1.5719460615317193
-1.8957381869870984
-2.0615843163483683
-2.128717250418759
-2.134253245417611
-2.0998358282906455
-2.041691062563614
-1.9655836616545383
-1.8806605355474746
-1.7897917564080696
-1.6967947005689243
-1.6055337374751326
-1.4293169399827343
-1.4969744009993986
-1.5603346580986515
-1.6202290520947682
-1.6696119356255825
-1.7057728274304063
-1.721327079149154
-1.70646636056647
-1.6479099103965815
-1.5207224365159087
-1.301430123135927
-0.9452885382296907
-0.38621782662209203
0.44752448970557235
1.6431956630266822
3.259878561949749
5.2053116858112425
7.168369334982867
8.78030228943326
9.844465681108222
10.5172175807166
10.844492484846354
10.423192841239715
8.922667349998955
6.6651619538327775
4.32734729523067
2.383650033237088
0.955015889942205
-0.03070807073109805
-0.6853616768403263
-1.1080018844688357
-1.3744220114750452
-1.5328468067638732
-1.6168977810526002
-1.6482648964869087
-1.646298327227351
-1.6207561811422786
-1.5798476624147597
-1.5264244714590887
-1.4663701686077404
-1.4024692847224582
-1.2410505507924756
-1.285032513764321
-1.3215883320791646
-1.3502826518076922
-1.3648132615274962
-1.362651257765226
-1.3326453064782835
-1.2683455514345965
-1.1537968853922844
-0.9731150406750225
-0.7019626757565871
-0.30480020917944944
0.25424667356396324
1.020668482838962
2.0231988153954474
3.2652895975687
4.655282926912586
6.041739940402173
7.2274090009800895
8.087925433318786
8.58729786752183
8.678727876251859
8.224832911977884
7.177460507803113
5.687947896053416
4.0967233311629565
2.64939246927513
1.4811913466973712
0.5984630299617927
-0.04940694004697157
-0.5071076791425603
-0.8226755068096142
-1.0362941158160033
-1.1752041129427508
-1.2573231782951204
-1.2999719077899503
-1.3141526665437993
-1.3075688268289742
-1.2858386725195075
-1.2527707031874293
-1.212573968062459
-1.0683192124107368
-1.091565434971086
-1.1055141211752695
-1.10817522390946
-1.09630478377887
-1.063006268660834
-1.0020034498109929
-0.903590353136522
-0.7574026613838033
-0.5469632850217494
-0.25535990617811904
0.1401315875140736
0.6602682225451602
1.3270766656191615
2.1477973269689397
3.099091624664928
4.117711652332404
5.1119689241349295
5.9711748553613635
6.602055685239074
6.949071223522449
6.945348452409319
6.568911832651186
5.8295579950674465
4.815420830605909
3.709138293101774
2.6440532682359534
1.721174135870997
0.9688671571387072
0.378134726365357
-0.06720370552914937
-0.3986725011593398
-0.6386223606795111
-0.8088225582831479
-0.9242452142178477
-0.9991702981546723
-1.0433750027405717
-1.064601705924214
-1.0684595695793428
-1.0584767046024328
-1.0385747156533054
-0.9089520029183422
-0.9157115234125656
-0.9113891667229721
-0.8956028250617801
-0.8629690164153733
-0.806787180577914
-0.7245355276678254
-0.6053043870286665
-0.44205881351045645
-0.2219165660230603
0.0662534058899451
0.43712709340447503
0.9019915071423915
1.4675684512369018
2.1262321145531224
2.858748293684405
3.622189070217194
4.34396730154507
4.968833681192839
5.416963081007548
5.64701599235786
5.622228056521405
5.332506038901634
4.807025701686994
4.099734080591447
3.3026763904422394
2.514495655510841
1.7911357130980277
1.165145682007769
0.6509888552967323
0.24005575773184518
-0.08273017030048686
-0.32881413418206246
-0.5131682373443144
-0.6483324209662038
-0.7438464002248304
-0.8093611657319854
-0.8511359930476546
-0.8742211159924288
-0.8830274516700503
-0.8805037508448378
-0.7667397255973678
-0.7597376535233978
-0.741827619752989
-0.7101822486996803
-0.6624216022748487
-0.5925031076361715
-0.49648118231176996
-0.3668016041277427
-0.19744245883995334
0.019464824897823724
0.2919364796189696
0.6283676780035592
1.0318389799074283
1.503653864811847
2.034363319618907
2.6036129041824103
3.179589288857377
3.715338612617346
4.1691660825563925
4.487895710058048
4.642411535888857
4.620453648742858
4.402645045085036
4.017958838440118
3.505231743031045
2.9270121312370585
2.331955642545347
1.764704129367535
1.2533556386355575
0.8132288982474275
0.44636943956833597
0.14769955011760216
-0.0924461284097658
-0.27796494937404304
-0.42202658787916386
-0.5312539017516958
-0.6098366833600714
-0.6651760409607365
-0.7037088919255222
-0.7266283134906482
-0.7381657699091467
