-0.7007338392268935
-0.6874885318564113
-0.6650496558276457
-0.6275376270983208
-0.576750751060899
-0.5071123545140848
-0.4043720612265296
-0.27070365994461076
-0.09692852361735044
0.12586259071535186
0.40173312308845943
0.7431774453001252
1.1509303468183223
1.6248806862332457
2.156500499026352
2.7275252110135932
3.29241226302114
3.8218777471977297
4.264283179344228
4.563263256161436
4.692274986110127
4.640154885795638
4.392246494970797
3.9801849699254706
3.4465856207151417
2.8542339939283377
2.263061098282593
1.706298730932793
1.2125424031161325
0.7912049505436246
0.4396232747804204
0.15805132245514403
-0.06712379976559607
-0.24323916637318688
-0.37776897835584167
-0.4833852106806391
-0.555279157726063
-0.6067956520833663
-0.6488994439086491
-0.6679831449411726
-0.6800737452477605
-0.8353564457959964
-0.8352093735988256
-0.8325790112454309
-0.8058372119661724
-0.7707248029982481
-0.7109657572179108
-0.6232086355529074
-0.49720907232855815
-0.32940506401300457
-0.10178297995580662
0.19481739492162625
0.5677043302258028
1.039285419523681
1.6105745711046482
2.275973486908047
3.0171973546198765
3.779654699951298
4.500656181495111
5.115658832166607
5.550825984311432
5.7535166663585455
5.689425167767074
5.351739709680026
4.773576615760037
4.020021687513278
3.205600558825641
2.4087369049111955
1.7006300869044793
1.0970528409942977
0.6122748093862425
0.2239875144595206
-0.07520968040439266
-0.3061349811708895
-0.4755545494994589
-0.5975177432989005
-0.6880755989765237
-0.7495186385021096
-0.7882436465484716
-0.813145390484937
-0.8206364030413362
-0.8177601940260003
-0.9881003419602709
-1.0071090419402022
-1.0160209352343381
-1.0143318314511112
-0.9954048887588075
-0.9611054890197437
-0.8918651142178041
-0.784717492894959
-0.6323782598537125
-0.41625055799079874
-0.11638318501906764
0.2894595359845177
0.8202680232032238
1.4966923553164655
2.329235074304746
3.2952082756065275
4.333114907824639
5.333002254061385
6.188187711844081
6.814465892490257
7.123855494057371
7.084081550680232
6.624946049013593
5.794440512273979
4.707241250253057
3.5505671921040913
2.4791404823560605
1.583422623324073
0.8643898822057628
0.3163729528066784
-0.09442675577026258
-0.39580392867943803
-0.6137368803116389
-0.7648041804847587
-0.8704117668902107
-0.9362800434687758
-0.9775277062628543
-0.9968651634478578
-1.0016223158198108
-0.989633352734763
-0.972269014407457
-1.155386304734568
-1.1929807897084796
-1.2271968795693555
-1.2472733368891606
-1.2569921051773603
-1.244696175276015
-1.2132839623576996
-1.1385090464541396
-1.0185922192061843
-0.8275154671113759
-0.5473505846532398
-0.13982196275835476
0.4325142870618115
1.2145444885785832
2.2427049232900207
3.513229488151323
4.944496000077765
6.350228623012365
7.546392502936157
8.409656058327604
8.894840808199502
8.93895382303627
8.375054916814612
7.146145941532632
5.505890724624744
3.8258154034161778
2.3814778550720996
1.2588752390007716
0.43927102219253267
-0.14258330461775395
-0.5464959349552145
-0.8250720222949566
-1.0085286843141585
-1.1292461146225665
-1.1978678162896497
-1.2329313574331078
-1.2377256364950187
-1.2301190619649554
-1.2083115874884072
-1.1768551373576999
-1.1398623104079035
-1.339657384199723
-1.3986448608813506
-1.4576923419715528
-1.5108219316591802
-1.5525212548630116
-1.580758602791818
-1.5899046408009685
-1.5637675971764105
-1.4953433674083487
-1.3630224812818104
-1.1326307670505484
-0.7623318295652032
-0.19347700122310085
0.661293396406717
1.8950174905588713
3.5636650541177315
5.577471815480807
7.595426787971831
9.198361352224213
10.264161755123412
10.974350883273924
11.311141250349124
10.76187298353867
8.933899944488669
6.320364974542518
3.822662504255962
1.9082135178664457
0.5949148859580601
-0.2633127923388115
-0.8154532668215236
-1.1627616403114298
-1.379193881913202
-1.5024319957983363
-1.5615683334323385
-1.5818281105651433
-1.5672173931731104
-1.5390633652859131
-1.4909889066290254
-1.4433880659403322
-1.388472567201642
-1.324602109271075
-1.5302669545049374
-1.6201454365100691
-1.7056051411138076
-1.7946913214196811
-1.882505560233789
-1.954482951219124
-2.0186845670005003
-2.062055796810948
-2.0668817259662284
-2.0230640822937263
-1.8893797447385532
-1.624339685584803
-1.1415468258603538
-0.31180763228721003
1.0631146262536204
3.1958974311338397
6.091638685274362
9.082719062504164
11.05053183101657
11.848299580191137
12.577699751974134
13.69484431729419
13.676064086439316
10.920930157110705
6.639978755719315
3.027712573474612
0.7352889086506242
-0.589824826685733
-1.332127122587559
-1.747324031450234
-1.964212594990609
-2.062852101735109
-2.0896556073401094
-2.070393153795941
-2.0226766299710297
-1.9510734675529675
-1.871043092728139
-1.7848780356524094
-1.697884814412826
-1.6068033962939987
-1.5176020800711825
-1.7340775426352544
-1.8551312176268917
-1.9764293713126708
-2.1018201163121204
-2.23883413788779
-2.3715168260311956
-2.5007927816755697
-2.629695645493583
-2.734786890567259
-2.8118665463600028
-2.8359044369526702
-2.7590255684923624
-2.504702874207275
-1.9084047726769335
-0.6730691134012113
1.7254925787595772
5.7399297943297825
10.300842001059404
12.245319470411204
11.134846873762832
10.75093375292794
13.052885511736163
14.678760463343764
10.82113774135183
4.401124820894297
0.28155695297374655
-1.6390517723738303
-2.4809250603404513
-2.8339984166619527
-2.9499354546251015
-2.9481209489067073
-2.8809689220404655
-2.770667814332226
-2.6466115774057566
-2.5106082913151573
-2.37198757094057
-2.2319422411335568
-2.095589063979129
-1.9678840229629202
-1.8443985340658877
-1.7279462940802688
-1.9444850387800534
-2.097582815976624
-2.258089773336211
-2.432046046661026
-2.6168248235442193
-2.815163948281521
-3.0254916744566667
-3.2499178207468207
-3.479950119808773
-3.7202484762961316
-3.9757530049130043
-4.186546632336505
-4.334131417323437
-4.319422285268876
-3.895784574692886
-2.4014370648777486
1.5326901852950527
7.44712045426452
8.170488680482844
2.8424964258966017
-0.54966122485303
0.434778930423223
1.3222599119843768
-1.3108597420151236
-5.415537804668824
-5.817517676617971
-5.484260367643041
-5.1054458960373275
-4.751715407028163
-4.41433865064411
-4.105845358082829
-3.8198658010261166
-3.5462251614770124
-3.2937088770319396
-3.054435764231635
-2.8307307230039056
-2.629328648339237
-2.4358527964044554
-2.259565087607219
-2.0939527905950652
-1.946331829211157
-2.168708910521205
-2.3539767372143148
-2.5565894841994923
-2.7783807593364003
-3.0235938966129057
-3.2941434284112407
-3.595862901794433
-3.9281261554871603
-4.299712091969142
-4.721190533837978
-5.201710834582022
-5.762542963748556
-6.438254691683112
-7.2989592989099
-8.46427538386918
-10.054054570255875
-11.358708570517717
-10.066795693493145
-14.963179737985529
-17.669048473976456
-21.18995816776927
-28.677939185437694
-29.62782494530536
-27.763075691248698
-18.401695915571732
-12.767530774648579
-9.763241203320787
-7.98541743205639
-6.820473656385368
-5.983088131273228
-5.337460435297565
-4.806797988589883
-4.35626941613809
-3.9619874436738485
-3.6148961342255106
-3.3037794382006584
-3.0305718455675827
-2.7759876683095874
-2.552989444936414
-2.3522773930248575
-2.163512489224447
-2.392664151875132
-2.6041817197259873
-2.850760652237232
-3.1265981523431554
-3.4315709802453935
-3.773872201309148
-4.165866218360396
-4.608233352330817
-5.123801970530954
-5.730605307734655
-6.462291840535821
-7.378960311817204
-8.58587299909779
-10.324312004033745
-13.090476591846354
-17.8916981141444
-26.081790722377736
-33.2868786241194
-31.517491524142102
-33.25111053910191
-31.523192584633286
-35.647135016323794
-42.468392850695075
-21.131118555908287
-23.209667989938996
-17.660977816776043
-13.389079850667132
-10.605347268307973
-8.802091199107492
-7.527607143787686
-6.563182452695493
-5.800346845215085
-5.167760604519271
-4.634476242420969
-4.178353947155402
-3.7795921149444798
-3.4273787144110948
-3.118518845145997
-2.8486907577412572
-2.6014115484016815
-2.3789528474256376
-2.6018438766949954
-2.8492554585467444
-3.134447891054378
-3.4568209089586572
-3.8218577712676756
-4.237841347099102
-4.713859057255237
-5.2726950114739335
-5.922618477659987
-6.696661518561385
-7.644652660354584
-8.853714952648225
-10.453260301374193
-12.7105673836252
-16.111946475687166
-21.35129986329603
-28.38396918254326
-29.288560970049577
-29.87707405950143
-34.85663407211515
-34.77063122481865
-35.62894813612404
-35.910899978661114
-36.604783682216684
-27.540298722402497
-20.505596761975028
-15.866308802342779
-12.759354897655527
-10.585935880252697
-8.984528256800147
-7.75963858987291
-6.787733135999066
-5.985874507541096
-5.319984920063706
-4.752100171499114
-4.262042726101933
-3.8369655498732422
-3.4672416226989
-3.1425241722353805
-2.8540574533229446
-2.597601625212243
-2.8038650601135715
-3.091563768510461
-3.423348418948116
-3.789569055619711
-4.21244929283256
-4.699488853055597
-5.257682370144979
-5.915357982799182
-6.688692667553434
-7.6167732652791775
-8.750669470403597
-10.16740188848834
-11.993603463020843
-14.42883036324704
-17.76113413899953
-22.31588739417428
-28.266132059251873
-35.17519049723889
-41.14362103481037
-41.970938909772364
-40.7970443894437
-39.37307347504013
-36.723828698377744
-32.666304273330134
-26.91935934350649
-21.540983277049172
-17.43372681341863
-14.377253665373326
-12.06324632947593
-10.275843092966017
-8.856267833817522
-7.7095873713696665
-6.761150136899723
-5.971038696248489
-5.295347245298163
-4.724143549984934
-4.231743146972318
-3.8022588836949343
-3.4278330231722807
-3.098747449035917
-2.8093126932304577
-3.007752793265493
-3.3263306959996353
-3.687501060741282
-4.1058418284790275
-4.586494564623216
-5.132293101114125
-5.775407763214733
-6.519954907659011
-7.398889768311386
-8.447012910239797
-9.712876392940409
-11.262526203808648
-13.183352643373285
-15.60141001823655
-18.64241558692425
-22.42097452916068
-27.033059745468304
-32.48682067148288
-38.10490942806074
-41.73674513177166
-42.20736139104575
-40.06992843116234
-35.91193177861901
-30.89081777432216
-26.1533502992511
-21.985108341396526
-18.475622157583633
-15.598243798439881
-13.263708742079793
-11.37047122400631
-9.825508646897472
-8.544313651251503
-7.47761134488733
-6.576083013149213
-5.819053416599064
-5.166074567759847
-4.6074903547965835
-4.122978027613764
-3.7042172361254275
-3.33239096437853
-3.0113671807852116
-3.1916322096146463
-3.5423813860093367
-3.9468219294312163
-4.400091009907633
-4.928023848263019
-5.534439740040777
-6.239704717287424
-7.059999941052619
-8.02794560203844
-9.166294551654678
-10.526517713434028
-12.152497318800178
-14.103970406381386
-16.444230157447915
-19.234541920707233
-22.508382579204135
-26.279306866013062
-30.558782874609665
-35.05395596950666
-38.56083519034921
-39.7194038411559
-38.20788999196223
-34.69973568748288
-30.376618212409024
-26.193301472733037
-22.490525498418737
-19.28418111499566
-16.547647342702174
-14.228343448189676
-12.283225159412138
-10.648300482263048
-9.2701517404483
-8.110254058639686
-7.12688955917643
-6.286848156386995
-5.571177337421279
-4.953913152552593
-4.416585534974741
-3.9551310803846436
-3.549903495752887
-3.194746070169028
-3.359815404723402
-3.7392761304011763
-4.164471259562912
-4.664985564326855
-5.234054601612413
-5.890965665829503
-6.651051399166011
-7.539506696814984
-8.571179072564822
-9.783077532980176
-11.197959390263925
-12.86432508148326
-14.817193092882503
-17.08381724235319
-19.692047152118317
-22.63941618600871
-25.91641873930147
-29.432182223261393
-32.8838012579307
-35.542846667676315
-36.55796820590404
-35.60782469648569
-33.057916512885924
-29.67229166807221
-26.15499593800472
-22.85156890932955
-19.87629374479605
-17.26045962630904
-14.976289996349307
-13.008625445652608
-11.325842276943987
-9.880639139514884
-8.647945704226784
-7.600172014151161
-6.699541332103369
-5.92697235217583
-5.259593729345513
-4.683721044140081
-4.179093012485561
-3.7423953646947714
-3.3658623081907564
-3.507156904891818
-3.9084182821047104
-4.367977752807733
-4.8980442478605895
-5.501705259186287
-6.200769231143424
-7.009159032620845
-7.942552876669237
-9.026296735248913
-10.284158871950494
-11.74148362993096
-13.425601582834284
-15.355311242092597
-17.559356755611606
-20.01325497373954
-22.713443245674178
-25.591698253849437
-28.504503794024508
-31.180474000386603
-33.14385811527797
-33.9167237313792
-33.28987457230345
-31.44038140865581
-28.821734457196815
-25.90138767601138
-22.987809258265656
-20.256085200674786
-17.765673743048346
-15.539118065091069
-13.581212846552036
-11.86959543889097
-10.390750828183918
-9.10599460605757
-8.002540555068343
-7.051994127014581
-6.233152777705999
-5.526121223686501
-4.9133173872583615
-4.377620739868817
-3.9184533917011786
-3.514372094469233
-3.631505477768613
-4.053872286515519
-4.536088467940302
-5.089446427781166
-5.729746107337058
-6.458407136837647
-7.302643702910078
-8.272180437630515
-9.399501950662753
-10.69200210618906
-12.167875637900119
-13.863162505346832
-15.770652066954755
-17.89504359783283
-20.22328752206755
-22.706903122327457
-25.25521656257674
-27.72602813019627
-29.86686867436789
-31.372752086519533
-31.957866956813948
-31.49779134051484
-30.086234874413616
-27.995291050562585
-25.534571970973495
-22.96709333008721
-20.45143379816949
-18.094133201153614
-15.937232605317707
-13.999754773167455
-12.285367670111906
-10.781754440803681
-9.466346466147542
-8.329266430181246
-7.340632085992687
-6.4886290938871545
-5.750793028017034
-5.107825333841834
-4.545270015569347
-4.059992772425058
-3.636113872495368
-3.72882174010719
-4.16533527411267
-4.667257992028114
-5.241565626479977
-5.902400127124903
-6.659857361388831
-7.529105665748758
-8.529471478788604
-9.686378384380989
-11.0054594716244
-12.500374639610337
-14.184494510545065
-16.067327313677904
-18.13269326746941
-20.34831327961399
-22.660819949266543
-24.965061277109893
-27.11320940315126
-28.907850161800425
-30.135117336150145
-30.59897672881761
-30.223080848755117
-29.06936865130837
-27.31429003991612
-25.175849964545584
-22.866151041405843
-20.537760025117333
-18.29524281613382
-16.200177377461312
-14.300670982859305
-12.58804595398855
-11.073472005377877
-9.74164155141511
-8.57716985152907
-7.566562706263494
-6.686504106440325
-5.917681523411326
-5.25574286684859
-4.676637054111179
-4.173220796516842
-3.7354875687467817
-3.8026257187226054
-4.248465035303669
-4.761036622026886
-5.354278114970632
-6.029281194374586
-6.809084667586612
-7.698765394797397
-8.719465593219073
-9.893374707366615
-11.22376355611946
-12.72591565125263
-14.41301230490299
-16.268237533534084
-18.28956300085244
-20.42013874966324
-22.607767452084754
-24.73846743651615
-26.686282692116688
-28.269931573961784
-29.318607139237265
-29.70405401999579
-29.37337497959333
-28.363302831082997
-26.815231533788722
-24.882011747498844
-22.747210181638835
-20.551202857082153
-18.399245751456704
-16.367588237965908
-14.488483464189231
-12.79108095930748
-11.275460681696671
-9.934551057460437
-8.755257157519555
-7.724383145885403
-6.82079106755493
-6.043332475510303
-5.361907942971778
-4.765448436690595
-4.256869019967069
-3.805190761404253
-3.848676624655172
-4.302000044237503
-4.825223357008313
-5.420349352135087
-6.108365103388855
-6.895283725026775
-7.802124777654252
-8.838918080896498
-10.018717730501585
-11.35758212609546
-12.867586656971223
-14.549805780955085
-16.397318720189528
-18.386117401069484
-20.468303264881943
-22.578895125061486
-24.613965029676883
-26.439515855418374
-27.902557554446318
-28.859879877560303
-29.200164556945857
-28.884083756784534
-27.955466379426586
-26.503258971906224
-24.68459601395795
-22.649599810692973
-20.533369498621862
-18.441993968799967
-16.442552368970144
-14.589119004829174
-12.90075798112409
-11.383515404814178
-10.039402958977918
-8.854415507832579
-7.81652953374403
-6.907719608611786
-6.116960042952973
-5.425224753485075
-4.8234932335663565
-4.302756357580785
-3.8490038199114536
-3.859834893469357
-4.321796928229095
-4.846749101236171
-5.442687961173607
-6.135609265155674
-6.928508500246624
-7.841379710285686
-8.881215742787639
-10.068008925647087
-11.413750737267371
-12.92743409548303
-14.607056270112787
-16.45161682910435
-18.43012112144517
-20.506583619496165
-22.594027531188175
-24.594484463537086
-26.381974813028002
-27.799570605569805
-28.72229743615624
-29.039204756323297
-28.722298806979122
-27.802572205004687
-26.37798338444919
-24.597477926094108
-22.597032544565394
-20.502590910773
-18.434125487710517
-16.449621179743065
-14.610060494909378
-12.927437147221601
-11.412753050156905
-10.06701099341828
-8.878217665803378
-7.8403807837534805
-6.930509435949952
-6.139609737998538
-5.445688124319468
-4.8437495175664615
-4.323797334366239
-3.860835173057327
-3.848676624655172
-4.302000044237503
-4.825223357008313
-5.420349352135087
-6.108365103388855
-6.895283725026775
-7.802124777654252
-8.838918080896498
-10.018717730501585
-11.35758212609546
-12.867586656971223
-14.549805780955085
-16.397318720189528
-18.386117401069484
-20.468303264881943
-22.578895125061486
-24.613965029676883
-26.439515855418374
-27.902557554446318
-28.859879877560303
-29.200164556945857
-28.884083756784534
-27.955466379426586
-26.503258971906224
-24.68459601395795
-22.649599810692973
-20.533369498621862
-18.441993968799967
-16.442552368970144
-14.589119004829174
-12.90075798112409
-11.383515404814178
-10.039402958977918
-8.854415507832579
-7.81652953374403
-6.907719608611786
-6.116960042952973
-5.425224753485075
-4.8234932335663565
-4.302756357580785
-3.8490038199114536
-3.8026257187226054
-4.248465035303669
-4.761036622026886
-5.354278114970632
-6.029281194374586
-6.809084667586612
-7.698765394797397
-8.719465593219073
-9.893374707366615
-11.22376355611946
-12.72591565125263
-14.41301230490299
-16.268237533534084
-18.28956300085244
-20.42013874966324
-22.607767452084754
-24.73846743651615
-26.686282692116688
-28.269931573961784
-29.318607139237265
-29.70405401999579
-29.37337497959333
-28.363302831082997
-26.815231533788722
-24.882011747498844
-22.747210181638835
-20.551202857082153
-18.399245751456704
-16.367588237965908
-14.488483464189231
-12.79108095930748
-11.275460681696671
-9.934551057460437
-8.755257157519555
-7.724383145885403
-6.82079106755493
-6.043332475510303
-5.361907942971778
-4.765448436690595
-4.256869019967069
-3.805190761404253
-3.72882174010719
-4.16533527411267
-4.667257992028114
-5.241565626479977
-5.902400127124903
-6.659857361388831
-7.529105665748758
-8.529471478788604
-9.686378384380989
-11.0054594716244
-12.500374639610337
-14.184494510545065
-16.067327313677904
-18.13269326746941
-20.34831327961399
-22.660819949266543
-24.965061277109893
-27.11320940315126
-28.907850161800425
-30.135117336150145
-30.59897672881761
-30.223080848755117
-29.06936865130837
-27.31429003991612
-25.175849964545584
-22.866151041405843
-20.537760025117333
-18.29524281613382
-16.200177377461312
-14.300670982859305
-12.58804595398855
-11.073472005377877
-9.74164155141511
-8.57716985152907
-7.566562706263494
-6.686504106440325
-5.917681523411326
-5.25574286684859
-4.676637054111179
-4.173220796516842
-3.7354875687467817
-3.631505477768613
-4.053872286515519
-4.536088467940302
-5.089446427781166
-5.729746107337058
-6.458407136837647
-7.302643702910078
-8.272180437630515
-9.399501950662753
-10.69200210618906
-12.167875637900119
-13.863162505346832
-15.770652066954755
-17.89504359783283
-20.22328752206755
-22.706903122327457
-25.25521656257674
-27.72602813019627
-29.86686867436789
-31.372752086519533
-31.957866956813948
-31.49779134051484
-30.086234874413616
-27.995291050562585
-25.534571970973495
-22.96709333008721
-20.45143379816949
-18.094133201153614
-15.937232605317707
-13.999754773167455
-12.285367670111906
-10.781754440803681
-9.466346466147542
-8.329266430181246
-7.340632085992687
-6.4886290938871545
-5.750793028017034
-5.107825333841834
-4.545270015569347
-4.059992772425058
-3.636113872495368
-3.507156904891818
-3.9084182821047104
-4.367977752807733
-4.8980442478605895
-5.501705259186287
-6.200769231143424
-7.009159032620845
-7.942552876669237
-9.026296735248913
-10.284158871950494
-11.74148362993096
-13.425601582834284
-15.355311242092597
-17.559356755611606
-20.01325497373954
-22.713443245674178
-25.591698253849437
-28.504503794024508
-31.180474000386603
-33.14385811527797
-33.9167237313792
-33.28987457230345
-31.44038140865581
-28.821734457196815
-25.90138767601138
-22.987809258265656
-20.256085200674786
-17.765673743048346
-15.539118065091069
-13.581212846552036
-11.86959543889097
-10.390750828183918
-9.10599460605757
-8.002540555068343
-7.051994127014581
-6.233152777705999
-5.526121223686501
-4.9133173872583615
-4.377620739868817
-3.9184533917011786
-3.514372094469233
-3.359815404723402
-3.7392761304011763
-4.164471259562912
-4.664985564326855
-5.234054601612413
-5.890965665829503
-6.651051399166011
-7.539506696814984
-8.571179072564822
-9.783077532980176
-11.197959390263925
-12.86432508148326
-14.817193092882503
-17.08381724235319
-19.692047152118317
-22.63941618600871
-25.91641873930147
-29.432182223261393
-32.8838012579307
-35.542846667676315
-36.55796820590404
-35.60782469648569
-33.057916512885924
-29.67229166807221
-26.15499593800472
-22.85156890932955
-19.87629374479605
-17.26045962630904
-14.976289996349307
-13.008625445652608
-11.325842276943987
-9.880639139514884
-8.647945704226784
-7.600172014151161
-6.699541332103369
-5.92697235217583
-5.259593729345513
-4.683721044140081
-4.179093012485561
-3.7423953646947714
-3.3658623081907564
-3.1916322096146463
-3.5423813860093367
-3.9468219294312163
-4.400091009907633
-4.928023848263019
-5.534439740040777
-6.239704717287424
-7.059999941052619
-8.02794560203844
-9.166294551654678
-10.526517713434028
-12.152497318800178
-14.103970406381386
-16.444230157447915
-19.234541920707233
-22.508382579204135
-26.279306866013062
-30.558782874609665
-35.05395596950666
-38.56083519034921
-39.7194038411559
-38.20788999196223
-34.69973568748288
-30.376618212409024
-26.193301472733037
-22.490525498418737
-19.28418111499566
-16.547647342702174
-14.228343448189676
-12.283225159412138
-10.648300482263048
-9.2701517404483
-8.110254058639686
-7.12688955917643
-6.286848156386995
-5.571177337421279
-4.953913152552593
-4.416585534974741
-3.9551310803846436
-3.549903495752887
-3.194746070169028
-3.007752793265493
-3.3263306959996353
-3.687501060741282
-4.1058418284790275
-4.586494564623216
-5.132293101114125
-5.775407763214733
-6.519954907659011
-7.398889768311386
-8.447012910239797
-9.712876392940409
-11.262526203808648
-13.183352643373285
-15.60141001823655
-18.64241558692425
-22.42097452916068
-27.033059745468304
-32.48682067148288
-38.10490942806074
-41.73674513177166
-42.20736139104575
-40.06992843116234
-35.91193177861901
-30.89081777432216
-26.1533502992511
-21.985108341396526
-18.475622157583633
-15.598243798439881
-13.263708742079793
-11.37047122400631
-9.825508646897472
-8.544313651251503
-7.47761134488733
-6.576083013149213
-5.819053416599064
-5.166074567759847
-4.6074903547965835
-4.122978027613764
-3.7042172361254275
-3.33239096437853
-3.0113671807852116
-2.8038650601135715
-3.091563768510461
-3.423348418948116
-3.789569055619711
-4.21244929283256
-4.699488853055597
-5.257682370144979
-5.915357982799182
-6.688692667553434
-7.6167732652791775
-8.750669470403597
-10.16740188848834
-11.993603463020843
-14.42883036324704
-17.76113413899953
-22.31588739417428
-28.266132059251873
-35.17519049723889
-41.14362103481037
-41.970938909772364
-40.7970443894437
-39.37307347504013
-36.723828698377744
-32.666304273330134
-26.91935934350649
-21.540983277049172
-17.43372681341863
-14.377253665373326
-12.06324632947593
-10.275843092966017
-8.856267833817522
-7.7095873713696665
-6.761150136899723
-5.971038696248489
-5.295347245298163
-4.724143549984934
-4.231743146972318
-3.8022588836949343
-3.4278330231722807
-3.098747449035917
-2.8093126932304577
-2.6018438766949954
-2.8492554585467444
-3.134447891054378
-3.4568209089586572
-3.8218577712676756
-4.237841347099102
-4.713859057255237
-5.2726950114739335
-5.922618477659987
-6.696661518561385
-7.644652660354584
-8.853714952648225
-10.453260301374193
-12.7105673836252
-16.111946475687166
-21.35129986329603
-28.38396918254326
-29.288560970049577
-29.87707405950143
-34.85663407211515
-34.77063122481865
-35.62894813612404
-35.910899978661114
-36.604783682216684
-27.540298722402497
-20.505596761975028
-15.866308802342779
-12.759354897655527
-10.585935880252697
-8.984528256800147
-7.75963858987291
-6.787733135999066
-5.985874507541096
-5.319984920063706
-4.752100171499114
-4.262042726101933
-3.8369655498732422
-3.4672416226989
-3.1425241722353805
-2.8540574533229446
-2.597601625212243
-2.392664151875132
-2.6041817197259873
-2.850760652237232
-3.1265981523431554
-3.4315709802453935
-3.773872201309148
-4.165866218360396
-4.608233352330817
-5.123801970530954
-5.730605307734655
-6.462291840535821
-7.378960311817204
-8.58587299909779
-10.324312004033745
-13.090476591846354
-17.8916981141444
-26.081790722377736
-33.2868786241194
-31.517491524142102
-33.25111053910191
-31.523192584633286
-35.647135016323794
-42.468392850695075
-21.131118555908287
-23.209667989938996
-17.660977816776043
-13.389079850667132
-10.605347268307973
-8.802091199107492
-7.527607143787686
-6.563182452695493
-5.800346845215085
-5.167760604519271
-4.634476242420969
-4.178353947155402
-3.7795921149444798
-3.4273787144110948
-3.118518845145997
-2.8486907577412572
-2.6014115484016815
-2.3789528474256376
-2.168708910521205
-2.3539767372143148
-2.5565894841994923
-2.7783807593364003
-3.0235938966129057
-3.2941434284112407
-3.595862901794433
-3.9281261554871603
-4.299712091969142
-4.721190533837978
-5.201710834582022
-5.762542963748556
-6.438254691683112
-7.2989592989099
-8.46427538386918
-10.054054570255875
-11.358708570517717
-10.066795693493145
-14.963179737985529
-17.669048473976456
-21.18995816776927
-28.677939185437694
-29.62782494530536
-27.763075691248698
-18.401695915571732
-12.767530774648579
-9.763241203320787
-7.98541743205639
-6.820473656385368
-5.983088131273228
-5.337460435297565
-4.806797988589883
-4.35626941613809
-3.9619874436738485
-3.6148961342255106
-3.3037794382006584
-3.0305718455675827
-2.7759876683095874
-2.552989444936414
-2.3522773930248575
-2.163512489224447
-1.9444850387800534
-2.097582815976624
-2.258089773336211
-2.432046046661026
-2.6168248235442193
-2.815163948281521
-3.0254916744566667
-3.2499178207468207
-3.479950119808773
-3.7202484762961316
-3.9757530049130043
-4.186546632336505
-4.334131417323437
-4.319422285268876
-3.895784574692886
-2.4014370648777486
1.5326901852950527
7.44712045426452
8.170488680482844
2.8424964258966017
-0.54966122485303
0.434778930423223
1.3222599119843768
-1.3108597420151236
-5.415537804668824
-5.817517676617971
-5.484260367643041
-5.1054458960373275
-4.751715407028163
-4.41433865064411
-4.105845358082829
-3.8198658010261166
-3.5462251614770124
-3.2937088770319396
-3.054435764231635
-2.8307307230039056
-2.629328648339237
-2.4358527964044554
-2.259565087607219
-2.0939527905950652
-1.946331829211157
-1.7340775426352544
-1.8551312176268917
-1.9764293713126708
-2.1018201163121204
-2.23883413788779
-2.3715168260311956
-2.5007927816755697
-2.629695645493583
-2.734786890567259
-2.8118665463600028
-2.8359044369526702
-2.7590255684923624
-2.504702874207275
-1.9084047726769335
-0.6730691134012113
1.7254925787595772
5.7399297943297825
10.300842001059404
12.245319470411204
11.134846873762832
10.75093375292794
13.052885511736163
14.678760463343764
10.82113774135183
4.401124820894297
0.28155695297374655
-1.6390517723738303
-2.4809250603404513
-2.8339984166619527
-2.9499354546251015
-2.9481209489067073
-2.8809689220404655
-2.770667814332226
-2.6466115774057566
-2.5106082913151573
-2.37198757094057
-2.2319422411335568
-2.095589063979129
-1.9678840229629202
-1.8443985340658877
-1.7279462940802688
-1.5302669545049374
-1.6201454365100691
-1.7056051411138076
-1.7946913214196811
-1.882505560233789
-1.954482951219124
-2.0186845670005003
-2.062055796810948
-2.0668817259662284
-2.0230640822937263
-1.8893797447385532
-1.624339685584803
-1.1415468258603538
-0.31180763228721003
1.0631146262536204
3.1958974311338397
6.091638685274362
9.082719062504164
11.05053183101657
11.848299580191137
12.577699751974134
13.69484431729419
13.676064086439316
10.920930157110705
6.639978755719315
3.027712573474612
0.7352889086506242
-0.589824826685733
-1.332127122587559
-1.747324031450234
-1.964212594990609
-2.062852101735109
-2.0896556073401094
-2.070393153795941
-2.0226766299710297
-1.9510734675529675
-1.871043092728139
-1.7848780356524094
-1.697884814412826
-1.6068033962939987
-1.5176020800711825
-1.339657384199723
-1.3986448608813506
-1.4576923419715528
-1.5108219316591802
-1.5525212548630116
-1.580758602791818
-1.5899046408009685
-1.5637675971764105
-1.4953433674083487
-1.3630224812818104
-1.1326307670505484
-0.7623318295652032
-0.19347700122310085
0.661293396406717
1.8950174905588713
3.5636650541177315
5.577471815480807
7.595426787971831
9.198361352224213
10.264161755123412
10.974350883273924
11.311141250349124
10.76187298353867
8.933899944488669
6.320364974542518
3.822662504255962
1.9082135178664457
0.5949148859580601
-0.2633127923388115
-0.8154532668215236
-1.1627616403114298
-1.379193881913202
-1.5024319957983363
-1.5615683334323385
-1.5818281105651433
-1.5672173931731104
-1.5390633652859131
-1.4909889066290254
-1.4433880659403322
-1.388472567201642
-1.324602109271075
-1.155386304734568
-1.1929807897084796
-1.2271968795693555
-1.2472733368891606
-1.2569921051773603
-1.244696175276015
-1.2132839623576996
-1.1385090464541396
-1.0185922192061843
-0.8275154671113759
-0.5473505846532398
-0.13982196275835476
0.4325142870618115
1.2145444885785832
2.2427049232900207
3.513229488151323
4.944496000077765
6.350228623012365
7.546392502936157
8.409656058327604
8.894840808199502
8.93895382303627
8.375054916814612
7.146145941532632
5.505890724624744
3.8258154034161778
2.3814778550720996
1.2588752390007716
0.43927102219253267
-0.14258330461775395
-0.5464959349552145
-0.8250720222949566
-1.0085286843141585
-1.1292461146225665
-1.1978678162896497
-1.2329313574331078
-1.2377256364950187
-1.2301190619649554
-1.2083115874884072
-1.1768551373576999
-1.1398623104079035
-0.9881003419602709
-1.0071090419402022
-1.0160209352343381
-1.0143318314511112
-0.9954048887588075
-0.9611054890197437
-0.8918651142178041
-0.784717492894959
-0.6323782598537125
-0.41625055799079874
-0.11638318501906764
0.2894595359845177
0.8202680232032238
1.4966923553164655
2.329235074304746
3.2952082756065275
4.333114907824639
5.333002254061385
6.188187711844081
6.814465892490257
7.123855494057371
7.084081550680232
6.624946049013593
5.794440512273979
4.707241250253057
3.5505671921040913
2.4791404823560605
1.583422623324073
0.8643898822057628
0.3163729528066784
-0.09442675577026258
-0.39580392867943803
-0.6137368803116389
-0.7648041804847587
-0.8704117668902107
-0.9362800434687758
-0.9775277062628543
-0.9968651634478578
-1.0016223158198108
-0.989633352734763
-0.972269014407457
-0.8353564457959964
-0.8352093735988256
-0.8325790112454309
-0.8058372119661724
-0.7707248029982481
-0.7109657572179108
-0.6232086355529074
-0.49720907232855815
-0.32940506401300457
-0.10178297995580662
0.19481739492162625
0.5677043302258028
1.039285419523681
1.6105745711046482
2.275973486908047
3.0171973546198765
3.779654699951298
4.500656181495111
5.115658832166607
5.550825984311432
5.7535166663585455
5.689425167767074
5.351739709680026
4.773576615760037
4.020021687513278
3.205600558825641
2.4087369049111955
1.7006300869044793
1.0970528409942977
0.6122748093862425
0.2239875144595206
-0.07520968040439266
-0.3061349811708895
-0.4755545494994589
-0.5975177432989005
-0.6880755989765237
-0.7495186385021096
-0.7882436465484716
-0.813145390484937
-0.8206364030413362
-0.8177601940260003
-0.7007338392268935
-0.6874885318564113
-0.6650496558276457
-0.6275376270983208
-0.576750751060899
-0.5071123545140848
-0.4043720612265296
-0.27070365994461076
-0.09692852361735044
0.12586259071535186
0.40173312308845943
0.7431774453001252
1.1509303468183223
1.6248806862332457
2.156500499026352
2.7275252110135932
3.29241226302114
3.8218777471977297
4.264283179344228
4.563263256161436
4.692274986110127
4.640154885795638
4.392246494970797
3.9801849699254706
3.4465856207151417
2.8542339939283377
2.263061098282593
1.706298730932793
1.2125424031161325
0.7912049505436246
0.4396232747804204
0.15805132245514403
-0.06712379976559607
-0.24323916637318688
-0.37776897835584167
-0.4833852106806391
-0.555279157726063
-0.6067956520833663
-0.6488994439086491
-0.6679831449411726
-0.6800737452477605
