0.5882943120980063
0.5923056186632306
0.6204168989814145
0.6292119762457533
0.6190768362146303
0.6045423096253314
0.586135104658535
0.5607017535047938
0.4953061081266748
0.3854100178103048
0.2649906596178524
0.10171118271225427
-0.13236834895831595
-0.4172248206518116
-0.7363018080402184
-1.0970534150332953
-1.4915026802171674
-1.8890903717800678
-2.2221170212555696
-2.4853292072935753
-2.591164693302787
-2.5539081047197745
-2.3901535180844533
-2.0893487239855095
-1.6887650858159655
-1.2617905363346897
-0.8557622930278143
-0.48983976775393473
-0.18525476444259997
0.05697279717535673
0.23603934857323056
0.37599060404859
0.4713044705978785
0.5272105079972893
0.5716576224054261
0.6012238033347678
0.6156822605108789
0.6114880659744819
0.6029921033054497
0.5787137253408636
0.581824801290668
0.65975317585313
0.6927456935309472
0.7240018133227684
0.7422850038847617
0.7430998908815379
0.7452927675584357
0.7325017359373642
0.7201385188839714
0.6556644822924489
0.5667710446818419
0.43365351485287534
0.2576574791775795
0.019328956387086278
-0.30630634087141095
-0.7241967637040589
-1.1663447589965317
-1.6946307163179695
-2.2033302720037033
-2.666867222291378
-3.01122364634294
-3.1927714885011986
-3.151788969530723
-2.9354197602419734
-2.48954294205729
-1.9264216055070875
-1.368663671584418
-0.8444410663924381
-0.37306548669754885
-0.031288982470393044
0.2478576916995836
0.43254423300327416
0.5777818224598513
0.6482678479120833
0.7075819647960595
0.7360954991025616
0.7499348141201334
0.7427575842548082
0.7250321538422859
0.6982887680553903
0.6929002140801556
0.6710251565948627
0.7606871667608758
0.7907572257961539
0.8299152906873659
0.8668011583784294
0.8846618942510217
0.9030347113252466
0.9061371170924514
0.9177750526760254
0.8630376325523145
0.8029966076491529
0.6794010021257328
0.49392501622785534
0.2253731391750651
-0.13872249500538394
-0.6141513666158159
-1.234824047156234
-1.8976353318771684
-2.6171796311420006
-3.2315551331108234
-3.7171057573076265
-3.967012539779034
-3.9467294273602294
-3.651534755724938
-3.0286688457241002
-2.231570792916637
-1.440703759397595
-0.7219823389397175
-0.17866071656501226
0.2346059038266063
0.5111978388377268
0.70579078780794
0.8185947893655668
0.8780740655642485
0.9148892431194698
0.928638238484479
0.9056179836711334
0.8784029800998555
0.8486966819748136
0.8220852232107622
0.7855499495259191
0.7643037857142085
0.858790125908719
0.8959517871228392
0.9449730051625415
1.0058217362586563
1.0591905120620897
1.0802923512281017
1.1193396028908402
1.1398088251708298
1.1165736887988842
1.0708095108271878
0.9738659951654618
0.7982308164010924
0.5329867327069927
0.12324288742827648
-0.45655550768929254
-1.230698346792644
-2.14098582959015
-3.1191789757910144
-3.9868771138676475
-4.6559987676968255
-5.07368155079683
-5.115251386131427
-4.696075394586902
-3.7642632244280385
-2.576006674882707
-1.400402005835689
-0.4754179751750065
0.19467209489485
0.6223657787981083
0.8934153568603582
1.0458736935086692
1.1253286729006287
1.1318400815936256
1.1373291007927073
1.1118877818039565
1.0977349903267009
1.0422264501702296
0.9928659950531076
0.9456536998599672
0.8941066917660122
0.8445679768265585
0.9362827270843217
1.0117028602605689
1.090226180767475
1.1388775713964312
1.2089709710098082
1.276297671673132
1.340262950225089
1.3757674295221713
1.4031704009690114
1.402062647609866
1.3489544392683808
1.2208139369911666
0.9828818791128109
0.5381306270799429
-0.14473743008681306
-1.1303854413805807
-2.39628405193959
-3.791454147029206
-4.970119281665165
-5.84467752059511
-6.459959508047625
-6.751299809020133
-6.282789293059341
-4.859740673757963
-2.8966117459859655
-1.1291874389433771
0.06978104400666311
0.8042559540129062
1.2044317718049797
1.3887443830571622
1.4838671898552747
1.5055740706810417
1.478145024676603
1.4398838204949735
1.3753608646496174
1.310736625207167
1.2146186686774205
1.142201617184454
1.0742590038468465
1.0325831010734627
0.948837813460627
1.0473315359674165
1.1248567253120783
1.215284475398569
1.3076242691958175
1.3931674419311382
1.4884389976419554
1.5912329672741674
1.6770958795595226
1.7588572384649641
1.8082700133275935
1.8204816096747232
1.7612328379047557
1.5706000261784656
1.182689045026814
0.4182093765961143
-0.8384824385076756
-2.7081066808465395
-4.75750234234394
-6.314084444040418
-7.161428243169971
-7.956081534701793
-8.906005269557248
-8.847377351478107
-6.413201481146291
-2.8644313113194237
-0.21539836350275554
1.1528026615101234
1.7567450556988171
1.9958267526879352
2.0508540643904465
2.0252675168507883
1.942945876180574
1.8554982647273286
1.7409214799346513
1.6352817136367583
1.5174995633882113
1.4214673046873587
1.3010127816459056
1.2093281677242396
1.134317483165534
1.0444562829616744
1.1708102691343785
1.257239655699629
1.3621407470609648
1.4620003763900769
1.5997744746148332
1.7229350986282364
1.8702596594604444
2.010127627751391
2.1314587418528617
2.278418462068369
2.3857390893966954
2.4385102087228634
2.381446820056414
2.0955258104905483
1.4153205630256183
-0.08754565487272079
-2.896053944814136
-6.459361384164331
-8.381996338822576
-8.199436017773287
-8.603888837124359
-11.41459720751734
-13.816553093433479
-9.019610267276207
-1.5655347815680833
2.13183026942627
3.0603079382271265
3.1403223515825567
3.0243937544482287
2.856088708200496
2.6662305629509615
2.4540302771807534
2.277322538596664
2.08000223798992
1.900994942108835
1.7705820286659604
1.6117221186014425
1.494847496593043
1.365319874105563
1.265884568768072
1.1692197609640878
1.279329915632836
1.4045916354386372
1.512324184252935
1.655123104472628
1.7938949855687831
1.9723376579013132
2.1739380441519445
2.3684643951044606
2.5684470464411935
2.7902791375972336
3.0195609071606984
3.223506844145952
3.388846869311032
3.424434445010906
3.1026069676548054
1.6927636157537376
-2.772584825979406
-10.766663816353343
-13.79862192171566
-8.521360176010372
-6.568101000335397
-13.388539401395471
-27.05594718652583
-14.052306964423373
2.7347486283913365
6.60750377636603
5.874137063364815
4.903735186219789
4.255597834128792
3.7526823632798667
3.342010659139105
3.006163774323241
2.7098997811707717
2.4590038755057746
2.212121729246634
2.017665219019716
1.8287365600915633
1.6858520824451537
1.5238687236577144
1.39789315740495
1.282502525340642
1.4002693051003827
1.5285079056385975
1.6961562918192616
1.8518687497238
2.0324870297040114
2.246662269775025
2.4806479083656736
2.72988805572017
3.0268784991186237
3.348798820013343
3.705451773306392
4.126187744171065
4.585507936059048
5.133695961669709
5.811201470003443
5.9915969011581645
1.336528113520171
-15.596498020018824
-23.116238386543195
7.130410246931129
4.181616369562892
2.675568990376645
-21.704898109223056
-7.884133737720157
14.784338003512492
13.364748396963117
9.232150530321466
6.871355263405168
5.554310579453367
4.696693143622685
4.089833071835699
3.560432068299198
3.1714073031054513
2.8376011436826265
2.532485062569465
2.290168345092928
2.068481057806876
1.8555550298913368
1.6995390065629166
1.5340344984111065
1.400606521612195
1.516064132294735
1.6736295587959382
1.8273755561150782
2.0317702317716266
2.2538687680734437
2.488441385132577
2.80366785218297
3.1137758616711912
3.5047453528487464
3.9160337074826455
4.452361257241879
5.06745463413376
5.867147481171045
7.018585373273279
9.006400515364527
12.491944163239754
14.053749169717067
-6.772600816448844
-10.439355471988383
16.3446657306821
21.851611298757952
27.95528944142002
26.86919073457152
-0.8505276638016495
23.430292021469494
17.520781586513973
11.714423224919047
8.458259122134367
6.7444193637506755
5.589215081212217
4.775322399407295
4.139092279110395
3.6178421416440005
3.2021877744940483
2.8398824157279643
2.540414939124384
2.262802527433834
2.038275036598762
1.8685554322198075
1.6773503217021888
1.5038822270797745
1.6263065238170782
1.7988702709822966
1.9841677138958678
2.209492336044064
2.4769298808696347
2.755004634217378
3.083807360661696
3.4744702952917397
3.927676912309356
4.4727042427542525
5.128565587226481
5.950633800401524
7.0432413999187125
8.638828988626782
11.483428431161379
16.950439718218416
24.89940898944332
16.003137807188995
12.849078193489076
29.94232004679558
29.390731948001832
31.12531258000848
18.205411168830945
14.554759905822756
17.88257362482718
16.013400832340835
12.34144194707644
9.606045962636882
7.713089943951526
6.418399778252225
5.435368999486076
4.668246023154332
4.068239715360848
3.5617007843236577
3.147356933503419
2.7874660891814735
2.493927115600828
2.1962734472758783
2.0134822924129523
1.787338722644205
1.6345771312926531
1.7291127379714908
1.9202105876149622
2.1238937585990754
2.384356198925332
2.6708139548430214
2.9986611088284993
3.362664031596287
3.828715205850742
4.337574434996596
4.986319509339376
5.765225673927252
6.729613269073102
8.036691261309702
9.86814888842182
12.784534678472216
17.384782205363663
22.35449011921642
21.30183351006424
19.890151907624226
24.838994541695048
26.383688840901264
25.226730290973848
19.129148217817676
15.162392123047065
15.611731028097228
14.730077585638936
12.518845187280512
10.25503099130819
8.501581099847817
7.095533981189256
6.041011285846916
5.158267449177873
4.473296724287381
3.897896407249704
3.4153262865755107
3.0066480190059948
2.6680275695416213
2.3924185451183004
2.141922329959678
1.9230999143116578
1.7381402472406617
1.8442858292932447
2.0298552772753062
2.2572608677797064
2.5435795264559196
2.8445919710193044
3.21372779761435
3.651458010419734
4.1424205541684
4.734236503307057
5.4428317254250755
6.307473138351726
7.405226767160856
8.780484418959038
10.641080023856611
13.15144094769866
16.31407848674405
19.040932328476817
19.647973765144584
20.24609958325135
22.592892631510647
23.75987251157382
23.05555386289985
20.585152588082387
17.89164403481889
16.303244378448003
14.692269390771907
12.714437104782158
10.764978627458419
9.06665466397545
7.679116092673763
6.539284987934113
5.614604916978538
4.84126366248407
4.229216643077531
3.688281415396897
3.261256647148643
2.875463458631115
2.544799865491931
2.2815585385149606
2.038772069334485
1.8474846431903946
1.9492182649292524
2.1531993982233875
2.3941411310507776
2.6894984674551106
3.038835434676768
3.430564024626694
3.903833939163315
4.439310420927459
5.071726788417174
5.835950851681279
6.774360594633874
7.906632976181747
9.30145875012202
11.027424538164093
13.155296871009789
15.506772498341055
17.570750858648374
19.021795588157673
20.20782216678201
21.372097478659086
21.94670795582386
21.45491771133635
20.11123818808723
18.371856951139733
16.57582253165723
14.78450194922135
12.899309783318571
11.076047496479115
9.460701049210588
8.078852428612866
6.921909451210052
5.96381715553368
5.169320395709407
4.494085638010996
3.9331402771079587
3.481594311579641
3.0618389748952186
2.7164834504743354
2.4106748041239023
2.1467957818772527
1.9200471227682094
2.0233328902277794
2.259893128203075
2.5124641103576266
2.821095650704573
3.174517761488417
3.616047151327391
4.1051970275870575
4.684911853270451
5.364773427925932
6.163480673464968
7.112185587804548
8.255450533983462
9.599168382443846
11.207234167142657
13.028515564260386
14.929913455526906
16.73399716996407
18.21924415761599
19.37748419836572
20.20241399334757
20.584609484737587
20.25668237043538
19.30727996756668
17.96412167067978
16.410176674720834
14.741170770700565
12.96092031119845
11.27305069449008
9.740232785653248
8.406597993467276
7.251685799596323
6.267780449781101
5.438151208275369
4.754671865151888
4.165961947863486
3.6391987562585064
3.218813979621481
2.8541998579353622
2.530665548427045
2.2536800679209747
2.032176856909779
2.074243708428469
2.317271495430439
2.608646954601587
2.9435794146199816
3.321475370207407
3.773006452765614
4.297100342923184
4.897918516524505
5.601946104345913
6.424960080114743
7.397077694975381
8.51205782995814
9.809774795590537
11.27794572962991
12.862796632774275
14.514848732660672
16.088127745096752
17.42674150044079
18.50555338969545
19.21299155914117
19.430536600920863
19.197413604763387
18.486245960621908
17.405840613417848
16.05453118983314
14.517483577078465
12.919791550703467
11.37573572813685
9.945946688537456
8.649737936474324
7.4882269415706535
6.535026662382432
5.672315088099542
4.9349298156527075
4.343359973943256
3.8055444389847892
3.3334274791922462
2.9385834873763756
2.6268298441471445
2.3389428767543676
2.094481718695211
2.132659249866255
2.4045175936421592
2.7020534836742223
3.039683821178085
3.451249116510157
3.8939004146393725
4.44195428159282
5.076394150950009
5.8005636373210745
6.623234996583571
7.609730794442615
8.725652994228698
9.932136208651361
11.30408971940008
12.751788298254475
14.210106761158663
15.6098243016059
16.79945331493243
17.746680087808915
18.367075454516645
18.545615381981623
18.339182154698346
17.764181976015728
16.83571486802312
15.662711701836942
14.324072150285023
12.853306265845083
11.418426895490558
10.046976479880586
8.811642611195364
7.681929662416403
6.705342462689018
5.838426123805679
5.096154401643826
4.466939325017127
3.9298293222818597
3.470202397237907
3.043957409009616
2.7081085165389243
2.4089323982042097
2.149719988313046
2.1907439937518496
2.4812970645832797
2.770130034732921
3.127624958620224
3.5365128776315404
4.003552491211017
4.574123281710394
5.200797383099827
5.9403534304534364
6.788958299912038
7.764854579257859
8.817695785017738
10.04298926454555
11.322437272633039
12.670892038611935
14.016259973832046
15.26868812000374
16.374250607869563
17.195556194573175
17.716815064632577
17.958672705258685
17.798279424539043
17.239613086022644
16.409657065555326
15.375821838485333
14.109690456310659
12.780179417134072
11.426925213004953
10.126255686093367
8.926352494008448
7.82114824313233
6.835579760868357
5.970562511575012
5.2278138252301405
4.587151088409947
4.017590370999662
3.5370543494602926
3.119216880151978
2.7744808429219736
2.4575366326338153
2.187320624388674
2.231590347033641
2.5099419031468213
2.8152785035153696
3.1804371278361763
3.5925999847839005
4.100438036738763
4.675307525304172
5.301179260674133
6.055798956215494
6.8827181191845215
7.861631274905634
8.926840866303571
10.100360298911426
11.349308723630276
12.615845960310523
13.887874134246958
15.033424339387214
16.062533279160785
16.839044555499243
17.3286241805079
17.488729807233792
17.35200457164387
16.906357213758398
16.149947844786983
15.129115528617467
13.963104716108244
12.717069686921233
11.41013863827281
10.155372955872465
8.977885533309168
7.908646547881717
6.941657844279774
6.07390849282126
5.318335042973845
4.657874499593435
4.100343550923004
3.6088895183826497
3.1774029774060133
2.8168321046939266
2.497307543531675
2.238649839809778
2.243968031474975
2.533775392593425
2.834570555010626
3.2202885954146407
3.6300180714575716
4.1426436593817035
4.710217835749819
5.3368403099898245
6.097378368698604
6.9618605218765
7.916410185381657
8.969980473916488
10.130633562255563
11.338420798045943
12.593326075618288
13.82341723149558
14.95372708337931
15.894283178756844
16.644028952439886
17.13989485796411
17.283773023159245
17.134508478329977
16.692036492748244
15.94834140350948
14.976473634453896
13.860483166265533
12.625410307365348
11.380291603485162
10.165161640798761
8.99504788123184
7.941961143370985
6.983917973055795
6.11193200538667
5.3429763126747964
4.720026136760523
4.1381200367462405
3.64120028450837
3.204305472718862
2.8393814808689797
2.541446586442441
2.260514069040939
2.2469610119551926
2.537950309314347
2.85893638440138
3.2119211818914186
3.6338991648196663
4.143868001467387
4.710826571684031
5.376774622019994
6.128704761205581
6.962616015659599
7.93650125453077
8.990360069317262
10.153188003442585
11.338990067291187
12.593766641634273
13.793538681958292
14.934304426074355
15.90709400609223
16.5319476807445
17.033831186286346
17.210796728656526
17.006838342743432
16.577938723043797
15.883101881238787
14.943300868617587
13.800537229012997
12.581771391819785
11.345993120253612
10.153188098975498
8.997358869873736
7.938504657423296
6.957619082369654
6.133705841758135
5.372775258600264
4.7248272993845335
4.137869340890493
3.635899230187104
3.220920991615345
2.8389385645331333
2.5399502960984437
2.2509609843941654
2.243968031474975
2.533775392593425
2.834570555010626
3.2202885954146407
3.6300180714575716
4.1426436593817035
4.710217835749819
5.3368403099898245
6.097378368698604
6.9618605218765
7.916410185381657
8.969980473916488
10.130633562255563
11.338420798045943
12.593326075618288
13.82341723149558
14.95372708337931
15.894283178756844
16.644028952439886
17.13989485796411
17.283773023159245
17.134508478329977
16.692036492748244
15.94834140350948
14.976473634453896
13.860483166265533
12.625410307365348
11.380291603485162
10.165161640798761
8.99504788123184
7.941961143370985
6.983917973055795
6.11193200538667
5.3429763126747964
4.720026136760523
4.1381200367462405
3.64120028450837
3.204305472718862
2.8393814808689797
2.541446586442441
2.260514069040939
2.231590347033641
2.5099419031468213
2.8152785035153696
3.1804371278361763
3.5925999847839005
4.100438036738763
4.675307525304172
5.301179260674133
6.055798956215494
6.8827181191845215
7.861631274905634
8.926840866303571
10.100360298911426
11.349308723630276
12.615845960310523
13.887874134246958
15.033424339387214
16.062533279160785
16.839044555499243
17.3286241805079
17.488729807233792
17.35200457164387
16.906357213758398
16.149947844786983
15.129115528617467
13.963104716108244
12.717069686921233
11.41013863827281
10.155372955872465
8.977885533309168
7.908646547881717
6.941657844279774
6.07390849282126
5.318335042973845
4.657874499593435
4.100343550923004
3.6088895183826497
3.1774029774060133
2.8168321046939266
2.497307543531675
2.238649839809778
2.1907439937518496
2.4812970645832797
2.770130034732921
3.127624958620224
3.5365128776315404
4.003552491211017
4.574123281710394
5.200797383099827
5.9403534304534364
6.788958299912038
7.764854579257859
8.817695785017738
10.04298926454555
11.322437272633039
12.670892038611935
14.016259973832046
15.26868812000374
16.374250607869563
17.195556194573175
17.716815064632577
17.958672705258685
17.798279424539043
17.239613086022644
16.409657065555326
15.375821838485333
14.109690456310659
12.780179417134072
11.426925213004953
10.126255686093367
8.926352494008448
7.82114824313233
6.835579760868357
5.970562511575012
5.2278138252301405
4.587151088409947
4.017590370999662
3.5370543494602926
3.119216880151978
2.7744808429219736
2.4575366326338153
2.187320624388674
2.132659249866255
2.4045175936421592
2.7020534836742223
3.039683821178085
3.451249116510157
3.8939004146393725
4.44195428159282
5.076394150950009
5.8005636373210745
6.623234996583571
7.609730794442615
8.725652994228698
9.932136208651361
11.30408971940008
12.751788298254475
14.210106761158663
15.6098243016059
16.79945331493243
17.746680087808915
18.367075454516645
18.545615381981623
18.339182154698346
17.764181976015728
16.83571486802312
15.662711701836942
14.324072150285023
12.853306265845083
11.418426895490558
10.046976479880586
8.811642611195364
7.681929662416403
6.705342462689018
5.838426123805679
5.096154401643826
4.466939325017127
3.9298293222818597
3.470202397237907
3.043957409009616
2.7081085165389243
2.4089323982042097
2.149719988313046
2.074243708428469
2.317271495430439
2.608646954601587
2.9435794146199816
3.321475370207407
3.773006452765614
4.297100342923184
4.897918516524505
5.601946104345913
6.424960080114743
7.397077694975381
8.51205782995814
9.809774795590537
11.27794572962991
12.862796632774275
14.514848732660672
16.088127745096752
17.42674150044079
18.50555338969545
19.21299155914117
19.430536600920863
19.197413604763387
18.486245960621908
17.405840613417848
16.05453118983314
14.517483577078465
12.919791550703467
11.37573572813685
9.945946688537456
8.649737936474324
7.4882269415706535
6.535026662382432
5.672315088099542
4.9349298156527075
4.343359973943256
3.8055444389847892
3.3334274791922462
2.9385834873763756
2.6268298441471445
2.3389428767543676
2.094481718695211
2.0233328902277794
2.259893128203075
2.5124641103576266
2.821095650704573
3.174517761488417
3.616047151327391
4.1051970275870575
4.684911853270451
5.364773427925932
6.163480673464968
7.112185587804548
8.255450533983462
9.599168382443846
11.207234167142657
13.028515564260386
14.929913455526906
16.73399716996407
18.21924415761599
19.37748419836572
20.20241399334757
20.584609484737587
20.25668237043538
19.30727996756668
17.96412167067978
16.410176674720834
14.741170770700565
12.96092031119845
11.27305069449008
9.740232785653248
8.406597993467276
7.251685799596323
6.267780449781101
5.438151208275369
4.754671865151888
4.165961947863486
3.6391987562585064
3.218813979621481
2.8541998579353622
2.530665548427045
2.2536800679209747
2.032176856909779
1.9492182649292524
2.1531993982233875
2.3941411310507776
2.6894984674551106
3.038835434676768
3.430564024626694
3.903833939163315
4.439310420927459
5.071726788417174
5.835950851681279
6.774360594633874
7.906632976181747
9.30145875012202
11.027424538164093
13.155296871009789
15.506772498341055
17.570750858648374
19.021795588157673
20.20782216678201
21.372097478659086
21.94670795582386
21.45491771133635
20.11123818808723
18.371856951139733
16.57582253165723
14.78450194922135
12.899309783318571
11.076047496479115
9.460701049210588
8.078852428612866
6.921909451210052
5.96381715553368
5.169320395709407
4.494085638010996
3.9331402771079587
3.481594311579641
3.0618389748952186
2.7164834504743354
2.4106748041239023
2.1467957818772527
1.9200471227682094
1.8442858292932447
2.0298552772753062
2.2572608677797064
2.5435795264559196
2.8445919710193044
3.21372779761435
3.651458010419734
4.1424205541684
4.734236503307057
5.4428317254250755
6.307473138351726
7.405226767160856
8.780484418959038
10.641080023856611
13.15144094769866
16.31407848674405
19.040932328476817
19.647973765144584
20.24609958325135
22.592892631510647
23.75987251157382
23.05555386289985
20.585152588082387
17.89164403481889
16.303244378448003
14.692269390771907
12.714437104782158
10.764978627458419
9.06665466397545
7.679116092673763
6.539284987934113
5.614604916978538
4.84126366248407
4.229216643077531
3.688281415396897
3.261256647148643
2.875463458631115
2.544799865491931
2.2815585385149606
2.038772069334485
1.8474846431903946
1.7291127379714908
1.9202105876149622
2.1238937585990754
2.384356198925332
2.6708139548430214
2.9986611088284993
3.362664031596287
3.828715205850742
4.337574434996596
4.986319509339376
5.765225673927252
6.729613269073102
8.036691261309702
9.86814888842182
12.784534678472216
17.384782205363663
22.35449011921642
21.30183351006424
19.890151907624226
24.838994541695048
26.383688840901264
25.226730290973848
19.129148217817676
15.162392123047065
15.611731028097228
14.730077585638936
12.518845187280512
10.25503099130819
8.501581099847817
7.095533981189256
6.041011285846916
5.158267449177873
4.473296724287381
3.897896407249704
3.4153262865755107
3.0066480190059948
2.6680275695416213
2.3924185451183004
2.141922329959678
1.9230999143116578
1.7381402472406617
1.6263065238170782
1.7988702709822966
1.9841677138958678
2.209492336044064
2.4769298808696347
2.755004634217378
3.083807360661696
3.4744702952917397
3.927676912309356
4.4727042427542525
5.128565587226481
5.950633800401524
7.0432413999187125
8.638828988626782
11.483428431161379
16.950439718218416
24.89940898944332
16.003137807188995
12.849078193489076
29.94232004679558
29.390731948001832
31.12531258000848
18.205411168830945
14.554759905822756
17.88257362482718
16.013400832340835
12.34144194707644
9.606045962636882
7.713089943951526
6.418399778252225
5.435368999486076
4.668246023154332
4.068239715360848
3.5617007843236577
3.147356933503419
2.7874660891814735
2.493927115600828
2.1962734472758783
2.0134822924129523
1.787338722644205
1.6345771312926531
1.516064132294735
1.6736295587959382
1.8273755561150782
2.0317702317716266
2.2538687680734437
2.488441385132577
2.80366785218297
3.1137758616711912
3.5047453528487464
3.9160337074826455
4.452361257241879
5.06745463413376
5.867147481171045
7.018585373273279
9.006400515364527
12.491944163239754
14.053749169717067
-6.772600816448844
-10.439355471988383
16.3446657306821
21.851611298757952
27.95528944142002
26.86919073457152
-0.8505276638016495
23.430292021469494
17.520781586513973
11.714423224919047
8.458259122134367
6.7444193637506755
5.589215081212217
4.775322399407295
4.139092279110395
3.6178421416440005
3.2021877744940483
2.8398824157279643
2.540414939124384
2.262802527433834
2.038275036598762
1.8685554322198075
1.6773503217021888
1.5038822270797745
1.4002693051003827
1.5285079056385975
1.6961562918192616
1.8518687497238
2.0324870297040114
2.246662269775025
2.4806479083656736
2.72988805572017
3.0268784991186237
3.348798820013343
3.705451773306392
4.126187744171065
4.585507936059048
5.133695961669709
5.811201470003443
5.9915969011581645
1.336528113520171
-15.596498020018824
-23.116238386543195
7.130410246931129
4.181616369562892
2.675568990376645
-21.704898109223056
-7.884133737720157
14.784338003512492
13.364748396963117
9.232150530321466
6.871355263405168
5.554310579453367
4.696693143622685
4.089833071835699
3.560432068299198
3.1714073031054513
2.8376011436826265
2.532485062569465
2.290168345092928
2.068481057806876
1.8555550298913368
1.6995390065629166
1.5340344984111065
1.400606521612195
1.279329915632836
1.4045916354386372
1.512324184252935
1.655123104472628
1.7938949855687831
1.9723376579013132
2.1739380441519445
2.3684643951044606
2.5684470464411935
2.7902791375972336
3.0195609071606984
3.223506844145952
3.388846869311032
3.424434445010906
3.1026069676548054
1.6927636157537376
-2.772584825979406
-10.766663816353343
-13.79862192171566
-8.521360176010372
-6.568101000335397
-13.388539401395471
-27.05594718652583
-14.052306964423373
2.7347486283913365
6.60750377636603
5.874137063364815
4.903735186219789
4.255597834128792
3.7526823632798667
3.342010659139105
3.006163774323241
2.7098997811707717
2.4590038755057746
2.212121729246634
2.017665219019716
1.8287365600915633
1.6858520824451537
1.5238687236577144
1.39789315740495
1.282502525340642
1.1708102691343785
1.257239655699629
1.3621407470609648
1.4620003763900769
1.5997744746148332
1.7229350986282364
1.8702596594604444
2.010127627751391
2.1314587418528617
2.278418462068369
2.3857390893966954
2.4385102087228634
2.381446820056414
2.0955258104905483
1.4153205630256183
-0.08754565487272079
-2.896053944814136
-6.459361384164331
-8.381996338822576
-8.199436017773287
-8.603888837124359
-11.41459720751734
-13.816553093433479
-9.019610267276207
-1.5655347815680833
2.13183026942627
3.0603079382271265
3.1403223515825567
3.0243937544482287
2.856088708200496
2.6662305629509615
2.4540302771807534
2.277322538596664
2.08000223798992
1.900994942108835
1.7705820286659604
1.6117221186014425
1.494847496593043
1.365319874105563
1.265884568768072
1.1692197609640878
1.0473315359674165
1.1248567253120783
1.215284475398569
1.3076242691958175
1.3931674419311382
1.4884389976419554
1.5912329672741674
1.6770958795595226
1.7588572384649641
1.8082700133275935
1.8204816096747232
1.7612328379047557
1.5706000261784656
1.182689045026814
0.4182093765961143
-0.8384824385076756
-2.7081066808465395
-4.75750234234394
-6.314084444040418
-7.161428243169971
-7.956081534701793
-8.906005269557248
-8.847377351478107
-6.413201481146291
-2.8644313113194237
-0.21539836350275554
1.1528026615101234
1.7567450556988171
1.9958267526879352
2.0508540643904465
2.0252675168507883
1.942945876180574
1.8554982647273286
1.7409214799346513
1.6352817136367583
1.5174995633882113
1.4214673046873587
1.3010127816459056
1.2093281677242396
1.134317483165534
1.0444562829616744
0.9362827270843217
1.0117028602605689
1.090226180767475
1.1388775713964312
1.2089709710098082
1.276297671673132
1.340262950225089
1.3757674295221713
1.4031704009690114
1.402062647609866
1.3489544392683808
1.2208139369911666
0.9828818791128109
0.5381306270799429
-0.14473743008681306
-1.1303854413805807
-2.39628405193959
-3.791454147029206
-4.970119281665165
-5.84467752059511
-6.459959508047625
-6.751299809020133
-6.282789293059341
-4.859740673757963
-2.8966117459859655
-1.1291874389433771
0.06978104400666311
0.8042559540129062
1.2044317718049797
1.3887443830571622
1.4838671898552747
1.5055740706810417
1.478145024676603
1.4398838204949735
1.3753608646496174
1.310736625207167
1.2146186686774205
1.142201617184454
1.0742590038468465
1.0325831010734627
0.948837813460627
0.858790125908719
0.8959517871228392
0.9449730051625415
1.0058217362586563
1.0591905120620897
1.0802923512281017
1.1193396028908402
1.1398088251708298
1.1165736887988842
1.0708095108271878
0.9738659951654618
0.7982308164010924
0.5329867327069927
0.12324288742827648
-0.45655550768929254
-1.230698346792644
-2.14098582959015
-3.1191789757910144
-3.9868771138676475
-4.6559987676968255
-5.07368155079683
-5.115251386131427
-4.696075394586902
-3.7642632244280385
-2.576006674882707
-1.400402005835689
-0.4754179751750065
0.19467209489485
0.6223657787981083
0.8934153568603582
1.0458736935086692
1.1253286729006287
1.1318400815936256
1.1373291007927073
1.1118877818039565
1.0977349903267009
1.0422264501702296
0.9928659950531076
0.9456536998599672
0.8941066917660122
0.8445679768265585
0.7606871667608758
0.7907572257961539
0.8299152906873659
0.8668011583784294
0.8846618942510217
0.9030347113252466
0.9061371170924514
0.9177750526760254
0.8630376325523145
0.8029966076491529
0.6794010021257328
0.49392501622785534
0.2253731391750651
-0.13872249500538394
-0.6141513666158159
-1.234824047156234
-1.8976353318771684
-2.6171796311420006
-3.2315551331108234
-3.7171057573076265
-3.967012539779034
-3.9467294273602294
-3.651534755724938
-3.0286688457241002
-2.231570792916637
-1.440703759397595
-0.7219823389397175
-0.17866071656501226
0.2346059038266063
0.5111978388377268
0.70579078780794
0.8185947893655668
0.8780740655642485
0.9148892431194698
0.928638238484479
0.9056179836711334
0.8784029800998555
0.8486966819748136
0.8220852232107622
0.7855499495259191
0.7643037857142085
0.65975317585313
0.6927456935309472
0.7240018133227684
0.7422850038847617
0.7430998908815379
0.7452927675584357
0.7325017359373642
0.7201385188839714
0.6556644822924489
0.5667710446818419
0.43365351485287534
0.2576574791775795
0.019328956387086278
-0.30630634087141095
-0.7241967637040589
-1.1663447589965317
-1.6946307163179695
-2.2033302720037033
-2.666867222291378
-3.01122364634294
-3.1927714885011986
-3.151788969530723
-2.9354197602419734
-2.48954294205729
-1.9264216055070875
-1.368663671584418
-0.8444410663924381
-0.37306548669754885
-0.031288982470393044
0.2478576916995836
0.43254423300327416
0.5777818224598513
0.6482678479120833
0.7075819647960595
0.7360954991025616
0.7499348141201334
0.7427575842548082
0.7250321538422859
0.6982887680553903
0.6929002140801556
0.6710251565948627
0.5882943120980063
0.5923056186632306
0.6204168989814145
0.6292119762457533
0.6190768362146303
0.6045423096253314
0.586135104658535
0.5607017535047938
0.4953061081266748
0.3854100178103048
0.2649906596178524
0.10171118271225427
-0.13236834895831595
-0.4172248206518116
-0.7363018080402184
-1.0970534150332953
-1.4915026802171674
-1.8890903717800678
-2.2221170212555696
-2.4853292072935753
-2.591164693302787
-2.5539081047197745
-2.3901535180844533
-2.0893487239855095
-1.6887650858159655
-1.2617905363346897
-0.8557622930278143
-0.48983976775393473
-0.18525476444259997
0.05697279717535673
0.23603934857323056
0.37599060404859
0.4713044705978785
0.5272105079972893
0.5716576224054261
0.6012238033347678
0.6156822605108789
0.6114880659744819
0.6029921033054497
0.5787137253408636
0.581824801290668
