-0.660296157340311
-0.6792979624560918
-0.697675502385544
-0.7068141067927823
-0.7123666060035377
-0.7062719503902138
-0.6861588040115607
-0.6470465339044656
-0.5892704476110925
-0.49843605492541765
-0.37319566399783916
-0.20761082185238777
0.012280887923291255
0.28654208897726463
0.6157269480105544
0.9883204075238705
1.3888880005305608
1.777976036168802
2.1255786790501485
2.3841278701371156
2.5283122499034825
2.527265808188773
2.38543505458514
2.114129688485351
1.7473596870568004
1.3368368840833835
0.9256639696493746
0.5514727695130455
0.23349141164030113
-0.02973200174920846
-0.22857477150953548
-0.3842914990923164
-0.49617331576981816
-0.5730408987199782
-0.6231112635566924
-0.6557488534989826
-0.6680646505343916
-0.6717873481403361
-0.6656418404402826
-0.6522020818089881
-0.6384684885442026
-0.7482843883931125
-0.775764400366052
-0.8010425628110163
-0.8271395438110685
-0.8398450122402341
-0.8468751028554616
-0.8467580113568632
-0.8157780754665802
-0.7692848650217862
-0.6869641019040059
-0.5683070775012089
-0.3929598840573476
-0.15065748918507885
0.16013196294223495
0.5574320052104531
1.0204450441568353
1.534032710427553
2.049725839044986
2.516083300321305
2.8741482667040024
3.075279809755685
3.0875638494598876
2.893715450914995
2.5232331842680713
2.0192624819921474
1.4672513159231613
0.9346353006851637
0.46769745268448704
0.08526414825263545
-0.20596454455926216
-0.4238815995481146
-0.5786127878207269
-0.6817702857462533
-0.7469305814063102
-0.7833470613205992
-0.8020320505162833
-0.8030376829342113
-0.7946037533299407
-0.7734194642116254
-0.7543347455430667
-0.7243690064454797
-0.8399340383453228
-0.8781350023450799
-0.9203088426526478
-0.9577270105216148
-0.988236262922689
-1.013188211120713
-1.025902914053895
-1.021396004462613
-0.99008409952024
-0.9264221777533038
-0.8143439518359933
-0.6454470026864061
-0.3867650524609808
-0.03063315265888319
0.4398425378229046
1.0277561067423469
1.6979961469651546
2.386569373452061
3.0175420962339476
3.5085580243597487
3.7972383742692846
3.8368223367921295
3.583392929798425
3.0545795458296174
2.3494543211991408
1.5862048527884518
0.8874478517707014
0.30437714897208706
-0.13902189015033523
-0.4574365650190221
-0.6774942272383858
-0.8181163963415272
-0.9082410671534995
-0.95414095882157
-0.9736208644131894
-0.9726574054647698
-0.9556029255477881
-0.9249140414826763
-0.8943501935479468
-0.8611635115898179
-0.8176625239269198
-0.9384384346810339
-0.9934952922334918
-1.046645317082127
-1.1038316397742551
-1.1526645291844362
-1.195825556547475
-1.2336961001388045
-1.2558856138347563
-1.2529848977676188
-1.2158125449321295
-1.1322755251501526
-0.9716967781804682
-0.7158796218256741
-0.3234591639484196
0.23551759180032944
0.9763189926912614
1.8663527216481077
2.807245824530195
3.6684349051493195
4.338164021593665
4.756179974493217
4.852994349878689
4.537531749798074
3.79084024860547
2.750563854199956
1.6724687014370856
0.7397714175569043
0.026440297814131607
-0.4760606563451321
-0.8047605778208966
-1.0096587280546712
-1.1267891703496005
-1.1813596772441255
-1.2016386775340964
-1.19268174198083
-1.1595037166398243
-1.1200837001535608
-1.0750460860425937
-1.0277490280339743
-0.976389082683624
-0.9212524389507942
-1.0439279069148095
-1.1153477609496936
-1.1849582925063213
-1.2615929650824735
-1.3328467906737427
-1.405802015813663
-1.4715135556254346
-1.5273481096151267
-1.566563384529911
-1.5701693651573492
-1.5253798423191725
-1.4021156509669144
-1.1665372135604768
-0.7595649821489274
-0.11583374115603397
0.8278366034920803
2.0400478624714196
3.372396278489781
4.555187639721159
5.42790836604716
6.010781920593416
6.276690090654145
5.957136500975079
4.847147799051087
3.2292219755690095
1.6392455833091342
0.4021818957038047
-0.4439356791410315
-0.9674253415849148
-1.2742086732872386
-1.4357210502602094
-1.502668340287983
-1.514197775753158
-1.4826363737976158
-1.4359760359596816
-1.3779280978680748
-1.3112784079027946
-1.241183953481911
-1.1698947525665562
-1.1009910233603282
-1.03229656341142
-1.156559388708535
-1.2440222789528397
-1.33703397675635
-1.4321391965368715
-1.5332048901066333
-1.6363459365386124
-1.7355154720463224
-1.8368485386612146
-1.9209334057896477
-1.9869680169507808
-2.0078025557510486
-1.953938546330476
-1.780243339965835
-1.4015615435607005
-0.697856350462785
0.476689642938985
2.188704468448481
4.18168939140958
5.853279706450148
6.850461064262515
7.548416682837386
8.215583350724893
8.150461582106661
6.393887860514134
3.658772150053883
1.2874366476256738
-0.2791594940653975
-1.1871612679958852
-1.667725755837684
-1.8837612581801884
-1.9585944106176911
-1.9459967713824227
-1.889854624921441
-1.8097301092385372
-1.7151343582976886
-1.6122792666572405
-1.512010030906304
-1.4191130536781957
-1.320014349422801
-1.2313094091137875
-1.14431004558878
-1.2760625847621831
-1.3787659118789959
-1.4908640977175471
-1.6152388128108595
-1.741059110882644
-1.8790352762175724
-2.028131390436922
-2.1755867662821524
-2.3262062907635106
-2.4645212167265993
-2.581676070721761
-2.640028924008718
-2.5894938010945667
-2.3279640141460285
-1.6693088053274683
-0.30105221550397127
2.139010551511378
5.430849897152974
7.925541829297247
8.619008975198843
8.936735955018756
10.465841207322782
11.725977924017176
8.384292301408832
3.4072800338013516
0.13459585155788045
-1.552417504733964
-2.3145818725821625
-2.599988268670605
-2.6485856750949344
-2.5843816460549007
-2.4666729282945328
-2.316782347869994
-2.167295334194691
-2.0157795699535757
-1.8710436218856286
-1.727046642113661
-1.6017281894722355
-1.4797596743076826
-1.3707897037174346
-1.2695910583755725
-1.3940533070258219
-1.522939949002484
-1.6529367480643318
-1.803119470275729
-1.9671423500097454
-2.1451530668358654
-2.3381852536233034
-2.5479894213238867
-2.771192050416973
-3.0067624905545864
-3.2445647421701707
-3.4563981323795216
-3.608167735198731
-3.605409024566328
-3.2401708162812115
-2.045432084256114
0.9408215137526552
6.73882294784149
11.432121741058452
10.175883377863759
8.731869795075017
10.420239487867555
16.362158921020928
6.876532343548206
0.3610386132084979
-2.564430752443791
-3.6232619202583827
-3.8609358519724286
-3.770402255537625
-3.55110219256214
-3.3006881127233045
-3.039236070000746
-2.7893767439442203
-2.555151233982587
-2.341785311410865
-2.139738401272576
-1.9601912910621577
-1.7932394931265023
-1.6477516868380835
-1.511286700915367
-1.3899952941511926
-1.521824584903389
-1.664779941680313
-1.8226307985376515
-1.9990961432002534
-2.198124371837132
-2.4208704701172685
-2.667805127098433
-2.9477757648452947
-3.25428880613523
-3.590839322544119
-3.9708158898286485
-4.375097052332186
-4.804373757916174
-5.204112254646208
-5.456381051305794
-5.183670508122605
-3.2081457203050596
3.0252552567971454
15.187006723363185
-3.183553602061451
3.8303275892180486
2.775908041635631
0.950349846369784
-0.4527530239508676
-5.762396862749544
-6.705004308755193
-6.298971952930232
-5.684175949519212
-5.084365052837817
-4.544470711280764
-4.0702364047184
-3.654066906118257
-3.283648222121508
-2.9674761230146345
-2.6772912386854704
-2.426219514933302
-2.19782978443931
-1.9967376956697749
-1.8171679725163317
-1.6606482008183556
-1.514834274280866
-1.644887747773202
-1.8069019542191227
-1.9906784061904395
-2.1988155080454908
-2.429855219277098
-2.699030692305587
-3.0014594517004474
-3.3500069454265953
-3.7479290386053776
-4.201782883333173
-4.727411114257191
-5.351049094074166
-6.08878793681142
-6.980880749905228
-8.082040448273528
-9.432834819373824
-10.673081106745702
-8.466303491567432
-7.96000207787014
-6.9560214411800745
-10.09172223318458
-12.691584107078745
-20.280891029693827
-12.433979643457485
-16.129751275308127
-11.743718055512224
-9.141602343993966
-7.5683088374031815
-6.4320770682864215
-5.559357670873605
-4.8573984530087255
-4.284732461697628
-3.79631443996997
-3.3799496286505506
-3.0190714752147985
-2.7107867105854355
-2.435996731456295
-2.2003070462289114
-1.9884373750141944
-1.8036684635367843
-1.6405874968990009
-1.7611148603253468
-1.9468882054196766
-2.158231521001853
-2.3945554056055185
-2.669451163827898
-2.9782489435067765
-3.3353910637315844
-3.7515983081544664
-4.233366674530985
-4.803658398966706
-5.480523386731075
-6.303109805855929
-7.334156330719833
-8.677148575911755
-10.568352468949593
-13.65247606740904
-19.937629154357623
-27.26769181965067
-29.91146077561914
-26.923109096164758
-24.028630123940648
-28.20765774125809
-33.808981600813844
-32.555910351753504
-22.34736120197082
-15.294609213860506
-11.487428579481127
-9.228079703801527
-7.68624296923515
-6.5296666987138225
-5.629918790022965
-4.899681758155282
-4.295525086425535
-3.792566343654063
-3.3604145957369944
-2.993068431150313
-2.6780648979248283
-2.4012140643048157
-2.154150256996984
-1.9470637780059437
-1.7598585154414617
-1.879720582376319
-2.0867063618588584
-2.3200974787775253
-2.586299881081289
-2.897958408952403
-3.2503605485274223
-3.6610161512136585
-4.143701453258409
-4.70249988940975
-5.376004640493849
-6.189152522135898
-7.178065169100115
-8.43702464184388
-10.092901297243218
-12.41032346500092
-16.04888201431869
-22.379099171746358
-31.126639430671645
-34.7733765242376
-31.524829568738507
-29.359019227315184
-29.830930621655764
-30.180040054151032
-27.151439233331537
-21.53954888743902
-16.484241866179037
-12.950634926113684
-10.51555180090251
-8.751248580458935
-7.39689112002864
-6.339778048842803
-5.482686446175665
-4.773963594466191
-4.186793978874313
-3.690434266040433
-3.2698528089600467
-2.904790859558825
-2.593150129834637
-2.323187713793976
-2.0858598325343816
-1.8785962646592076
-1.9955286967546217
-2.212799126563622
-2.4746906378300384
-2.7693015621798276
-3.1117415446333965
-3.5070823963315547
-3.965798792235305
-4.506736912069051
-5.14280023971554
-5.901693309925131
-6.816819045621982
-7.941614522047044
-9.341203531816747
-11.1296448866669
-13.510065928723494
-16.7974905285885
-21.262690836560257
-26.156748548778857
-29.07471187710169
-29.266038674047422
-28.646418088331636
-28.02453820323953
-26.774553555757297
-24.10493720016605
-20.421300924607472
-16.801847260915675
-13.788378284396366
-11.430264080191563
-9.585057786216646
-8.130186493102414
-6.958392393558988
-6.000989564291555
-5.215447064033839
-4.555927758461952
-3.998743287340598
-3.525346600673403
-3.122241102329759
-2.7771135598925425
-2.4790411573416504
-2.2195834120150684
-1.991500421964896
-2.0977669712642353
-2.3395718099169422
-2.6181614649820255
-2.9397550304291586
-3.31100835835809
-3.743710255156498
-4.248506062186291
-4.841300586176942
-5.541050250022293
-6.371781371517707
-7.362438536207344
-8.55689153040882
-10.023007481510177
-11.823556592302491
-14.06463132530961
-16.824162806058386
-20.02802530681387
-23.1712020645462
-25.40267269619527
-26.377820783937963
-26.4489489701297
-25.835902976409347
-24.493906985215357
-22.347833098831458
-19.636485667597096
-16.821971542465313
-14.249303290460338
-12.05003071641519
-10.221792147930751
-8.722697200706843
-7.48321697384326
-6.4587853995054525
-5.600752148632931
-4.883076368852873
-4.279498594530736
-3.7643609001694167
-3.328142340341393
-2.9492620630322013
-2.6222358765858242
-2.3389573918683175
-2.098483186213613
-2.1919735789959907
-2.4487862822022035
-2.7477052560026287
-3.0881030862230694
-3.4940291283707072
-3.9573671591383115
-4.497361477740037
-5.136622934100879
-5.881352010510606
-6.762219768051871
-7.809367202560156
-9.041405749465026
-10.51366638247697
-12.256017593157353
-14.294201154437944
-16.615814398337818
-19.07709149282405
-21.382864127011988
-23.152443932250446
-24.17756012704306
-24.441059549915263
-23.994287762410792
-22.87387709831217
-21.1457573625775
-18.99725475619547
-16.696972680516385
-14.463643064615258
-12.442082086382312
-10.684295613460995
-9.181984033369787
-7.914028787926589
-6.839507003142415
-5.9404990332712035
-5.174935094777435
-4.526715669048493
-3.97945838565325
-3.5040141722540126
-3.1007934993864725
-2.754973556670342
-2.4504334502666434
-2.1930465412381897
-2.2729075063979454
-2.5482725758785008
-2.86495982157142
-3.229215660041419
-3.6519096504562114
-4.1421304875450105
-4.716937724250125
-5.388703796677879
-6.164992611725636
-7.085825848652117
-8.157520760552828
-9.410483772680998
-10.85155217013078
-12.512469701013993
-14.368794803656899
-16.364229018592347
-18.384688847468592
-20.23704517552923
-21.69673042922338
-22.605406979911972
-22.9039872810923
-22.577706544118982
-21.660746375327545
-20.245885250471638
-18.46173843609773
-16.504017358609545
-14.533796304927378
-12.677546685567489
-10.999981770511427
-9.527720903991163
-8.25085588371362
-7.153312388373088
-6.218391854522928
-5.421375817527611
-4.742058305837596
-4.161800969271364
-3.661661163221001
-3.234035045590004
-2.86895660143315
-2.5476732375708235
-2.2748190516791107
-2.3402660223903218
-2.626852180365583
-2.9570528361825734
-3.3389661507575306
-3.783515343316549
-4.297838852124811
-4.895981429499769
-5.5911403453891335
-6.40348432675278
-7.340558194848101
-8.427576496050564
-9.67005883133222
-11.086067204396484
-12.660718972044766
-14.370655041209893
-16.14858886512701
-17.88927003676487
-19.452041704523843
-20.701886742769197
-21.494671647586205
-21.777041803171308
-21.52332805449834
-20.74982616653499
-19.55016972161522
-18.01788122293862
-16.29769658614463
-14.524845013566134
-12.803516899484013
-11.21203972067371
-9.769758180421581
-8.507783621609283
-7.400144590132909
-6.442516142889714
-5.622589124411398
-4.916099210951994
-4.313859875772221
-3.790549477739243
-3.3491636158856486
-2.960586157501417
-2.631745938388915
-2.3486571560899137
-2.397746956376663
-2.6904090286880975
-3.0367595909142677
-3.4269891439413294
-3.8880084290774017
-4.417888502883798
-5.0336719338533555
-5.750429673740723
-6.576419773469382
-7.530739506845499
-8.623588881977753
-9.862127096275955
-11.24353512134897
-12.752797522960003
-14.351832327087036
-15.973581368605473
-17.534914922233572
-18.91995320171775
-20.011502996794178
-20.71887119299821
-20.974083005003898
-20.755407417966293
-20.0848462928073
-19.02118369382167
-17.65473566174174
-16.107864094679698
-14.477449370767811
-12.862020784214153
-11.338079991140564
-9.93669248852346
-8.6829243806328
-7.572839126098934
-6.608318465084965
-5.774185431866126
-5.053357240216477
-4.430647961705208
-3.8950081553312788
-3.43336331959761
-3.039599792183867
-2.69774995558446
-2.397832390574002
-2.4356352158996466
-2.7419335761454096
-3.0901734696810013
-3.494312149057581
-3.9653512712766577
-4.508318292094635
-5.133246105135717
-5.8621612788878545
-6.70312256825791
-7.668231330601552
-8.761565384732812
-9.990219441842639
-11.346231858761293
-12.807618705217436
-14.33041787670405
-15.858603126156009
-17.30412081461436
-18.57003329432983
-19.566200541179377
-20.207363398959856
-20.43711285468383
-20.23517246959929
-19.62046552660074
-18.65011689558883
-17.388393862924843
-15.94748328493701
-14.415508144243777
-12.883548999584338
-11.41070636675502
-10.040048542986774
-8.797634629958326
-7.697465100619926
-6.726524292510004
-5.877785988408211
-5.147177723086436
-4.516630516411432
-3.9691418326576633
-3.498646630370559
-3.0911394664575376
-2.742593317657945
-2.4400047539500034
-2.4636865505644447
-2.7724728982731963
-3.1232327657335532
-3.5349553317558517
-4.009644726396343
-4.560295389882993
-5.196918041909882
-5.934523846872943
-6.782133966579353
-7.748749415230974
-8.846409986011949
-10.069144974396204
-11.410971957881525
-12.841898457361639
-14.326949147423528
-15.79415295790416
-17.175500335988563
-18.38001004608439
-19.320675357430083
-19.914423373993653
-20.125151232955286
-19.932758784947712
-19.34819547987547
-18.418445437791
-17.220550838304234
-15.839551118622435
-14.36347642667045
-12.876355995070725
-11.441214862893597
-10.093079245249077
-8.86596824458459
-7.765896527322219
-6.792866500999363
-5.942877007588839
-5.201920544614419
-4.563983720299781
-4.0150607828570894
-3.5341466029757678
-3.1262319264841887
-2.772313769857496
-2.4623953293229555
-2.4729497732949897
-2.779938099918348
-3.135923462938393
-3.545904026078565
-4.024879680113656
-4.576847584924761
-5.218806585443733
-5.955754755851418
-6.8106879722484965
-7.780605097789639
-8.880502418404834
-10.098380551249297
-11.439236630872518
-12.863076481991682
-14.336903776093456
-15.785727175664205
-17.148556842103122
-18.33139758729627
-19.24727445246267
-19.825192701358382
-20.02216586149033
-19.826192810828715
-19.2442764867299
-18.3294009038487
-17.14855483297153
-15.787728597471778
-14.333907419727975
-12.865079076257878
-11.4402385653814
-10.102381838007293
-8.875504543074534
-7.7816062039575105
-6.807689745541627
-5.961755104075294
-5.2218072876390815
-4.578848162056279
-4.0228800360932455
-3.5439044802304585
-3.1329236996809833
-2.7819382958288386
-2.470950180880285
-2.4636865505644447
-2.7724728982731963
-3.1232327657335532
-3.5349553317558517
-4.009644726396343
-4.560295389882993
-5.196918041909882
-5.934523846872943
-6.782133966579353
-7.748749415230974
-8.846409986011949
-10.069144974396204
-11.410971957881525
-12.841898457361639
-14.326949147423528
-15.79415295790416
-17.175500335988563
-18.38001004608439
-19.320675357430083
-19.914423373993653
-20.125151232955286
-19.932758784947712
-19.34819547987547
-18.418445437791
-17.220550838304234
-15.839551118622435
-14.36347642667045
-12.876355995070725
-11.441214862893597
-10.093079245249077
-8.86596824458459
-7.765896527322219
-6.792866500999363
-5.942877007588839
-5.201920544614419
-4.563983720299781
-4.0150607828570894
-3.5341466029757678
-3.1262319264841887
-2.772313769857496
-2.4623953293229555
-2.4356352158996466
-2.7419335761454096
-3.0901734696810013
-3.494312149057581
-3.9653512712766577
-4.508318292094635
-5.133246105135717
-5.8621612788878545
-6.70312256825791
-7.668231330601552
-8.761565384732812
-9.990219441842639
-11.346231858761293
-12.807618705217436
-14.33041787670405
-15.858603126156009
-17.30412081461436
-18.57003329432983
-19.566200541179377
-20.207363398959856
-20.43711285468383
-20.23517246959929
-19.62046552660074
-18.65011689558883
-17.388393862924843
-15.94748328493701
-14.415508144243777
-12.883548999584338
-11.41070636675502
-10.040048542986774
-8.797634629958326
-7.697465100619926
-6.726524292510004
-5.877785988408211
-5.147177723086436
-4.516630516411432
-3.9691418326576633
-3.498646630370559
-3.0911394664575376
-2.742593317657945
-2.4400047539500034
-2.397746956376663
-2.6904090286880975
-3.0367595909142677
-3.4269891439413294
-3.8880084290774017
-4.417888502883798
-5.0336719338533555
-5.750429673740723
-6.576419773469382
-7.530739506845499
-8.623588881977753
-9.862127096275955
-11.24353512134897
-12.752797522960003
-14.351832327087036
-15.973581368605473
-17.534914922233572
-18.91995320171775
-20.011502996794178
-20.71887119299821
-20.974083005003898
-20.755407417966293
-20.0848462928073
-19.02118369382167
-17.65473566174174
-16.107864094679698
-14.477449370767811
-12.862020784214153
-11.338079991140564
-9.93669248852346
-8.6829243806328
-7.572839126098934
-6.608318465084965
-5.774185431866126
-5.053357240216477
-4.430647961705208
-3.8950081553312788
-3.43336331959761
-3.039599792183867
-2.69774995558446
-2.397832390574002
-2.3402660223903218
-2.626852180365583
-2.9570528361825734
-3.3389661507575306
-3.783515343316549
-4.297838852124811
-4.895981429499769
-5.5911403453891335
-6.40348432675278
-7.340558194848101
-8.427576496050564
-9.67005883133222
-11.086067204396484
-12.660718972044766
-14.370655041209893
-16.14858886512701
-17.88927003676487
-19.452041704523843
-20.701886742769197
-21.494671647586205
-21.777041803171308
-21.52332805449834
-20.74982616653499
-19.55016972161522
-18.01788122293862
-16.29769658614463
-14.524845013566134
-12.803516899484013
-11.21203972067371
-9.769758180421581
-8.507783621609283
-7.400144590132909
-6.442516142889714
-5.622589124411398
-4.916099210951994
-4.313859875772221
-3.790549477739243
-3.3491636158856486
-2.960586157501417
-2.631745938388915
-2.3486571560899137
-2.2729075063979454
-2.5482725758785008
-2.86495982157142
-3.229215660041419
-3.6519096504562114
-4.1421304875450105
-4.716937724250125
-5.388703796677879
-6.164992611725636
-7.085825848652117
-8.157520760552828
-9.410483772680998
-10.85155217013078
-12.512469701013993
-14.368794803656899
-16.364229018592347
-18.384688847468592
-20.23704517552923
-21.69673042922338
-22.605406979911972
-22.9039872810923
-22.577706544118982
-21.660746375327545
-20.245885250471638
-18.46173843609773
-16.504017358609545
-14.533796304927378
-12.677546685567489
-10.999981770511427
-9.527720903991163
-8.25085588371362
-7.153312388373088
-6.218391854522928
-5.421375817527611
-4.742058305837596
-4.161800969271364
-3.661661163221001
-3.234035045590004
-2.86895660143315
-2.5476732375708235
-2.2748190516791107
-2.1919735789959907
-2.4487862822022035
-2.7477052560026287
-3.0881030862230694
-3.4940291283707072
-3.9573671591383115
-4.497361477740037
-5.136622934100879
-5.881352010510606
-6.762219768051871
-7.809367202560156
-9.041405749465026
-10.51366638247697
-12.256017593157353
-14.294201154437944
-16.615814398337818
-19.07709149282405
-21.382864127011988
-23.152443932250446
-24.17756012704306
-24.441059549915263
-23.994287762410792
-22.87387709831217
-21.1457573625775
-18.99725475619547
-16.696972680516385
-14.463643064615258
-12.442082086382312
-10.684295613460995
-9.181984033369787
-7.914028787926589
-6.839507003142415
-5.9404990332712035
-5.174935094777435
-4.526715669048493
-3.97945838565325
-3.5040141722540126
-3.1007934993864725
-2.754973556670342
-2.4504334502666434
-2.1930465412381897
-2.0977669712642353
-2.3395718099169422
-2.6181614649820255
-2.9397550304291586
-3.31100835835809
-3.743710255156498
-4.248506062186291
-4.841300586176942
-5.541050250022293
-6.371781371517707
-7.362438536207344
-8.55689153040882
-10.023007481510177
-11.823556592302491
-14.06463132530961
-16.824162806058386
-20.02802530681387
-23.1712020645462
-25.40267269619527
-26.377820783937963
-26.4489489701297
-25.835902976409347
-24.493906985215357
-22.347833098831458
-19.636485667597096
-16.821971542465313
-14.249303290460338
-12.05003071641519
-10.221792147930751
-8.722697200706843
-7.48321697384326
-6.4587853995054525
-5.600752148632931
-4.883076368852873
-4.279498594530736
-3.7643609001694167
-3.328142340341393
-2.9492620630322013
-2.6222358765858242
-2.3389573918683175
-2.098483186213613
-1.9955286967546217
-2.212799126563622
-2.4746906378300384
-2.7693015621798276
-3.1117415446333965
-3.5070823963315547
-3.965798792235305
-4.506736912069051
-5.14280023971554
-5.901693309925131
-6.816819045621982
-7.941614522047044
-9.341203531816747
-11.1296448866669
-13.510065928723494
-16.7974905285885
-21.262690836560257
-26.156748548778857
-29.07471187710169
-29.266038674047422
-28.646418088331636
-28.02453820323953
-26.774553555757297
-24.10493720016605
-20.421300924607472
-16.801847260915675
-13.788378284396366
-11.430264080191563
-9.585057786216646
-8.130186493102414
-6.958392393558988
-6.000989564291555
-5.215447064033839
-4.555927758461952
-3.998743287340598
-3.525346600673403
-3.122241102329759
-2.7771135598925425
-2.4790411573416504
-2.2195834120150684
-1.991500421964896
-1.879720582376319
-2.0867063618588584
-2.3200974787775253
-2.586299881081289
-2.897958408952403
-3.2503605485274223
-3.6610161512136585
-4.143701453258409
-4.70249988940975
-5.376004640493849
-6.189152522135898
-7.178065169100115
-8.43702464184388
-10.092901297243218
-12.41032346500092
-16.04888201431869
-22.379099171746358
-31.126639430671645
-34.7733765242376
-31.524829568738507
-29.359019227315184
-29.830930621655764
-30.180040054151032
-27.151439233331537
-21.53954888743902
-16.484241866179037
-12.950634926113684
-10.51555180090251
-8.751248580458935
-7.39689112002864
-6.339778048842803
-5.482686446175665
-4.773963594466191
-4.186793978874313
-3.690434266040433
-3.2698528089600467
-2.904790859558825
-2.593150129834637
-2.323187713793976
-2.0858598325343816
-1.8785962646592076
-1.7611148603253468
-1.9468882054196766
-2.158231521001853
-2.3945554056055185
-2.669451163827898
-2.9782489435067765
-3.3353910637315844
-3.7515983081544664
-4.233366674530985
-4.803658398966706
-5.480523386731075
-6.303109805855929
-7.334156330719833
-8.677148575911755
-10.568352468949593
-13.65247606740904
-19.937629154357623
-27.26769181965067
-29.91146077561914
-26.923109096164758
-24.028630123940648
-28.20765774125809
-33.808981600813844
-32.555910351753504
-22.34736120197082
-15.294609213860506
-11.487428579481127
-9.228079703801527
-7.68624296923515
-6.5296666987138225
-5.629918790022965
-4.899681758155282
-4.295525086425535
-3.792566343654063
-3.3604145957369944
-2.993068431150313
-2.6780648979248283
-2.4012140643048157
-2.154150256996984
-1.9470637780059437
-1.7598585154414617
-1.644887747773202
-1.8069019542191227
-1.9906784061904395
-2.1988155080454908
-2.429855219277098
-2.699030692305587
-3.0014594517004474
-3.3500069454265953
-3.7479290386053776
-4.201782883333173
-4.727411114257191
-5.351049094074166
-6.08878793681142
-6.980880749905228
-8.082040448273528
-9.432834819373824
-10.673081106745702
-8.466303491567432
-7.96000207787014
-6.9560214411800745
-10.09172223318458
-12.691584107078745
-20.280891029693827
-12.433979643457485
-16.129751275308127
-11.743718055512224
-9.141602343993966
-7.5683088374031815
-6.4320770682864215
-5.559357670873605
-4.8573984530087255
-4.284732461697628
-3.79631443996997
-3.3799496286505506
-3.0190714752147985
-2.7107867105854355
-2.435996731456295
-2.2003070462289114
-1.9884373750141944
-1.8036684635367843
-1.6405874968990009
-1.521824584903389
-1.664779941680313
-1.8226307985376515
-1.9990961432002534
-2.198124371837132
-2.4208704701172685
-2.667805127098433
-2.9477757648452947
-3.25428880613523
-3.590839322544119
-3.9708158898286485
-4.375097052332186
-4.804373757916174
-5.204112254646208
-5.456381051305794
-5.183670508122605
-3.2081457203050596
3.0252552567971454
15.187006723363185
-3.183553602061451
3.8303275892180486
2.775908041635631
0.950349846369784
-0.4527530239508676
-5.762396862749544
-6.705004308755193
-6.298971952930232
-5.684175949519212
-5.084365052837817
-4.544470711280764
-4.0702364047184
-3.654066906118257
-3.283648222121508
-2.9674761230146345
-2.6772912386854704
-2.426219514933302
-2.19782978443931
-1.9967376956697749
-1.8171679725163317
-1.6606482008183556
-1.514834274280866
-1.3940533070258219
-1.522939949002484
-1.6529367480643318
-1.803119470275729
-1.9671423500097454
-2.1451530668358654
-2.3381852536233034
-2.5479894213238867
-2.771192050416973
-3.0067624905545864
-3.2445647421701707
-3.4563981323795216
-3.608167735198731
-3.605409024566328
-3.2401708162812115
-2.045432084256114
0.9408215137526552
6.73882294784149
11.432121741058452
10.175883377863759
8.731869795075017
10.420239487867555
16.362158921020928
6.876532343548206
0.3610386132084979
-2.564430752443791
-3.6232619202583827
-3.8609358519724286
-3.770402255537625
-3.55110219256214
-3.3006881127233045
-3.039236070000746
-2.7893767439442203
-2.555151233982587
-2.341785311410865
-2.139738401272576
-1.9601912910621577
-1.7932394931265023
-1.6477516868380835
-1.511286700915367
-1.3899952941511926
-1.2760625847621831
-1.3787659118789959
-1.4908640977175471
-1.6152388128108595
-1.741059110882644
-1.8790352762175724
-2.028131390436922
-2.1755867662821524
-2.3262062907635106
-2.4645212167265993
-2.581676070721761
-2.640028924008718
-2.5894938010945667
-2.3279640141460285
-1.6693088053274683
-0.30105221550397127
2.139010551511378
5.430849897152974
7.925541829297247
8.619008975198843
8.936735955018756
10.465841207322782
11.725977924017176
8.384292301408832
3.4072800338013516
0.13459585155788045
-1.552417504733964
-2.3145818725821625
-2.599988268670605
-2.6485856750949344
-2.5843816460549007
-2.4666729282945328
-2.316782347869994
-2.167295334194691
-2.0157795699535757
-1.8710436218856286
-1.727046642113661
-1.6017281894722355
-1.4797596743076826
-1.3707897037174346
-1.2695910583755725
-1.156559388708535
-1.2440222789528397
-1.33703397675635
-1.4321391965368715
-1.5332048901066333
-1.6363459365386124
-1.7355154720463224
-1.8368485386612146
-1.9209334057896477
-1.9869680169507808
-2.0078025557510486
-1.953938546330476
-1.780243339965835
-1.4015615435607005
-0.697856350462785
0.476689642938985
2.188704468448481
4.18168939140958
5.853279706450148
6.850461064262515
7.548416682837386
8.215583350724893
8.150461582106661
6.393887860514134
3.658772150053883
1.2874366476256738
-0.2791594940653975
-1.1871612679958852
-1.667725755837684
-1.8837612581801884
-1.9585944106176911
-1.9459967713824227
-1.889854624921441
-1.8097301092385372
-1.7151343582976886
-1.6122792666572405
-1.512010030906304
-1.4191130536781957
-1.320014349422801
-1.2313094091137875
-1.14431004558878
-1.0439279069148095
-1.1153477609496936
-1.1849582925063213
-1.2615929650824735
-1.3328467906737427
-1.405802015813663
-1.4715135556254346
-1.5273481096151267
-1.566563384529911
-1.5701693651573492
-1.5253798423191725
-1.4021156509669144
-1.1665372135604768
-0.7595649821489274
-0.11583374115603397
0.8278366034920803
2.0400478624714196
3.372396278489781
4.555187639721159
5.42790836604716
6.010781920593416
6.276690090654145
5.957136500975079
4.847147799051087
3.2292219755690095
1.6392455833091342
0.4021818957038047
-0.4439356791410315
-0.9674253415849148
-1.2742086732872386
-1.4357210502602094
-1.502668340287983
-1.514197775753158
-1.4826363737976158
-1.4359760359596816
-1.3779280978680748
-1.3112784079027946
-1.241183953481911
-1.1698947525665562
-1.1009910233603282
-1.03229656341142
-0.9384384346810339
-0.9934952922334918
-1.046645317082127
-1.1038316397742551
-1.1526645291844362
-1.195825556547475
-1.2336961001388045
-1.2558856138347563
-1.2529848977676188
-1.2158125449321295
-1.1322755251501526
-0.9716967781804682
-0.7158796218256741
-0.3234591639484196
0.23551759180032944
0.9763189926912614
1.8663527216481077
2.807245824530195
3.6684349051493195
4.338164021593665
4.756179974493217
4.852994349878689
4.537531749798074
3.79084024860547
2.750563854199956
1.6724687014370856
0.7397714175569043
0.026440297814131607
-0.4760606563451321
-0.8047605778208966
-1.0096587280546712
-1.1267891703496005
-1.1813596772441255
-1.2016386775340964
-1.19268174198083
-1.1595037166398243
-1.1200837001535608
-1.0750460860425937
-1.0277490280339743
-0.976389082683624
-0.9212524389507942
-0.8399340383453228
-0.8781350023450799
-0.9203088426526478
-0.9577270105216148
-0.988236262922689
-1.013188211120713
-1.025902914053895
-1.021396004462613
-0.99008409952024
-0.9264221777533038
-0.8143439518359933
-0.6454470026864061
-0.3867650524609808
-0.03063315265888319
0.4398425378229046
1.0277561067423469
1.6979961469651546
2.386569373452061
3.0175420962339476
3.5085580243597487
3.7972383742692846
3.8368223367921295
3.583392929798425
3.0545795458296174
2.3494543211991408
1.5862048527884518
0.8874478517707014
0.30437714897208706
-0.13902189015033523
-0.4574365650190221
-0.6774942272383858
-0.8181163963415272
-0.9082410671534995
-0.95414095882157
-0.9736208644131894
-0.9726574054647698
-0.9556029255477881
-0.9249140414826763
-0.8943501935479468
-0.8611635115898179
-0.8176625239269198
-0.7482843883931125
-0.775764400366052
-0.8010425628110163
-0.8271395438110685
-0.8398450122402341
-0.8468751028554616
-0.8467580113568632
-0.8157780754665802
-0.7692848650217862
-0.6869641019040059
-0.5683070775012089
-0.3929598840573476
-0.15065748918507885
0.16013196294223495
0.5574320052104531
1.0204450441568353
1.534032710427553
2.049725839044986
2.516083300321305
2.8741482667040024
3.075279809755685
3.0875638494598876
2.893715450914995
2.5232331842680713
2.0192624819921474
1.4672513159231613
0.9346353006851637
0.46769745268448704
0.08526414825263545
-0.20596454455926216
-0.4238815995481146
-0.5786127878207269
-0.6817702857462533
-0.7469305814063102
-0.7833470613205992
-0.8020320505162833
-0.8030376829342113
-0.7946037533299407
-0.7734194642116254
-0.7543347455430667
-0.7243690064454797
-0.660296157340311
-0.6792979624560918
-0.697675502385544
-0.7068141067927823
-0.7123666060035377
-0.7062719503902138
-0.6861588040115607
-0.6470465339044656
-0.5892704476110925
-0.49843605492541765
-0.37319566399783916
-0.20761082185238777
0.012280887923291255
0.28654208897726463
0.6157269480105544
0.9883204075238705
1.3888880005305608
1.777976036168802
2.1255786790501485
2.3841278701371156
2.5283122499034825
2.527265808188773
2.38543505458514
2.114129688485351
1.7473596870568004
1.3368368840833835
0.9256639696493746
0.5514727695130455
0.23349141164030113
-0.02973200174920846
-0.22857477150953548
-0.3842914990923164
-0.49617331576981816
-0.5730408987199782
-0.6231112635566924
-0.6557488534989826
-0.6680646505343916
-0.6717873481403361
-0.6656418404402826
-0.6522020818089881
-0.6384684885442026
