-0.006
-0.006
-0.008
-0.010000000000000002
-0.010000000000000002
-0.014000000000000005
-0.014000000000000005
-0.016000000000000004
-0.018000000000000002
-0.018000000000000002
-0.023
-0.024
-0.030000000000000002
-0.033999999999999996
-0.038
-0.04
-0.044
-0.046
-0.048
-0.049999999999999996
-0.054
-0.051
-0.052
-0.048
-0.046
-0.04200000000000001
-0.04000000000000001
-0.036000000000000004
-0.034
-0.030000000000000006
-0.02600000000000001
-0.024000000000000007
-0.018000000000000002
-0.016000000000000004
-0.016000000000000004
-0.012000000000000004
-0.012000000000000004
-0.009000000000000001
-0.008
-0.008
-0.006
-0.006
-0.006
-0.010000000000000002
-0.010000000000000002
-0.013000000000000005
-0.014000000000000005
-0.016000000000000004
-0.016000000000000004
-0.018000000000000002
-0.024
-0.026000000000000002
-0.030000000000000002
-0.033999999999999996
-0.039
-0.044000000000000004
-0.048
-0.056
-0.061
-0.062
-0.066
-0.066
-0.068
-0.066
-0.064
-0.058
-0.051000000000000004
-0.046000000000000006
-0.04200000000000001
-0.038000000000000006
-0.034
-0.030000000000000006
-0.02600000000000001
-0.022000000000000006
-0.016000000000000004
-0.016000000000000004
-0.014000000000000005
-0.012000000000000004
-0.012000000000000004
-0.008
-0.008
-0.006
-0.006
-0.009000000000000001
-0.010000000000000002
-0.012000000000000004
-0.014000000000000005
-0.016000000000000004
-0.016000000000000004
-0.018000000000000002
-0.023
-0.025
-0.030000000000000002
-0.032
-0.039
-0.044000000000000004
-0.051000000000000004
-0.06
-0.06899999999999999
-0.074
-0.078
-0.08
-0.082
-0.08200000000000002
-0.08200000000000002
-0.08000000000000002
-0.07300000000000001
-0.069
-0.059
-0.04900000000000001
-0.04400000000000001
-0.038000000000000006
-0.034
-0.030000000000000006
-0.02600000000000001
-0.020000000000000004
-0.016000000000000004
-0.016000000000000004
-0.013000000000000005
-0.012000000000000004
-0.010000000000000002
-0.008
-0.008
-0.006
-0.010000000000000002
-0.010000000000000002
-0.014000000000000005
-0.014000000000000005
-0.016000000000000004
-0.016000000000000004
-0.022
-0.024
-0.029
-0.032
-0.04
-0.043000000000000003
-0.054
-0.066
-0.074
-0.083
-0.09000000000000001
-0.099
-0.106
-0.108
-0.111
-0.10999999999999999
-0.10600000000000001
-0.09800000000000002
-0.08800000000000002
-0.07700000000000001
-0.064
-0.05100000000000002
-0.04400000000000001
-0.036000000000000004
-0.031000000000000007
-0.02600000000000001
-0.024000000000000007
-0.018000000000000006
-0.016000000000000004
-0.014000000000000005
-0.012000000000000004
-0.012000000000000004
-0.008
-0.008
-0.007
-0.010000000000000002
-0.012000000000000004
-0.014000000000000005
-0.014000000000000005
-0.016000000000000004
-0.019000000000000003
-0.022
-0.026000000000000002
-0.032
-0.034
-0.042
-0.052000000000000005
-0.064
-0.079
-0.094
-0.109
-0.122
-0.128
-0.132
-0.138
-0.14600000000000002
-0.15000000000000002
-0.15200000000000005
-0.138
-0.116
-0.09600000000000003
-0.07800000000000001
-0.063
-0.048000000000000015
-0.04200000000000001
-0.034
-0.030000000000000006
-0.02600000000000001
-0.022000000000000006
-0.018000000000000006
-0.014000000000000005
-0.014000000000000005
-0.012000000000000004
-0.009000000000000001
-0.008
-0.010000000000000002
-0.010000000000000002
-0.013000000000000005
-0.014000000000000005
-0.016000000000000004
-0.016000000000000004
-0.020000000000000004
-0.023
-0.028000000000000004
-0.032
-0.04
-0.049
-0.064
-0.078
-0.09899999999999999
-0.125
-0.146
-0.163
-0.16599999999999998
-0.164
-0.16799999999999998
-0.19
-0.21000000000000002
-0.21900000000000003
-0.195
-0.15900000000000003
-0.12100000000000001
-0.09200000000000003
-0.07300000000000001
-0.058
-0.047000000000000014
-0.038000000000000006
-0.030000000000000006
-0.02600000000000001
-0.022000000000000006
-0.020000000000000007
-0.017000000000000005
-0.014000000000000005
-0.012000000000000004
-0.012000000000000004
-0.008
-0.010000000000000002
-0.012000000000000004
-0.014000000000000005
-0.014000000000000005
-0.016000000000000004
-0.01800000000000001
-0.022
-0.024
-0.029
-0.034
-0.044000000000000004
-0.05500000000000001
-0.07
-0.093
-0.124
-0.16899999999999998
-0.21400000000000002
-0.24
-0.22100000000000003
-0.181
-0.16600000000000004
-0.225
-0.30900000000000005
-0.3420000000000001
-0.29600000000000004
-0.21800000000000003
-0.15400000000000003
-0.11000000000000001
-0.08300000000000002
-0.066
-0.05000000000000002
-0.03900000000000001
-0.035
-0.028000000000000004
-0.024000000000000007
-0.020000000000000007
-0.019000000000000006
-0.014000000000000005
-0.014000000000000005
-0.012000000000000004
-0.008
-0.010000000000000002
-0.012000000000000004
-0.014000000000000005
-0.014000000000000005
-0.016000000000000004
-0.01800000000000001
-0.022
-0.025
-0.032
-0.034
-0.046
-0.061
-0.08
-0.10800000000000001
-0.158
-0.23199999999999998
-0.324
-0.367
-0.28200000000000003
-0.11699999999999999
-0.027999999999999997
-0.178
-0.30500000000000005
-0.44100000000000006
-0.44900000000000007
-0.29800000000000004
-0.18900000000000003
-0.127
-0.08900000000000002
-0.068
-0.052000000000000005
-0.04100000000000001
-0.03600000000000001
-0.03200000000000001
-0.02500000000000001
-0.020000000000000007
-0.020000000000000007
-0.015000000000000006
-0.014000000000000005
-0.012000000000000004
-0.009000000000000001
-0.010000000000000002
-0.012000000000000004
-0.014000000000000005
-0.014000000000000005
-0.01800000000000001
-0.01800000000000001
-0.022
-0.027000000000000003
-0.032
-0.038000000000000006
-0.05
-0.063
-0.08399999999999999
-0.11699999999999999
-0.184
-0.307
-0.47000000000000003
-0.375
-0.08700000000000001
-0.242
-0.232
-0.30199999999999994
1.439
0.17900000000000002
-0.521
-0.341
-0.20000000000000004
-0.127
-0.08900000000000002
-0.068
-0.054000000000000006
-0.04500000000000002
-0.03600000000000001
-0.031000000000000007
-0.02600000000000001
-0.02100000000000001
-0.020000000000000007
-0.016000000000000007
-0.014000000000000005
-0.012000000000000004
-0.010000000000000002
-0.011000000000000003
-0.012000000000000004
-0.014000000000000005
-0.014000000000000005
-0.01800000000000001
-0.01800000000000001
-0.022
-0.023
-0.033
-0.03900000000000001
-0.048
-0.062
-0.08199999999999999
-0.11599999999999999
-0.188
-0.32799999999999996
-0.496
0.541
2.049
-0.442
-0.425
-0.4649999999999999
2.045
1.7850000000000001
-0.143
-0.263
-0.17200000000000004
-0.113
-0.08100000000000002
-0.062
-0.052000000000000005
-0.04400000000000002
-0.03700000000000001
-0.030000000000000006
-0.026000000000000016
-0.022000000000000013
-0.01800000000000001
-0.017000000000000008
-0.014000000000000005
-0.013000000000000005
-0.010000000000000002
-0.012000000000000004
-0.012000000000000004
-0.014000000000000005
-0.014000000000000005
-0.016000000000000007
-0.01800000000000001
-0.020000000000000004
-0.026000000000000002
-0.030000000000000006
-0.038000000000000006
-0.046000000000000006
-0.057999999999999996
-0.068
-0.099
-0.148
-0.229
-0.162
1.3130000000000002
0.794
-0.06099999999999999
-0.20399999999999996
0.014000000000000026
0.8029999999999999
0.633
0.048
-0.12199999999999998
-0.11099999999999999
-0.08600000000000001
-0.067
-0.05800000000000001
-0.048000000000000015
-0.040000000000000015
-0.034000000000000016
-0.032000000000000015
-0.024000000000000014
-0.022000000000000013
-0.02000000000000001
-0.017000000000000008
-0.015000000000000006
-0.014000000000000005
-0.010000000000000002
-0.012000000000000004
-0.012000000000000004
-0.013000000000000005
-0.015000000000000006
-0.016000000000000007
-0.01800000000000001
-0.022000000000000006
-0.025
-0.031000000000000007
-0.036000000000000004
-0.04000000000000001
-0.046
-0.054
-0.07200000000000001
-0.093
-0.096
0.029000000000000005
0.489
0.573
0.19000000000000006
0.07700000000000001
0.15700000000000003
0.30800000000000005
0.24000000000000002
0.05600000000000001
-0.03599999999999999
-0.061000000000000006
-0.057
-0.049999999999999996
-0.05000000000000002
-0.041000000000000016
-0.034
-0.032000000000000015
-0.029000000000000012
-0.026000000000000016
-0.02000000000000001
-0.02000000000000001
-0.01800000000000001
-0.015000000000000006
-0.014000000000000005
-0.010000000000000002
-0.011000000000000003
-0.012000000000000004
-0.012000000000000004
-0.015000000000000006
-0.016000000000000007
-0.017000000000000008
-0.02100000000000001
-0.024000000000000014
-0.02800000000000001
-0.03200000000000001
-0.036000000000000004
-0.04
-0.034
-0.042
-0.041
-0.013999999999999995
0.07500000000000001
0.227
0.287
0.21100000000000005
0.169
0.17800000000000005
0.19100000000000006
0.14700000000000002
0.07100000000000001
0.012000000000000005
-0.018
-0.033999999999999996
-0.036000000000000004
-0.04000000000000001
-0.036000000000000004
-0.030000000000000006
-0.03000000000000002
-0.028000000000000018
-0.024000000000000014
-0.022000000000000013
-0.02000000000000001
-0.01900000000000001
-0.015000000000000006
-0.014000000000000005
-0.010000000000000002
-0.010000000000000002
-0.012000000000000004
-0.012000000000000004
-0.014000000000000005
-0.016000000000000007
-0.01900000000000001
-0.022000000000000013
-0.023000000000000013
-0.025000000000000015
-0.02800000000000001
-0.028000000000000004
-0.032
-0.023
-0.018
-0.006
0.027000000000000007
0.08200000000000002
0.14600000000000002
0.191
0.18800000000000003
0.17800000000000007
0.17
0.15799999999999997
0.117
0.08000000000000002
0.034
-0.0
-0.016
-0.027
-0.03200000000000001
-0.03000000000000001
-0.02800000000000001
-0.02800000000000001
-0.025000000000000015
-0.022000000000000013
-0.022000000000000013
-0.022000000000000013
-0.01800000000000001
-0.016000000000000007
-0.013000000000000005
-0.007
-0.008
-0.012000000000000004
-0.012000000000000004
-0.013000000000000005
-0.015000000000000006
-0.01900000000000001
-0.02100000000000001
-0.022000000000000013
-0.024000000000000014
-0.02500000000000001
-0.024000000000000007
-0.023000000000000007
-0.013000000000000001
-0.0009999999999999983
0.011000000000000003
0.042
0.07600000000000001
0.116
0.14400000000000002
0.15800000000000003
0.15400000000000005
0.14800000000000002
0.13300000000000003
0.10400000000000002
0.07200000000000001
0.04200000000000001
0.014000000000000005
-0.003
-0.013999999999999999
-0.022
-0.02600000000000001
-0.024000000000000014
-0.024000000000000014
-0.022000000000000013
-0.022000000000000013
-0.022000000000000013
-0.02100000000000001
-0.01800000000000001
-0.016000000000000007
-0.009000000000000001
-0.006
-0.007
-0.008
-0.012000000000000004
-0.012000000000000004
-0.016000000000000007
-0.01900000000000001
-0.02100000000000001
-0.022000000000000013
-0.022000000000000013
-0.02100000000000001
-0.020000000000000004
-0.014000000000000002
-0.006
0.008
0.02
0.045000000000000005
0.07200000000000002
0.09600000000000002
0.11600000000000002
0.13400000000000004
0.13800000000000007
0.13000000000000003
0.11500000000000002
0.09400000000000001
0.07200000000000001
0.049
0.020000000000000004
0.006000000000000001
-0.006
-0.015000000000000001
-0.020000000000000004
-0.022000000000000013
-0.02100000000000001
-0.02100000000000001
-0.022000000000000013
-0.02000000000000001
-0.02000000000000001
-0.02000000000000001
-0.013000000000000005
-0.008
-0.003
-0.002
-0.008
-0.010000000000000002
-0.012000000000000004
-0.016000000000000007
-0.022000000000000013
-0.024000000000000014
-0.024000000000000014
-0.024000000000000014
-0.023000000000000013
-0.01900000000000001
-0.007
0.003
0.012
0.022
0.049000000000000016
0.06500000000000003
0.08600000000000002
0.10800000000000005
0.11600000000000008
0.12000000000000008
0.11400000000000007
0.10200000000000006
0.08400000000000005
0.06600000000000002
0.049
0.020999999999999998
0.006999999999999999
-0.0
-0.01
-0.01800000000000001
-0.016000000000000007
-0.01800000000000001
-0.02100000000000001
-0.02100000000000001
-0.02000000000000001
-0.01800000000000001
-0.016000000000000007
-0.012000000000000004
-0.008
-0.002
-0.0
-0.006
-0.008
-0.010000000000000002
-0.016000000000000007
-0.024000000000000014
-0.024000000000000014
-0.024000000000000014
-0.022000000000000013
-0.02000000000000001
-0.01800000000000001
-0.006
0.004
0.016
0.022
0.04600000000000001
0.060000000000000026
0.07600000000000004
0.09200000000000007
0.10000000000000007
0.11000000000000007
0.10000000000000006
0.09600000000000007
0.07600000000000004
0.06200000000000001
0.05000000000000003
0.019999999999999997
0.01
-0.0
-0.002
-0.01800000000000001
-0.01800000000000001
-0.01800000000000001
-0.01900000000000001
-0.01900000000000001
-0.016000000000000007
-0.016000000000000007
-0.016000000000000007
-0.013000000000000005
-0.002
-0.002
-0.0
-0.004
-0.006
-0.011000000000000003
-0.01800000000000001
-0.02000000000000001
-0.022000000000000013
-0.022000000000000013
-0.022000000000000013
-0.01800000000000001
-0.01800000000000001
-0.0
0.004
0.015
0.022
0.044000000000000025
0.05900000000000004
0.07600000000000004
0.09300000000000005
0.09400000000000007
0.10000000000000006
0.09400000000000006
0.09000000000000007
0.07800000000000006
0.06000000000000004
0.04800000000000003
0.025
0.012
0.005
-0.0
-0.016000000000000007
-0.02000000000000001
-0.02000000000000001
-0.02000000000000001
-0.01900000000000001
-0.01800000000000001
-0.01800000000000001
-0.014000000000000005
-0.009000000000000001
-0.002
-0.002
-0.0
-0.001
-0.005
-0.010000000000000002
-0.016000000000000007
-0.01800000000000001
-0.02000000000000001
-0.02100000000000001
-0.01900000000000001
-0.01800000000000001
-0.016000000000000007
0.002
0.003
0.008
0.026000000000000016
0.04900000000000003
0.055000000000000035
0.07400000000000004
0.09000000000000005
0.09000000000000007
0.09600000000000007
0.09800000000000007
0.09000000000000007
0.07200000000000005
0.05800000000000004
0.05000000000000003
0.032000000000000015
0.011
0.004
0.003
-0.016000000000000007
-0.02100000000000001
-0.022000000000000013
-0.022000000000000013
-0.022000000000000013
-0.02100000000000001
-0.015000000000000006
-0.012000000000000004
-0.006
-0.002
-0.0
-0.0
-0.0
-0.008
-0.009000000000000001
-0.016000000000000007
-0.016000000000000007
-0.017000000000000008
-0.017000000000000008
-0.016000000000000007
-0.016000000000000007
-0.016000000000000007
-0.0
-0.0
0.008
0.03800000000000002
0.04800000000000003
0.04900000000000002
0.08000000000000004
0.08400000000000005
0.08000000000000006
0.09600000000000007
0.08000000000000006
0.08300000000000006
0.08000000000000004
0.05000000000000003
0.04800000000000003
0.032000000000000015
0.008
0.002
-0.0
-0.016000000000000007
-0.016000000000000007
-0.016000000000000007
-0.01900000000000001
-0.01800000000000001
-0.016000000000000007
-0.016000000000000007
-0.008
-0.008
-0.0
-0.0
-0.0
-0.001
-0.005
-0.010000000000000002
-0.016000000000000007
-0.01800000000000001
-0.02000000000000001
-0.02100000000000001
-0.01900000000000001
-0.01800000000000001
-0.016000000000000007
0.002
0.003
0.008
0.026000000000000016
0.04900000000000003
0.055000000000000035
0.07400000000000004
0.09000000000000005
0.09000000000000007
0.09600000000000007
0.09800000000000007
0.09000000000000007
0.07200000000000005
0.05800000000000004
0.05000000000000003
0.032000000000000015
0.011
0.004
0.003
-0.016000000000000007
-0.02100000000000001
-0.022000000000000013
-0.022000000000000013
-0.022000000000000013
-0.02100000000000001
-0.015000000000000006
-0.012000000000000004
-0.006
-0.002
-0.0
-0.0
-0.004
-0.006
-0.011000000000000003
-0.01800000000000001
-0.02000000000000001
-0.022000000000000013
-0.022000000000000013
-0.022000000000000013
-0.01800000000000001
-0.01800000000000001
-0.0
0.004
0.015
0.022
0.044000000000000025
0.05900000000000004
0.07600000000000004
0.09300000000000005
0.09400000000000007
0.10000000000000006
0.09400000000000006
0.09000000000000007
0.07800000000000006
0.06000000000000004
0.04800000000000003
0.025
0.012
0.005
-0.0
-0.016000000000000007
-0.02000000000000001
-0.02000000000000001
-0.02000000000000001
-0.01900000000000001
-0.01800000000000001
-0.01800000000000001
-0.014000000000000005
-0.009000000000000001
-0.002
-0.002
-0.0
-0.006
-0.008
-0.010000000000000002
-0.016000000000000007
-0.024000000000000014
-0.024000000000000014
-0.024000000000000014
-0.022000000000000013
-0.02000000000000001
-0.01800000000000001
-0.006
0.004
0.016
0.022
0.04600000000000001
0.060000000000000026
0.07600000000000004
0.09200000000000007
0.10000000000000007
0.11000000000000007
0.10000000000000006
0.09600000000000007
0.07600000000000004
0.06200000000000001
0.05000000000000003
0.019999999999999997
0.01
-0.0
-0.002
-0.01800000000000001
-0.01800000000000001
-0.01800000000000001
-0.01900000000000001
-0.01900000000000001
-0.016000000000000007
-0.016000000000000007
-0.016000000000000007
-0.013000000000000005
-0.002
-0.002
-0.002
-0.008
-0.010000000000000002
-0.012000000000000004
-0.016000000000000007
-0.022000000000000013
-0.024000000000000014
-0.024000000000000014
-0.024000000000000014
-0.023000000000000013
-0.01900000000000001
-0.007
0.003
0.012
0.022
0.049000000000000016
0.06500000000000003
0.08600000000000002
0.10800000000000005
0.11600000000000008
0.12000000000000008
0.11400000000000007
0.10200000000000006
0.08400000000000005
0.06600000000000002
0.049
0.020999999999999998
0.006999999999999999
-0.0
-0.01
-0.01800000000000001
-0.016000000000000007
-0.01800000000000001
-0.02100000000000001
-0.02100000000000001
-0.02000000000000001
-0.01800000000000001
-0.016000000000000007
-0.012000000000000004
-0.008
-0.002
-0.007
-0.008
-0.012000000000000004
-0.012000000000000004
-0.016000000000000007
-0.01900000000000001
-0.02100000000000001
-0.022000000000000013
-0.022000000000000013
-0.02100000000000001
-0.020000000000000004
-0.014000000000000002
-0.006
0.008
0.02
0.045000000000000005
0.07200000000000002
0.09600000000000002
0.11600000000000002
0.13400000000000004
0.13800000000000007
0.13000000000000003
0.11500000000000002
0.09400000000000001
0.07200000000000001
0.049
0.020000000000000004
0.006000000000000001
-0.006
-0.015000000000000001
-0.020000000000000004
-0.022000000000000013
-0.02100000000000001
-0.02100000000000001
-0.022000000000000013
-0.02000000000000001
-0.02000000000000001
-0.02000000000000001
-0.013000000000000005
-0.008
-0.003
-0.008
-0.012000000000000004
-0.012000000000000004
-0.013000000000000005
-0.015000000000000006
-0.01900000000000001
-0.02100000000000001
-0.022000000000000013
-0.024000000000000014
-0.02500000000000001
-0.024000000000000007
-0.023000000000000007
-0.013000000000000001
-0.0009999999999999983
0.011000000000000003
0.042
0.07600000000000001
0.116
0.14400000000000002
0.15800000000000003
0.15400000000000005
0.14800000000000002
0.13300000000000003
0.10400000000000002
0.07200000000000001
0.04200000000000001
0.014000000000000005
-0.003
-0.013999999999999999
-0.022
-0.02600000000000001
-0.024000000000000014
-0.024000000000000014
-0.022000000000000013
-0.022000000000000013
-0.022000000000000013
-0.02100000000000001
-0.01800000000000001
-0.016000000000000007
-0.009000000000000001
-0.006
-0.010000000000000002
-0.012000000000000004
-0.012000000000000004
-0.014000000000000005
-0.016000000000000007
-0.01900000000000001
-0.022000000000000013
-0.023000000000000013
-0.025000000000000015
-0.02800000000000001
-0.028000000000000004
-0.032
-0.023
-0.018
-0.006
0.027000000000000007
0.08200000000000002
0.14600000000000002
0.191
0.18800000000000003
0.17800000000000007
0.17
0.15799999999999997
0.117
0.08000000000000002
0.034
-0.0
-0.016
-0.027
-0.03200000000000001
-0.03000000000000001
-0.02800000000000001
-0.02800000000000001
-0.025000000000000015
-0.022000000000000013
-0.022000000000000013
-0.022000000000000013
-0.01800000000000001
-0.016000000000000007
-0.013000000000000005
-0.007
-0.011000000000000003
-0.012000000000000004
-0.012000000000000004
-0.015000000000000006
-0.016000000000000007
-0.017000000000000008
-0.02100000000000001
-0.024000000000000014
-0.02800000000000001
-0.03200000000000001
-0.036000000000000004
-0.04
-0.034
-0.042
-0.041
-0.013999999999999995
0.07500000000000001
0.227
0.287
0.21100000000000005
0.169
0.17800000000000005
0.19100000000000006
0.14700000000000002
0.07100000000000001
0.012000000000000005
-0.018
-0.033999999999999996
-0.036000000000000004
-0.04000000000000001
-0.036000000000000004
-0.030000000000000006
-0.03000000000000002
-0.028000000000000018
-0.024000000000000014
-0.022000000000000013
-0.02000000000000001
-0.01900000000000001
-0.015000000000000006
-0.014000000000000005
-0.010000000000000002
-0.012000000000000004
-0.012000000000000004
-0.013000000000000005
-0.015000000000000006
-0.016000000000000007
-0.01800000000000001
-0.022000000000000006
-0.025
-0.031000000000000007
-0.036000000000000004
-0.04000000000000001
-0.046
-0.054
-0.07200000000000001
-0.093
-0.096
0.029000000000000005
0.489
0.573
0.19000000000000006
0.07700000000000001
0.15700000000000003
0.30800000000000005
0.24000000000000002
0.05600000000000001
-0.03599999999999999
-0.061000000000000006
-0.057
-0.049999999999999996
-0.05000000000000002
-0.041000000000000016
-0.034
-0.032000000000000015
-0.029000000000000012
-0.026000000000000016
-0.02000000000000001
-0.02000000000000001
-0.01800000000000001
-0.015000000000000006
-0.014000000000000005
-0.010000000000000002
-0.012000000000000004
-0.012000000000000004
-0.014000000000000005
-0.014000000000000005
-0.016000000000000007
-0.01800000000000001
-0.020000000000000004
-0.026000000000000002
-0.030000000000000006
-0.038000000000000006
-0.046000000000000006
-0.057999999999999996
-0.068
-0.099
-0.148
-0.229
-0.162
1.3130000000000002
0.794
-0.06099999999999999
-0.20399999999999996
0.014000000000000026
0.8029999999999999
0.633
0.048
-0.12199999999999998
-0.11099999999999999
-0.08600000000000001
-0.067
-0.05800000000000001
-0.048000000000000015
-0.040000000000000015
-0.034000000000000016
-0.032000000000000015
-0.024000000000000014
-0.022000000000000013
-0.02000000000000001
-0.017000000000000008
-0.015000000000000006
-0.014000000000000005
-0.010000000000000002
-0.011000000000000003
-0.012000000000000004
-0.014000000000000005
-0.014000000000000005
-0.01800000000000001
-0.01800000000000001
-0.022
-0.023
-0.033
-0.03900000000000001
-0.048
-0.062
-0.08199999999999999
-0.11599999999999999
-0.188
-0.32799999999999996
-0.496
0.541
2.049
-0.442
-0.425
-0.4649999999999999
2.045
1.7850000000000001
-0.143
-0.263
-0.17200000000000004
-0.113
-0.08100000000000002
-0.062
-0.052000000000000005
-0.04400000000000002
-0.03700000000000001
-0.030000000000000006
-0.026000000000000016
-0.022000000000000013
-0.01800000000000001
-0.017000000000000008
-0.014000000000000005
-0.013000000000000005
-0.010000000000000002
-0.010000000000000002
-0.012000000000000004
-0.014000000000000005
-0.014000000000000005
-0.01800000000000001
-0.01800000000000001
-0.022
-0.027000000000000003
-0.032
-0.038000000000000006
-0.05
-0.063
-0.08399999999999999
-0.11699999999999999
-0.184
-0.307
-0.47000000000000003
-0.375
-0.08700000000000001
-0.242
-0.232
-0.30199999999999994
1.439
0.17900000000000002
-0.521
-0.341
-0.20000000000000004
-0.127
-0.08900000000000002
-0.068
-0.054000000000000006
-0.04500000000000002
-0.03600000000000001
-0.031000000000000007
-0.02600000000000001
-0.02100000000000001
-0.020000000000000007
-0.016000000000000007
-0.014000000000000005
-0.012000000000000004
-0.010000000000000002
-0.010000000000000002
-0.012000000000000004
-0.014000000000000005
-0.014000000000000005
-0.016000000000000004
-0.01800000000000001
-0.022
-0.025
-0.032
-0.034
-0.046
-0.061
-0.08
-0.10800000000000001
-0.158
-0.23199999999999998
-0.324
-0.367
-0.28200000000000003
-0.11699999999999999
-0.027999999999999997
-0.178
-0.30500000000000005
-0.44100000000000006
-0.44900000000000007
-0.29800000000000004
-0.18900000000000003
-0.127
-0.08900000000000002
-0.068
-0.052000000000000005
-0.04100000000000001
-0.03600000000000001
-0.03200000000000001
-0.02500000000000001
-0.020000000000000007
-0.020000000000000007
-0.015000000000000006
-0.014000000000000005
-0.012000000000000004
-0.009000000000000001
-0.010000000000000002
-0.012000000000000004
-0.014000000000000005
-0.014000000000000005
-0.016000000000000004
-0.01800000000000001
-0.022
-0.024
-0.029
-0.034
-0.044000000000000004
-0.05500000000000001
-0.07
-0.093
-0.124
-0.16899999999999998
-0.21400000000000002
-0.24
-0.22100000000000003
-0.181
-0.16600000000000004
-0.225
-0.30900000000000005
-0.3420000000000001
-0.29600000000000004
-0.21800000000000003
-0.15400000000000003
-0.11000000000000001
-0.08300000000000002
-0.066
-0.05000000000000002
-0.03900000000000001
-0.035
-0.028000000000000004
-0.024000000000000007
-0.020000000000000007
-0.019000000000000006
-0.014000000000000005
-0.014000000000000005
-0.012000000000000004
-0.008
-0.010000000000000002
-0.010000000000000002
-0.013000000000000005
-0.014000000000000005
-0.016000000000000004
-0.016000000000000004
-0.020000000000000004
-0.023
-0.028000000000000004
-0.032
-0.04
-0.049
-0.064
-0.078
-0.09899999999999999
-0.125
-0.146
-0.163
-0.16599999999999998
-0.164
-0.16799999999999998
-0.19
-0.21000000000000002
-0.21900000000000003
-0.195
-0.15900000000000003
-0.12100000000000001
-0.09200000000000003
-0.07300000000000001
-0.058
-0.047000000000000014
-0.038000000000000006
-0.030000000000000006
-0.02600000000000001
-0.022000000000000006
-0.020000000000000007
-0.017000000000000005
-0.014000000000000005
-0.012000000000000004
-0.012000000000000004
-0.008
-0.007
-0.010000000000000002
-0.012000000000000004
-0.014000000000000005
-0.014000000000000005
-0.016000000000000004
-0.019000000000000003
-0.022
-0.026000000000000002
-0.032
-0.034
-0.042
-0.052000000000000005
-0.064
-0.079
-0.094
-0.109
-0.122
-0.128
-0.132
-0.138
-0.14600000000000002
-0.15000000000000002
-0.15200000000000005
-0.138
-0.116
-0.09600000000000003
-0.07800000000000001
-0.063
-0.048000000000000015
-0.04200000000000001
-0.034
-0.030000000000000006
-0.02600000000000001
-0.022000000000000006
-0.018000000000000006
-0.014000000000000005
-0.014000000000000005
-0.012000000000000004
-0.009000000000000001
-0.008
-0.006
-0.010000000000000002
-0.010000000000000002
-0.014000000000000005
-0.014000000000000005
-0.016000000000000004
-0.016000000000000004
-0.022
-0.024
-0.029
-0.032
-0.04
-0.043000000000000003
-0.054
-0.066
-0.074
-0.083
-0.09000000000000001
-0.099
-0.106
-0.108
-0.111
-0.10999999999999999
-0.10600000000000001
-0.09800000000000002
-0.08800000000000002
-0.07700000000000001
-0.064
-0.05100000000000002
-0.04400000000000001
-0.036000000000000004
-0.031000000000000007
-0.02600000000000001
-0.024000000000000007
-0.018000000000000006
-0.016000000000000004
-0.014000000000000005
-0.012000000000000004
-0.012000000000000004
-0.008
-0.008
-0.006
-0.009000000000000001
-0.010000000000000002
-0.012000000000000004
-0.014000000000000005
-0.016000000000000004
-0.016000000000000004
-0.018000000000000002
-0.023
-0.025
-0.030000000000000002
-0.032
-0.039
-0.044000000000000004
-0.051000000000000004
-0.06
-0.06899999999999999
-0.074
-0.078
-0.08
-0.082
-0.08200000000000002
-0.08200000000000002
-0.08000000000000002
-0.07300000000000001
-0.069
-0.059
-0.04900000000000001
-0.04400000000000001
-0.038000000000000006
-0.034
-0.030000000000000006
-0.02600000000000001
-0.020000000000000004
-0.016000000000000004
-0.016000000000000004
-0.013000000000000005
-0.012000000000000004
-0.010000000000000002
-0.008
-0.008
-0.006
-0.006
-0.010000000000000002
-0.010000000000000002
-0.013000000000000005
-0.014000000000000005
-0.016000000000000004
-0.016000000000000004
-0.018000000000000002
-0.024
-0.026000000000000002
-0.030000000000000002
-0.033999999999999996
-0.039
-0.044000000000000004
-0.048
-0.056
-0.061
-0.062
-0.066
-0.066
-0.068
-0.066
-0.064
-0.058
-0.051000000000000004
-0.046000000000000006
-0.04200000000000001
-0.038000000000000006
-0.034
-0.030000000000000006
-0.02600000000000001
-0.022000000000000006
-0.016000000000000004
-0.016000000000000004
-0.014000000000000005
-0.012000000000000004
-0.012000000000000004
-0.008
-0.008
-0.006
-0.006
-0.006
-0.008
-0.010000000000000002
-0.010000000000000002
-0.014000000000000005
-0.014000000000000005
-0.016000000000000004
-0.018000000000000002
-0.018000000000000002
-0.023
-0.024
-0.030000000000000002
-0.033999999999999996
-0.038
-0.04
-0.044
-0.046
-0.048
-0.049999999999999996
-0.054
-0.051
-0.052
-0.048
-0.046
-0.04200000000000001
-0.04000000000000001
-0.036000000000000004
-0.034
-0.030000000000000006
-0.02600000000000001
-0.024000000000000007
-0.018000000000000002
-0.016000000000000004
-0.016000000000000004
-0.012000000000000004
-0.012000000000000004
-0.009000000000000001
-0.008
-0.008
-0.006
