-0.18600000000000003
-0.21400000000000008
-0.2280000000000001
-0.25100000000000006
-0.2750000000000001
-0.3050000000000001
-0.34500000000000014
-0.3860000000000001
-0.42800000000000016
-0.48700000000000015
-0.5520000000000002
-0.6300000000000002
-0.7140000000000002
-0.8120000000000003
-0.9130000000000003
-1.0150000000000003
-1.1150000000000002
-1.2060000000000002
-1.2769999999999997
-1.3190000000000004
-1.3340000000000003
-1.3319999999999996
-1.292
-1.22
-1.123
-1.0140000000000002
-0.9010000000000002
-0.7950000000000003
-0.6980000000000002
-0.6150000000000001
-0.5390000000000001
-0.47600000000000015
-0.42500000000000016
-0.3780000000000001
-0.3410000000000001
-0.30100000000000005
-0.277
-0.24800000000000005
-0.2300000000000001
-0.21300000000000008
-0.19200000000000006
-0.20000000000000007
-0.22100000000000009
-0.2380000000000001
-0.26500000000000007
-0.2890000000000001
-0.3270000000000001
-0.3690000000000001
-0.41200000000000014
-0.4650000000000002
-0.5340000000000001
-0.6110000000000002
-0.7050000000000003
-0.8140000000000003
-0.9440000000000002
-1.083
-1.228
-1.368
-1.486
-1.583
-1.6500000000000008
-1.6870000000000005
-1.6800000000000006
-1.635
-1.533
-1.4000000000000004
-1.2389999999999997
-1.074
-0.9280000000000003
-0.7950000000000002
-0.6900000000000002
-0.5980000000000002
-0.5160000000000001
-0.4560000000000001
-0.40500000000000014
-0.36200000000000015
-0.32500000000000007
-0.29100000000000004
-0.26300000000000007
-0.23900000000000005
-0.2220000000000001
-0.20500000000000007
-0.20700000000000007
-0.2290000000000001
-0.24900000000000008
-0.2760000000000001
-0.3110000000000001
-0.3480000000000001
-0.3930000000000001
-0.44300000000000006
-0.5040000000000001
-0.5830000000000002
-0.6740000000000002
-0.7920000000000001
-0.9300000000000003
-1.0990000000000002
-1.2939999999999996
-1.5020000000000002
-1.703
-1.8760000000000001
-2.004
-2.0890000000000004
-2.1479999999999997
-2.164
-2.1229999999999998
-1.9909999999999997
-1.7830000000000001
-1.5359999999999998
-1.2959999999999994
-1.086
-0.9070000000000001
-0.7680000000000003
-0.6550000000000002
-0.5620000000000002
-0.48900000000000016
-0.43100000000000016
-0.3830000000000001
-0.3400000000000001
-0.30600000000000005
-0.2760000000000001
-0.25200000000000006
-0.2270000000000001
-0.20800000000000007
-0.21400000000000008
-0.2350000000000001
-0.26300000000000007
-0.2930000000000001
-0.3280000000000001
-0.3630000000000001
-0.40900000000000014
-0.4670000000000001
-0.5380000000000001
-0.6250000000000002
-0.7380000000000002
-0.8750000000000002
-1.0610000000000002
-1.2949999999999993
-1.5699999999999992
-1.8699999999999999
-2.1679999999999997
-2.4009999999999985
-2.5420000000000007
-2.6360000000000006
-2.7310000000000003
-2.8219999999999996
-2.8350000000000004
-2.6689999999999996
-2.3419999999999996
-1.9459999999999995
-1.5699999999999998
-1.2619999999999996
-1.0230000000000001
-0.8450000000000002
-0.7090000000000002
-0.6030000000000001
-0.5180000000000001
-0.4520000000000001
-0.40300000000000014
-0.3560000000000001
-0.32100000000000006
-0.29000000000000004
-0.25900000000000006
-0.23800000000000004
-0.21400000000000008
-0.2230000000000001
-0.24600000000000008
-0.2770000000000001
-0.3020000000000001
-0.33600000000000013
-0.3760000000000001
-0.4260000000000001
-0.4880000000000001
-0.5610000000000002
-0.6600000000000001
-0.7890000000000003
-0.9610000000000003
-1.1979999999999986
-1.508999999999999
-1.9099999999999986
-2.3759999999999986
-2.8299999999999987
-3.1279999999999997
-3.2079999999999997
-3.186000000000001
-3.3169999999999997
-3.6390000000000002
-3.873999999999999
-3.712
-3.1689999999999996
-2.4919999999999978
-1.8899999999999995
-1.450999999999999
-1.1419999999999983
-0.9220000000000003
-0.7570000000000003
-0.6390000000000002
-0.547
-0.47200000000000014
-0.41500000000000015
-0.3700000000000001
-0.3300000000000001
-0.29900000000000004
-0.27100000000000013
-0.24500000000000005
-0.2220000000000001
-0.2310000000000001
-0.2560000000000001
-0.2820000000000001
-0.30500000000000005
-0.34000000000000014
-0.3790000000000001
-0.43500000000000005
-0.4980000000000001
-0.5820000000000002
-0.6920000000000002
-0.8360000000000002
-1.0370000000000001
-1.3219999999999983
-1.7349999999999988
-2.3189999999999973
-3.060999999999998
-3.8009999999999984
-4.154999999999999
-3.871000000000001
-3.311000000000001
-3.3460000000000014
-4.264
-5.207000000000002
-5.220999999999999
-4.305999999999999
-3.148999999999998
-2.2409999999999983
-1.6369999999999987
-1.2419999999999993
-0.9800000000000002
-0.7980000000000002
-0.6650000000000001
-0.5680000000000002
-0.49200000000000016
-0.42900000000000016
-0.3820000000000002
-0.34100000000000014
-0.30700000000000005
-0.2780000000000001
-0.25200000000000006
-0.2270000000000001
-0.23500000000000007
-0.2600000000000001
-0.2850000000000001
-0.3090000000000001
-0.34500000000000014
-0.3900000000000001
-0.44200000000000006
-0.5080000000000001
-0.5950000000000002
-0.7030000000000002
-0.8600000000000002
-1.081
-1.4109999999999987
-1.931999999999999
-2.730999999999999
-3.880999999999999
-5.080000000000002
-5.411
-4.027000000000001
-1.749
-1.1529999999999998
-3.2450000000000006
-5.665999999999999
-6.5790000000000015
-5.462000000000001
-3.758999999999999
-2.522999999999998
-1.7739999999999987
-1.3139999999999992
-1.0130000000000001
-0.8240000000000002
-0.6810000000000003
-0.5800000000000002
-0.5010000000000001
-0.44100000000000017
-0.3900000000000001
-0.34500000000000014
-0.31500000000000006
-0.28600000000000003
-0.25900000000000006
-0.2370000000000001
-0.24200000000000013
-0.2650000000000001
-0.2880000000000001
-0.3150000000000001
-0.35000000000000014
-0.39400000000000013
-0.44300000000000006
-0.5060000000000001
-0.5850000000000002
-0.6970000000000002
-0.8540000000000002
-1.0839999999999996
-1.4399999999999986
-2.016999999999999
-2.992999999999999
-4.528999999999999
-6.13
-5.551
-1.5870000000000015
3.3810000000000002
5.545999999999998
2.511999999999999
-0.24099999999999977
-6.1129999999999995
-6.1149999999999975
-4.092
-2.686
-1.8449999999999989
-1.3409999999999989
-1.023
-0.8220000000000002
-0.6770000000000002
-0.5750000000000001
-0.5040000000000001
-0.4450000000000001
-0.3910000000000001
-0.34900000000000014
-0.3160000000000001
-0.2850000000000001
-0.26200000000000007
-0.2390000000000001
-0.24300000000000013
-0.2670000000000001
-0.2890000000000001
-0.3250000000000001
-0.35300000000000015
-0.3920000000000001
-0.43900000000000017
-0.5030000000000001
-0.5760000000000002
-0.6800000000000002
-0.8200000000000002
-1.0270000000000001
-1.3589999999999989
-1.9089999999999994
-2.863
-4.395999999999998
-5.870999999999999
-2.511999999999998
8.117999999999999
-3.352999999999998
-9.287999999999997
-8.163000000000004
-3.603999999999997
-7.062000000000002
-6.3679999999999986
-4.4030000000000005
-2.8449999999999984
-1.8809999999999982
-1.3219999999999983
-0.9990000000000001
-0.797
-0.6610000000000001
-0.5690000000000001
-0.4940000000000001
-0.4360000000000001
-0.3890000000000001
-0.35500000000000015
-0.31400000000000006
-0.2900000000000001
-0.26600000000000007
-0.2450000000000001
-0.24000000000000013
-0.26900000000000013
-0.2940000000000001
-0.3170000000000001
-0.34600000000000014
-0.3830000000000001
-0.4290000000000001
-0.4740000000000001
-0.5430000000000001
-0.6280000000000001
-0.7510000000000002
-0.9180000000000001
-1.1889999999999987
-1.6459999999999986
-2.4459999999999997
-3.7489999999999988
-5.124999999999998
-2.6359999999999983
7.401000000000001
-9.876999999999995
-9.427999999999994
-9.756999999999996
17.286000000000005
2.27
-6.387999999999999
-4.7829999999999995
-2.919999999999999
-1.8079999999999987
-1.2329999999999994
-0.9290000000000002
-0.735
-0.6290000000000001
-0.545
-0.4810000000000001
-0.43600000000000005
-0.3860000000000001
-0.3500000000000001
-0.3230000000000001
-0.2900000000000001
-0.2670000000000001
-0.2470000000000001
-0.24200000000000013
-0.27000000000000013
-0.29100000000000015
-0.3090000000000001
-0.34200000000000014
-0.3720000000000001
-0.40900000000000014
-0.4470000000000001
-0.49400000000000016
-0.56
-0.6320000000000001
-0.7560000000000001
-0.9390000000000002
-1.271999999999999
-1.932999999999999
-3.178999999999999
-4.571999999999999
-0.11199999999999855
11.23
-7.879999999999993
-7.718999999999997
-5.583000000000001
2.987000000000001
0.6760000000000002
-2.5749999999999997
-3.2749999999999977
-2.265999999999998
-1.453999999999999
-1.018
-0.7880000000000001
-0.6530000000000002
-0.5650000000000001
-0.5070000000000001
-0.45300000000000007
-0.41200000000000014
-0.38100000000000017
-0.34400000000000014
-0.3200000000000001
-0.2920000000000001
-0.27000000000000013
-0.2470000000000001
-0.24800000000000016
-0.2660000000000001
-0.28400000000000014
-0.30500000000000016
-0.33100000000000007
-0.3590000000000001
-0.3840000000000001
-0.4190000000000001
-0.4440000000000001
-0.47700000000000015
-0.5180000000000001
-0.5690000000000002
-0.6560000000000001
-0.8270000000000002
-1.2009999999999987
-1.7849999999999993
-1.1769999999999987
3.799000000000001
4.907000000000001
-0.1880000000000006
-2.3499999999999996
0.2609999999999997
6.130000000000001
5.899999999999999
1.4849999999999999
-0.7270000000000002
-1.0099999999999998
-0.8430000000000002
-0.6890000000000002
-0.5920000000000002
-0.5310000000000001
-0.48800000000000016
-0.4560000000000001
-0.4200000000000001
-0.3910000000000001
-0.36200000000000015
-0.33700000000000013
-0.3110000000000001
-0.2890000000000001
-0.26900000000000013
-0.2520000000000001
-0.24600000000000016
-0.2630000000000002
-0.27900000000000014
-0.3020000000000001
-0.3200000000000001
-0.3390000000000001
-0.35500000000000015
-0.3710000000000001
-0.3820000000000001
-0.3890000000000001
-0.38100000000000017
-0.36600000000000016
-0.3270000000000001
-0.2910000000000001
-0.18199999999999988
0.3119999999999997
2.365000000000001
6.675000000000001
8.115999999999998
4.622000000000001
2.613000000000003
3.5470000000000024
5.706000000000001
5.606000000000001
3.1170000000000027
1.0750000000000015
0.14199999999999985
-0.19999999999999998
-0.3220000000000002
-0.37200000000000016
-0.3960000000000002
-0.39900000000000013
-0.39400000000000013
-0.3810000000000001
-0.3680000000000001
-0.3470000000000001
-0.32600000000000007
-0.30400000000000005
-0.2860000000000001
-0.26400000000000007
-0.2510000000000001
-0.24200000000000016
-0.2550000000000001
-0.27900000000000014
-0.29400000000000004
-0.30800000000000005
-0.31700000000000006
-0.3310000000000001
-0.3270000000000001
-0.3180000000000001
-0.2960000000000001
-0.2490000000000001
-0.16300000000000003
-0.029999999999999964
0.20999999999999977
0.6519999999999997
1.5790000000000017
3.3919999999999995
5.701
6.506000000000003
5.397000000000002
4.4410000000000025
4.471000000000003
4.835999999999998
4.459999999999998
3.156000000000001
1.7710000000000017
0.8270000000000011
0.2899999999999999
-0.0050000000000001025
-0.163
-0.24900000000000003
-0.30600000000000016
-0.3290000000000001
-0.3350000000000001
-0.33800000000000013
-0.32700000000000007
-0.31500000000000006
-0.2970000000000001
-0.2780000000000001
-0.2600000000000001
-0.2450000000000001
-0.23600000000000015
-0.2540000000000001
-0.27600000000000013
-0.28500000000000014
-0.2940000000000001
-0.30100000000000016
-0.30100000000000016
-0.28700000000000014
-0.2640000000000001
-0.21100000000000008
-0.12100000000000001
0.008999999999999883
0.22199999999999967
0.5629999999999996
1.108
1.973000000000001
3.1960000000000024
4.431000000000002
5.044000000000001
4.906999999999999
4.597000000000003
4.429000000000003
4.257000000000001
3.774000000000001
2.9100000000000015
1.9570000000000014
1.1680000000000015
0.6079999999999999
0.24599999999999972
0.013999999999999835
-0.12800000000000003
-0.21800000000000008
-0.2690000000000001
-0.2960000000000001
-0.3070000000000001
-0.3100000000000001
-0.2980000000000001
-0.2900000000000001
-0.2730000000000001
-0.2590000000000001
-0.2420000000000001
-0.23500000000000013
-0.2560000000000001
-0.27000000000000013
-0.27700000000000014
-0.2830000000000001
-0.28500000000000014
-0.27300000000000013
-0.2480000000000001
-0.20600000000000007
-0.13300000000000003
-0.019000000000000055
0.1529999999999998
0.4049999999999997
0.7750000000000004
1.3070000000000008
2.0160000000000005
2.8580000000000005
3.647999999999999
4.153000000000003
4.321000000000002
4.274
4.132000000000003
3.858000000000003
3.3860000000000006
2.7230000000000003
1.9880000000000022
1.330000000000001
0.8050000000000004
0.42599999999999977
0.15499999999999972
-0.02100000000000006
-0.14
-0.21500000000000008
-0.2570000000000001
-0.2790000000000001
-0.2890000000000001
-0.2870000000000001
-0.2830000000000001
-0.2690000000000001
-0.2600000000000001
-0.2420000000000001
-0.2430000000000001
-0.2550000000000001
-0.2660000000000001
-0.2710000000000001
-0.27100000000000013
-0.26900000000000013
-0.2520000000000001
-0.21800000000000008
-0.15800000000000006
-0.07099999999999997
0.06499999999999977
0.2569999999999998
0.5299999999999998
0.9070000000000004
1.3870000000000011
1.9810000000000016
2.6180000000000003
3.208000000000002
3.6449999999999987
3.8779999999999997
3.925999999999998
3.8200000000000003
3.5590000000000024
3.1370000000000013
2.592000000000001
1.9889999999999994
1.411000000000001
0.9240000000000013
0.5419999999999999
0.2639999999999997
0.06599999999999977
-0.07400000000000004
-0.16300000000000003
-0.2220000000000001
-0.2540000000000001
-0.2690000000000001
-0.27600000000000013
-0.27100000000000013
-0.2660000000000001
-0.2580000000000001
-0.24000000000000013
-0.2380000000000001
-0.2550000000000001
-0.2610000000000001
-0.26200000000000007
-0.2650000000000001
-0.2540000000000001
-0.2300000000000001
-0.18700000000000008
-0.12099999999999995
-0.017000000000000105
0.1319999999999998
0.33199999999999974
0.6149999999999997
0.9760000000000005
1.4240000000000004
1.9330000000000007
2.4699999999999998
2.960000000000001
3.3429999999999995
3.575999999999999
3.6450000000000022
3.5690000000000026
3.3380000000000027
2.955000000000001
2.4709999999999996
1.9600000000000006
1.4410000000000007
0.9950000000000012
0.6229999999999999
0.34099999999999975
0.12899999999999978
-0.026000000000000092
-0.12700000000000003
-0.1930000000000001
-0.2330000000000001
-0.25900000000000006
-0.2670000000000001
-0.2660000000000001
-0.2660000000000001
-0.2530000000000001
-0.2410000000000001
-0.2390000000000001
-0.2520000000000001
-0.25700000000000006
-0.25600000000000006
-0.2590000000000001
-0.24300000000000008
-0.2170000000000001
-0.17000000000000004
-0.09300000000000003
0.014999999999999899
0.1679999999999998
0.3839999999999997
0.6649999999999998
1.020000000000001
1.4420000000000006
1.9029999999999996
2.3809999999999993
2.8160000000000025
3.160999999999999
3.3819999999999997
3.4590000000000014
3.3909999999999996
3.172999999999999
2.8350000000000017
2.406
1.9270000000000012
1.4570000000000014
1.0300000000000014
0.6729999999999999
0.3859999999999998
0.16699999999999982
0.014999999999999838
-0.09899999999999996
-0.17000000000000007
-0.2220000000000001
-0.2450000000000001
-0.2580000000000001
-0.2580000000000001
-0.2610000000000001
-0.2510000000000001
-0.23800000000000007
-0.2350000000000001
-0.2530000000000001
-0.2560000000000001
-0.2570000000000001
-0.25400000000000006
-0.23700000000000013
-0.21100000000000008
-0.15700000000000006
-0.08099999999999997
0.03399999999999985
0.19399999999999973
0.4109999999999997
0.6980000000000001
1.0450000000000006
1.449000000000001
1.8910000000000016
2.3390000000000017
2.7450000000000014
3.0680000000000023
3.282
3.3550000000000004
3.2850000000000015
3.0800000000000023
2.7580000000000013
2.3480000000000008
1.902000000000002
1.4580000000000009
1.0500000000000005
0.6960000000000001
0.4199999999999998
0.19599999999999979
0.0349999999999999
-0.08200000000000003
-0.15600000000000003
-0.21300000000000008
-0.23800000000000013
-0.2520000000000001
-0.25600000000000006
-0.25800000000000006
-0.2500000000000001
-0.23600000000000007
-0.2360000000000001
-0.2520000000000001
-0.2550000000000001
-0.2540000000000001
-0.2550000000000001
-0.2390000000000001
-0.2050000000000001
-0.15200000000000002
-0.07400000000000004
0.04299999999999984
0.20299999999999974
0.4229999999999997
0.7110000000000002
1.056000000000001
1.4540000000000004
1.893000000000001
2.3290000000000015
2.7279999999999998
3.0450000000000013
3.2490000000000037
3.32
3.2490000000000023
3.0470000000000006
2.726
2.3270000000000017
1.8920000000000015
1.454
1.0570000000000008
0.7110000000000003
0.42099999999999993
0.20099999999999973
0.045999999999999895
-0.07400000000000002
-0.15100000000000002
-0.20600000000000007
-0.2400000000000001
-0.25400000000000006
-0.2530000000000001
-0.25500000000000006
-0.25100000000000006
-0.2340000000000001
-0.2350000000000001
-0.2530000000000001
-0.2560000000000001
-0.2570000000000001
-0.25400000000000006
-0.23700000000000013
-0.21100000000000008
-0.15700000000000006
-0.08099999999999997
0.03399999999999985
0.19399999999999973
0.4109999999999997
0.6980000000000001
1.0450000000000006
1.449000000000001
1.8910000000000016
2.3390000000000017
2.7450000000000014
3.0680000000000023
3.282
3.3550000000000004
3.2850000000000015
3.0800000000000023
2.7580000000000013
2.3480000000000008
1.902000000000002
1.4580000000000009
1.0500000000000005
0.6960000000000001
0.4199999999999998
0.19599999999999979
0.0349999999999999
-0.08200000000000003
-0.15600000000000003
-0.21300000000000008
-0.23800000000000013
-0.2520000000000001
-0.25600000000000006
-0.25800000000000006
-0.2500000000000001
-0.23600000000000007
-0.2390000000000001
-0.2520000000000001
-0.25700000000000006
-0.25600000000000006
-0.2590000000000001
-0.24300000000000008
-0.2170000000000001
-0.17000000000000004
-0.09300000000000003
0.014999999999999899
0.1679999999999998
0.3839999999999997
0.6649999999999998
1.020000000000001
1.4420000000000006
1.9029999999999996
2.3809999999999993
2.8160000000000025
3.160999999999999
3.3819999999999997
3.4590000000000014
3.3909999999999996
3.172999999999999
2.8350000000000017
2.406
1.9270000000000012
1.4570000000000014
1.0300000000000014
0.6729999999999999
0.3859999999999998
0.16699999999999982
0.014999999999999838
-0.09899999999999996
-0.17000000000000007
-0.2220000000000001
-0.2450000000000001
-0.2580000000000001
-0.2580000000000001
-0.2610000000000001
-0.2510000000000001
-0.23800000000000007
-0.2380000000000001
-0.2550000000000001
-0.2610000000000001
-0.26200000000000007
-0.2650000000000001
-0.2540000000000001
-0.2300000000000001
-0.18700000000000008
-0.12099999999999995
-0.017000000000000105
0.1319999999999998
0.33199999999999974
0.6149999999999997
0.9760000000000005
1.4240000000000004
1.9330000000000007
2.4699999999999998
2.960000000000001
3.3429999999999995
3.575999999999999
3.6450000000000022
3.5690000000000026
3.3380000000000027
2.955000000000001
2.4709999999999996
1.9600000000000006
1.4410000000000007
0.9950000000000012
0.6229999999999999
0.34099999999999975
0.12899999999999978
-0.026000000000000092
-0.12700000000000003
-0.1930000000000001
-0.2330000000000001
-0.25900000000000006
-0.2670000000000001
-0.2660000000000001
-0.2660000000000001
-0.2530000000000001
-0.2410000000000001
-0.2430000000000001
-0.2550000000000001
-0.2660000000000001
-0.2710000000000001
-0.27100000000000013
-0.26900000000000013
-0.2520000000000001
-0.21800000000000008
-0.15800000000000006
-0.07099999999999997
0.06499999999999977
0.2569999999999998
0.5299999999999998
0.9070000000000004
1.3870000000000011
1.9810000000000016
2.6180000000000003
3.208000000000002
3.6449999999999987
3.8779999999999997
3.925999999999998
3.8200000000000003
3.5590000000000024
3.1370000000000013
2.592000000000001
1.9889999999999994
1.411000000000001
0.9240000000000013
0.5419999999999999
0.2639999999999997
0.06599999999999977
-0.07400000000000004
-0.16300000000000003
-0.2220000000000001
-0.2540000000000001
-0.2690000000000001
-0.27600000000000013
-0.27100000000000013
-0.2660000000000001
-0.2580000000000001
-0.24000000000000013
-0.23500000000000013
-0.2560000000000001
-0.27000000000000013
-0.27700000000000014
-0.2830000000000001
-0.28500000000000014
-0.27300000000000013
-0.2480000000000001
-0.20600000000000007
-0.13300000000000003
-0.019000000000000055
0.1529999999999998
0.4049999999999997
0.7750000000000004
1.3070000000000008
2.0160000000000005
2.8580000000000005
3.647999999999999
4.153000000000003
4.321000000000002
4.274
4.132000000000003
3.858000000000003
3.3860000000000006
2.7230000000000003
1.9880000000000022
1.330000000000001
0.8050000000000004
0.42599999999999977
0.15499999999999972
-0.02100000000000006
-0.14
-0.21500000000000008
-0.2570000000000001
-0.2790000000000001
-0.2890000000000001
-0.2870000000000001
-0.2830000000000001
-0.2690000000000001
-0.2600000000000001
-0.2420000000000001
-0.23600000000000015
-0.2540000000000001
-0.27600000000000013
-0.28500000000000014
-0.2940000000000001
-0.30100000000000016
-0.30100000000000016
-0.28700000000000014
-0.2640000000000001
-0.21100000000000008
-0.12100000000000001
0.008999999999999883
0.22199999999999967
0.5629999999999996
1.108
1.973000000000001
3.1960000000000024
4.431000000000002
5.044000000000001
4.906999999999999
4.597000000000003
4.429000000000003
4.257000000000001
3.774000000000001
2.9100000000000015
1.9570000000000014
1.1680000000000015
0.6079999999999999
0.24599999999999972
0.013999999999999835
-0.12800000000000003
-0.21800000000000008
-0.2690000000000001
-0.2960000000000001
-0.3070000000000001
-0.3100000000000001
-0.2980000000000001
-0.2900000000000001
-0.2730000000000001
-0.2590000000000001
-0.2420000000000001
-0.24200000000000016
-0.2550000000000001
-0.27900000000000014
-0.29400000000000004
-0.30800000000000005
-0.31700000000000006
-0.3310000000000001
-0.3270000000000001
-0.3180000000000001
-0.2960000000000001
-0.2490000000000001
-0.16300000000000003
-0.029999999999999964
0.20999999999999977
0.6519999999999997
1.5790000000000017
3.3919999999999995
5.701
6.506000000000003
5.397000000000002
4.4410000000000025
4.471000000000003
4.835999999999998
4.459999999999998
3.156000000000001
1.7710000000000017
0.8270000000000011
0.2899999999999999
-0.0050000000000001025
-0.163
-0.24900000000000003
-0.30600000000000016
-0.3290000000000001
-0.3350000000000001
-0.33800000000000013
-0.32700000000000007
-0.31500000000000006
-0.2970000000000001
-0.2780000000000001
-0.2600000000000001
-0.2450000000000001
-0.24600000000000016
-0.2630000000000002
-0.27900000000000014
-0.3020000000000001
-0.3200000000000001
-0.3390000000000001
-0.35500000000000015
-0.3710000000000001
-0.3820000000000001
-0.3890000000000001
-0.38100000000000017
-0.36600000000000016
-0.3270000000000001
-0.2910000000000001
-0.18199999999999988
0.3119999999999997
2.365000000000001
6.675000000000001
8.115999999999998
4.622000000000001
2.613000000000003
3.5470000000000024
5.706000000000001
5.606000000000001
3.1170000000000027
1.0750000000000015
0.14199999999999985
-0.19999999999999998
-0.3220000000000002
-0.37200000000000016
-0.3960000000000002
-0.39900000000000013
-0.39400000000000013
-0.3810000000000001
-0.3680000000000001
-0.3470000000000001
-0.32600000000000007
-0.30400000000000005
-0.2860000000000001
-0.26400000000000007
-0.2510000000000001
-0.24800000000000016
-0.2660000000000001
-0.28400000000000014
-0.30500000000000016
-0.33100000000000007
-0.3590000000000001
-0.3840000000000001
-0.4190000000000001
-0.4440000000000001
-0.47700000000000015
-0.5180000000000001
-0.5690000000000002
-0.6560000000000001
-0.8270000000000002
-1.2009999999999987
-1.7849999999999993
-1.1769999999999987
3.799000000000001
4.907000000000001
-0.1880000000000006
-2.3499999999999996
0.2609999999999997
6.130000000000001
5.899999999999999
1.4849999999999999
-0.7270000000000002
-1.0099999999999998
-0.8430000000000002
-0.6890000000000002
-0.5920000000000002
-0.5310000000000001
-0.48800000000000016
-0.4560000000000001
-0.4200000000000001
-0.3910000000000001
-0.36200000000000015
-0.33700000000000013
-0.3110000000000001
-0.2890000000000001
-0.26900000000000013
-0.2520000000000001
-0.24200000000000013
-0.27000000000000013
-0.29100000000000015
-0.3090000000000001
-0.34200000000000014
-0.3720000000000001
-0.40900000000000014
-0.4470000000000001
-0.49400000000000016
-0.56
-0.6320000000000001
-0.7560000000000001
-0.9390000000000002
-1.271999999999999
-1.932999999999999
-3.178999999999999
-4.571999999999999
-0.11199999999999855
11.23
-7.879999999999993
-7.718999999999997
-5.583000000000001
2.987000000000001
0.6760000000000002
-2.5749999999999997
-3.2749999999999977
-2.265999999999998
-1.453999999999999
-1.018
-0.7880000000000001
-0.6530000000000002
-0.5650000000000001
-0.5070000000000001
-0.45300000000000007
-0.41200000000000014
-0.38100000000000017
-0.34400000000000014
-0.3200000000000001
-0.2920000000000001
-0.27000000000000013
-0.2470000000000001
-0.24000000000000013
-0.26900000000000013
-0.2940000000000001
-0.3170000000000001
-0.34600000000000014
-0.3830000000000001
-0.4290000000000001
-0.4740000000000001
-0.5430000000000001
-0.6280000000000001
-0.7510000000000002
-0.9180000000000001
-1.1889999999999987
-1.6459999999999986
-2.4459999999999997
-3.7489999999999988
-5.124999999999998
-2.6359999999999983
7.401000000000001
-9.876999999999995
-9.427999999999994
-9.756999999999996
17.286000000000005
2.27
-6.387999999999999
-4.7829999999999995
-2.919999999999999
-1.8079999999999987
-1.2329999999999994
-0.9290000000000002
-0.735
-0.6290000000000001
-0.545
-0.4810000000000001
-0.43600000000000005
-0.3860000000000001
-0.3500000000000001
-0.3230000000000001
-0.2900000000000001
-0.2670000000000001
-0.2470000000000001
-0.24300000000000013
-0.2670000000000001
-0.2890000000000001
-0.3250000000000001
-0.35300000000000015
-0.3920000000000001
-0.43900000000000017
-0.5030000000000001
-0.5760000000000002
-0.6800000000000002
-0.8200000000000002
-1.0270000000000001
-1.3589999999999989
-1.9089999999999994
-2.863
-4.395999999999998
-5.870999999999999
-2.511999999999998
8.117999999999999
-3.352999999999998
-9.287999999999997
-8.163000000000004
-3.603999999999997
-7.062000000000002
-6.3679999999999986
-4.4030000000000005
-2.8449999999999984
-1.8809999999999982
-1.3219999999999983
-0.9990000000000001
-0.797
-0.6610000000000001
-0.5690000000000001
-0.4940000000000001
-0.4360000000000001
-0.3890000000000001
-0.35500000000000015
-0.31400000000000006
-0.2900000000000001
-0.26600000000000007
-0.2450000000000001
-0.24200000000000013
-0.2650000000000001
-0.2880000000000001
-0.3150000000000001
-0.35000000000000014
-0.39400000000000013
-0.44300000000000006
-0.5060000000000001
-0.5850000000000002
-0.6970000000000002
-0.8540000000000002
-1.0839999999999996
-1.4399999999999986
-2.016999999999999
-2.992999999999999
-4.528999999999999
-6.13
-5.551
-1.5870000000000015
3.3810000000000002
5.545999999999998
2.511999999999999
-0.24099999999999977
-6.1129999999999995
-6.1149999999999975
-4.092
-2.686
-1.8449999999999989
-1.3409999999999989
-1.023
-0.8220000000000002
-0.6770000000000002
-0.5750000000000001
-0.5040000000000001
-0.4450000000000001
-0.3910000000000001
-0.34900000000000014
-0.3160000000000001
-0.2850000000000001
-0.26200000000000007
-0.2390000000000001
-0.23500000000000007
-0.2600000000000001
-0.2850000000000001
-0.3090000000000001
-0.34500000000000014
-0.3900000000000001
-0.44200000000000006
-0.5080000000000001
-0.5950000000000002
-0.7030000000000002
-0.8600000000000002
-1.081
-1.4109999999999987
-1.931999999999999
-2.730999999999999
-3.880999999999999
-5.080000000000002
-5.411
-4.027000000000001
-1.749
-1.1529999999999998
-3.2450000000000006
-5.665999999999999
-6.5790000000000015
-5.462000000000001
-3.758999999999999
-2.522999999999998
-1.7739999999999987
-1.3139999999999992
-1.0130000000000001
-0.8240000000000002
-0.6810000000000003
-0.5800000000000002
-0.5010000000000001
-0.44100000000000017
-0.3900000000000001
-0.34500000000000014
-0.31500000000000006
-0.28600000000000003
-0.25900000000000006
-0.2370000000000001
-0.2310000000000001
-0.2560000000000001
-0.2820000000000001
-0.30500000000000005
-0.34000000000000014
-0.3790000000000001
-0.43500000000000005
-0.4980000000000001
-0.5820000000000002
-0.6920000000000002
-0.8360000000000002
-1.0370000000000001
-1.3219999999999983
-1.7349999999999988
-2.3189999999999973
-3.060999999999998
-3.8009999999999984
-4.154999999999999
-3.871000000000001
-3.311000000000001
-3.3460000000000014
-4.264
-5.207000000000002
-5.220999999999999
-4.305999999999999
-3.148999999999998
-2.2409999999999983
-1.6369999999999987
-1.2419999999999993
-0.9800000000000002
-0.7980000000000002
-0.6650000000000001
-0.5680000000000002
-0.49200000000000016
-0.42900000000000016
-0.3820000000000002
-0.34100000000000014
-0.30700000000000005
-0.2780000000000001
-0.25200000000000006
-0.2270000000000001
-0.2230000000000001
-0.24600000000000008
-0.2770000000000001
-0.3020000000000001
-0.33600000000000013
-0.3760000000000001
-0.4260000000000001
-0.4880000000000001
-0.5610000000000002
-0.6600000000000001
-0.7890000000000003
-0.9610000000000003
-1.1979999999999986
-1.508999999999999
-1.9099999999999986
-2.3759999999999986
-2.8299999999999987
-3.1279999999999997
-3.2079999999999997
-3.186000000000001
-3.3169999999999997
-3.6390000000000002
-3.873999999999999
-3.712
-3.1689999999999996
-2.4919999999999978
-1.8899999999999995
-1.450999999999999
-1.1419999999999983
-0.9220000000000003
-0.7570000000000003
-0.6390000000000002
-0.547
-0.47200000000000014
-0.41500000000000015
-0.3700000000000001
-0.3300000000000001
-0.29900000000000004
-0.27100000000000013
-0.24500000000000005
-0.2220000000000001
-0.21400000000000008
-0.2350000000000001
-0.26300000000000007
-0.2930000000000001
-0.3280000000000001
-0.3630000000000001
-0.40900000000000014
-0.4670000000000001
-0.5380000000000001
-0.6250000000000002
-0.7380000000000002
-0.8750000000000002
-1.0610000000000002
-1.2949999999999993
-1.5699999999999992
-1.8699999999999999
-2.1679999999999997
-2.4009999999999985
-2.5420000000000007
-2.6360000000000006
-2.7310000000000003
-2.8219999999999996
-2.8350000000000004
-2.6689999999999996
-2.3419999999999996
-1.9459999999999995
-1.5699999999999998
-1.2619999999999996
-1.0230000000000001
-0.8450000000000002
-0.7090000000000002
-0.6030000000000001
-0.5180000000000001
-0.4520000000000001
-0.40300000000000014
-0.3560000000000001
-0.32100000000000006
-0.29000000000000004
-0.25900000000000006
-0.23800000000000004
-0.21400000000000008
-0.20700000000000007
-0.2290000000000001
-0.24900000000000008
-0.2760000000000001
-0.3110000000000001
-0.3480000000000001
-0.3930000000000001
-0.44300000000000006
-0.5040000000000001
-0.5830000000000002
-0.6740000000000002
-0.7920000000000001
-0.9300000000000003
-1.0990000000000002
-1.2939999999999996
-1.5020000000000002
-1.703
-1.8760000000000001
-2.004
-2.0890000000000004
-2.1479999999999997
-2.164
-2.1229999999999998
-1.9909999999999997
-1.7830000000000001
-1.5359999999999998
-1.2959999999999994
-1.086
-0.9070000000000001
-0.7680000000000003
-0.6550000000000002
-0.5620000000000002
-0.48900000000000016
-0.43100000000000016
-0.3830000000000001
-0.3400000000000001
-0.30600000000000005
-0.2760000000000001
-0.25200000000000006
-0.2270000000000001
-0.20800000000000007
-0.20000000000000007
-0.22100000000000009
-0.2380000000000001
-0.26500000000000007
-0.2890000000000001
-0.3270000000000001
-0.3690000000000001
-0.41200000000000014
-0.4650000000000002
-0.5340000000000001
-0.6110000000000002
-0.7050000000000003
-0.8140000000000003
-0.9440000000000002
-1.083
-1.228
-1.368
-1.486
-1.583
-1.6500000000000008
-1.6870000000000005
-1.6800000000000006
-1.635
-1.533
-1.4000000000000004
-1.2389999999999997
-1.074
-0.9280000000000003
-0.7950000000000002
-0.6900000000000002
-0.5980000000000002
-0.5160000000000001
-0.4560000000000001
-0.40500000000000014
-0.36200000000000015
-0.32500000000000007
-0.29100000000000004
-0.26300000000000007
-0.23900000000000005
-0.2220000000000001
-0.20500000000000007
-0.18600000000000003
-0.21400000000000008
-0.2280000000000001
-0.25100000000000006
-0.2750000000000001
-0.3050000000000001
-0.34500000000000014
-0.3860000000000001
-0.42800000000000016
-0.48700000000000015
-0.5520000000000002
-0.6300000000000002
-0.7140000000000002
-0.8120000000000003
-0.9130000000000003
-1.0150000000000003
-1.1150000000000002
-1.2060000000000002
-1.2769999999999997
-1.3190000000000004
-1.3340000000000003
-1.3319999999999996
-1.292
-1.22
-1.123
-1.0140000000000002
-0.9010000000000002
-0.7950000000000003
-0.6980000000000002
-0.6150000000000001
-0.5390000000000001
-0.47600000000000015
-0.42500000000000016
-0.3780000000000001
-0.3410000000000001
-0.30100000000000005
-0.277
-0.24800000000000005
-0.2300000000000001
-0.21300000000000008
-0.19200000000000006
