-0.609
-0.665
-0.726
-0.796
-0.876
-0.966
-1.068
-1.186
-1.32
-1.473
-1.646
-1.84
-2.054
-2.285
-2.524
-2.763
-2.987
-3.183
-3.343
-3.446
-3.499
-3.49
-3.416
-3.277
-3.083
-2.848
-2.594
-2.337
-2.092
-1.866
-1.664
-1.486
-1.33
-1.194
-1.075
-0.972
-0.881
-0.801
-0.731
-0.669
-0.614
-0.64
-0.699
-0.767
-0.843
-0.931
-1.032
-1.148
-1.283
-1.439
-1.621
-1.832
-2.074
-2.348
-2.651
-2.972
-3.297
-3.604
-3.867
-4.086
-4.236
-4.316
-4.321
-4.236
-4.052
-3.779
-3.446
-3.086
-2.732
-2.403
-2.11
-1.856
-1.638
-1.451
-1.292
-1.156
-1.039
-0.938
-0.849
-0.772
-0.704
-0.644
-0.669
-0.733
-0.806
-0.89
-0.986
-1.097
-1.228
-1.381
-1.563
-1.778
-2.033
-2.336
-2.689
-3.092
-3.531
-3.984
-4.413
-4.781
-5.064
-5.265
-5.393
-5.439
-5.363
-5.127
-4.737
-4.244
-3.718
-3.215
-2.767
-2.384
-2.064
-1.798
-1.577
-1.393
-1.237
-1.106
-0.994
-0.897
-0.813
-0.739
-0.675
-0.698
-0.766
-0.844
-0.934
-1.039
-1.161
-1.306
-1.478
-1.686
-1.939
-2.247
-2.625
-3.082
-3.626
-4.242
-4.893
-5.506
-6.001
-6.339
-6.569
-6.766
-6.936
-6.955
-6.685
-6.105
-5.337
-4.534
-3.802
-3.184
-2.683
-2.281
-1.96
-1.701
-1.49
-1.316
-1.171
-1.048
-0.942
-0.852
-0.773
-0.704
-0.725
-0.797
-0.88
-0.976
-1.088
-1.22
-1.378
-1.569
-1.803
-2.095
-2.462
-2.929
-3.523
-4.265
-5.154
-6.13
-7.045
-7.695
-7.977
-8.067
-8.329
-8.856
-9.262
-9.049
-8.141
-6.864
-5.587
-4.5
-3.644
-2.992
-2.496
-2.116
-1.819
-1.582
-1.391
-1.232
-1.099
-0.986
-0.889
-0.805
-0.732
-0.751
-0.826
-0.913
-1.014
-1.132
-1.272
-1.441
-1.648
-1.907
-2.236
-2.664
-3.232
-3.993
-5.009
-6.32
-7.859
-9.326
-10.156
-9.953
-9.222
-9.331
-10.861
-12.519
-12.695
-11.181
-8.953
-6.884
-5.277
-4.115
-3.288
-2.693
-2.254
-1.922
-1.662
-1.455
-1.285
-1.144
-1.025
-0.923
-0.835
-0.758
-0.773
-0.852
-0.942
-1.046
-1.169
-1.315
-1.492
-1.71
-1.986
-2.346
-2.828
-3.493
-4.438
-5.797
-7.715
-10.2
-12.715
-13.772
-11.887
-8.068
-6.87
-10.89
-15.878
-17.538
-15.177
-11.402
-8.231
-6.0
-4.511
-3.518
-2.839
-2.355
-1.998
-1.723
-1.506
-1.329
-1.182
-1.058
-0.953
-0.861
-0.782
-0.794
-0.874
-0.966
-1.072
-1.197
-1.346
-1.526
-1.749
-2.034
-2.409
-2.911
-3.645
-4.741
-6.429
-9.026
-12.754
-16.794
-17.489
-11.265
-0.024
6.364
-2.725
-11.146
-19.145
-18.402
-13.19
-9.129
-6.44
-4.724
-3.629
-2.907
-2.406
-2.039
-1.76
-1.539
-1.359
-1.21
-1.084
-0.976
-0.883
-0.802
-0.808
-0.889
-0.981
-1.087
-1.211
-1.358
-1.535
-1.753
-2.031
-2.399
-2.909
-3.655
-4.807
-6.659
-9.658
-14.287
-19.603
-16.095
1.183
-12.235
-19.328
-18.569
10.016
-15.409
-18.502
-12.931
-8.963
-6.314
-4.622
-3.562
-2.87
-2.392
-2.04
-1.77
-1.555
-1.378
-1.23
-1.104
-0.996
-0.902
-0.819
-0.822
-0.903
-0.995
-1.1
-1.221
-1.362
-1.53
-1.736
-1.993
-2.329
-2.791
-3.463
-4.501
-6.164
-8.789
-12.692
-17.263
-9.548
21.475
-25.947
-27.618
-25.544
33.978
16.923
-7.981
-9.701
-7.485
-5.459
-4.135
-3.283
-2.711
-2.303
-1.994
-1.748
-1.548
-1.381
-1.239
-1.116
-1.009
-0.916
-0.833
-0.84
-0.92
-1.011
-1.113
-1.23
-1.363
-1.519
-1.704
-1.928
-2.211
-2.583
-3.101
-3.858
-4.983
-6.507
-7.935
-5.812
14.293
11.029
-10.567
-16.241
-4.625
18.603
10.593
-0.308
-5.013
-4.961
-4.109
-3.386
-2.86
-2.468
-2.161
-1.911
-1.703
-1.525
-1.372
-1.239
-1.122
-1.018
-0.926
-0.845
-0.848
-0.927
-1.015
-1.112
-1.221
-1.342
-1.479
-1.634
-1.813
-2.021
-2.272
-2.58
-2.961
-3.395
-3.665
-2.908
1.827
13.346
14.896
4.384
-1.056
4.636
13.64
10.823
3.112
-1.14
-2.416
-2.623
-2.53
-2.357
-2.165
-1.976
-1.799
-1.636
-1.487
-1.352
-1.23
-1.121
-1.022
-0.933
-0.853
-0.854
-0.931
-1.014
-1.1
-1.199
-1.305
-1.419
-1.54
-1.666
-1.792
-1.913
-2.009
-2.036
-1.879
-1.241
0.563
4.784
11.238
13.283
8.867
6.229
7.567
9.77
8.439
4.439
1.196
-0.566
-1.397
-1.751
-1.863
-1.851
-1.776
-1.672
-1.556
-1.439
-1.325
-1.217
-1.116
-1.023
-0.938
-0.86
-0.854
-0.927
-1.006
-1.09
-1.179
-1.27
-1.361
-1.448
-1.523
-1.575
-1.583
-1.511
-1.289
-0.79
0.216
2.074
5.023
8.267
9.545
8.56
7.601
7.559
7.576
6.474
4.302
2.102
0.48
-0.54
-1.122
-1.422
-1.548
-1.571
-1.535
-1.466
-1.381
-1.289
-1.196
-1.105
-1.019
-0.938
-0.863
-0.856
-0.927
-1.001
-1.078
-1.156
-1.232
-1.301
-1.357
-1.387
-1.376
-1.296
-1.107
-0.745
-0.114
0.909
2.425
4.348
6.18
7.193
7.297
7.056
6.797
6.324
5.345
3.897
2.335
0.993
0.001
-0.659
-1.061
-1.281
-1.38
-1.402
-1.375
-1.32
-1.25
-1.172
-1.091
-1.012
-0.936
-0.864
-0.857
-0.925
-0.995
-1.065
-1.134
-1.196
-1.246
-1.274
-1.267
-1.206
-1.064
-0.804
-0.378
0.273
1.198
2.394
3.745
4.986
5.841
6.227
6.263
6.038
5.534
4.692
3.578
2.363
1.242
0.333
-0.333
-0.783
-1.061
-1.215
-1.282
-1.291
-1.262
-1.211
-1.147
-1.076
-1.004
-0.932
-0.863
-0.857
-0.922
-0.988
-1.053
-1.113
-1.163
-1.196
-1.202
-1.166
-1.069
-0.886
-0.586
-0.135
0.497
1.321
2.305
3.354
4.32
5.051
5.479
5.597
5.43
4.979
4.26
3.337
2.328
1.363
0.537
-0.109
-0.576
-0.887
-1.078
-1.179
-1.216
-1.21
-1.175
-1.123
-1.062
-0.996
-0.928
-0.862
-0.857
-0.919
-0.982
-1.042
-1.095
-1.136
-1.156
-1.145
-1.087
-0.965
-0.755
-0.434
0.022
0.627
1.377
2.232
3.117
3.929
4.573
4.976
5.114
4.978
4.581
3.953
3.156
2.274
1.421
0.66
0.041
-0.427
-0.758
-0.972
-1.097
-1.155
-1.166
-1.145
-1.103
-1.049
-0.988
-0.924
-0.86
-0.857
-0.918
-0.978
-1.034
-1.082
-1.116
-1.127
-1.104
-1.032
-0.893
-0.668
-0.335
0.12
0.704
1.406
2.184
2.976
3.702
4.283
4.66
4.789
4.672
4.306
3.738
3.016
2.222
1.438
0.728
0.133
-0.33
-0.669
-0.897
-1.038
-1.11
-1.133
-1.122
-1.087
-1.038
-0.981
-0.92
-0.859
-0.857
-0.917
-0.975
-1.03
-1.075
-1.104
-1.11
-1.08
-0.999
-0.851
-0.617
-0.279
0.176
0.749
1.423
2.162
2.906
3.588
4.132
4.483
4.605
4.494
4.147
3.608
2.929
2.184
1.44
0.761
0.183
-0.276
-0.617
-0.853
-1.001
-1.082
-1.112
-1.106
-1.077
-1.031
-0.976
-0.917
-0.857
-0.857
-0.917
-0.975
-1.029
-1.073
-1.102
-1.105
-1.073
-0.989
-0.838
-0.601
-0.26
0.195
0.765
1.432
2.161
2.891
3.555
4.086
4.425
4.542
4.427
4.087
3.557
2.893
2.162
1.434
0.767
0.197
-0.259
-0.6
-0.837
-0.988
-1.071
-1.104
-1.1
-1.072
-1.028
-0.974
-0.916
-0.856
-0.857
-0.917
-0.975
-1.03
-1.075
-1.104
-1.11
-1.08
-0.999
-0.851
-0.617
-0.279
0.176
0.749
1.423
2.162
2.906
3.588
4.132
4.483
4.605
4.494
4.147
3.608
2.929
2.184
1.44
0.761
0.183
-0.276
-0.617
-0.853
-1.001
-1.082
-1.112
-1.106
-1.077
-1.031
-0.976
-0.917
-0.857
-0.857
-0.918
-0.978
-1.034
-1.082
-1.116
-1.127
-1.104
-1.032
-0.893
-0.668
-0.335
0.12
0.704
1.406
2.184
2.976
3.702
4.283
4.66
4.789
4.672
4.306
3.738
3.016
2.222
1.438
0.728
0.133
-0.33
-0.669
-0.897
-1.038
-1.11
-1.133
-1.122
-1.087
-1.038
-0.981
-0.92
-0.859
-0.857
-0.919
-0.982
-1.042
-1.095
-1.136
-1.156
-1.145
-1.087
-0.965
-0.755
-0.434
0.022
0.627
1.377
2.232
3.117
3.929
4.573
4.976
5.114
4.978
4.581
3.953
3.156
2.274
1.421
0.66
0.041
-0.427
-0.758
-0.972
-1.097
-1.155
-1.166
-1.145
-1.103
-1.049
-0.988
-0.924
-0.86
-0.857
-0.922
-0.988
-1.053
-1.113
-1.163
-1.196
-1.202
-1.166
-1.069
-0.886
-0.586
-0.135
0.497
1.321
2.305
3.354
4.32
5.051
5.479
5.597
5.43
4.979
4.26
3.337
2.328
1.363
0.537
-0.109
-0.576
-0.887
-1.078
-1.179
-1.216
-1.21
-1.175
-1.123
-1.062
-0.996
-0.928
-0.862
-0.857
-0.925
-0.995
-1.065
-1.134
-1.196
-1.246
-1.274
-1.267
-1.206
-1.064
-0.804
-0.378
0.273
1.198
2.394
3.745
4.986
5.841
6.227
6.263
6.038
5.534
4.692
3.578
2.363
1.242
0.333
-0.333
-0.783
-1.061
-1.215
-1.282
-1.291
-1.262
-1.211
-1.147
-1.076
-1.004
-0.932
-0.863
-0.856
-0.927
-1.001
-1.078
-1.156
-1.232
-1.301
-1.357
-1.387
-1.376
-1.296
-1.107
-0.745
-0.114
0.909
2.425
4.348
6.18
7.193
7.297
7.056
6.797
6.324
5.345
3.897
2.335
0.993
0.001
-0.659
-1.061
-1.281
-1.38
-1.402
-1.375
-1.32
-1.25
-1.172
-1.091
-1.012
-0.936
-0.864
-0.854
-0.927
-1.006
-1.09
-1.179
-1.27
-1.361
-1.448
-1.523
-1.575
-1.583
-1.511
-1.289
-0.79
0.216
2.074
5.023
8.267
9.545
8.56
7.601
7.559
7.576
6.474
4.302
2.102
0.48
-0.54
-1.122
-1.422
-1.548
-1.571
-1.535
-1.466
-1.381
-1.289
-1.196
-1.105
-1.019
-0.938
-0.863
-0.854
-0.931
-1.014
-1.1
-1.199
-1.305
-1.419
-1.54
-1.666
-1.792
-1.913
-2.009
-2.036
-1.879
-1.241
0.563
4.784
11.238
13.283
8.867
6.229
7.567
9.77
8.439
4.439
1.196
-0.566
-1.397
-1.751
-1.863
-1.851
-1.776
-1.672
-1.556
-1.439
-1.325
-1.217
-1.116
-1.023
-0.938
-0.86
-0.848
-0.927
-1.015
-1.112
-1.221
-1.342
-1.479
-1.634
-1.813
-2.021
-2.272
-2.58
-2.961
-3.395
-3.665
-2.908
1.827
13.346
14.896
4.384
-1.056
4.636
13.64
10.823
3.112
-1.14
-2.416
-2.623
-2.53
-2.357
-2.165
-1.976
-1.799
-1.636
-1.487
-1.352
-1.23
-1.121
-1.022
-0.933
-0.853
-0.84
-0.92
-1.011
-1.113
-1.23
-1.363
-1.519
-1.704
-1.928
-2.211
-2.583
-3.101
-3.858
-4.983
-6.507
-7.935
-5.812
14.293
11.029
-10.567
-16.241
-4.625
18.603
10.593
-0.308
-5.013
-4.961
-4.109
-3.386
-2.86
-2.468
-2.161
-1.911
-1.703
-1.525
-1.372
-1.239
-1.122
-1.018
-0.926
-0.845
-0.822
-0.903
-0.995
-1.1
-1.221
-1.362
-1.53
-1.736
-1.993
-2.329
-2.791
-3.463
-4.501
-6.164
-8.789
-12.692
-17.263
-9.548
21.475
-25.947
-27.618
-25.544
33.978
16.923
-7.981
-9.701
-7.485
-5.459
-4.135
-3.283
-2.711
-2.303
-1.994
-1.748
-1.548
-1.381
-1.239
-1.116
-1.009
-0.916
-0.833
-0.808
-0.889
-0.981
-1.087
-1.211
-1.358
-1.535
-1.753
-2.031
-2.399
-2.909
-3.655
-4.807
-6.659
-9.658
-14.287
-19.603
-16.095
1.183
-12.235
-19.328
-18.569
10.016
-15.409
-18.502
-12.931
-8.963
-6.314
-4.622
-3.562
-2.87
-2.392
-2.04
-1.77
-1.555
-1.378
-1.23
-1.104
-0.996
-0.902
-0.819
-0.794
-0.874
-0.966
-1.072
-1.197
-1.346
-1.526
-1.749
-2.034
-2.409
-2.911
-3.645
-4.741
-6.429
-9.026
-12.754
-16.794
-17.489
-11.265
-0.024
6.364
-2.725
-11.146
-19.145
-18.402
-13.19
-9.129
-6.44
-4.724
-3.629
-2.907
-2.406
-2.039
-1.76
-1.539
-1.359
-1.21
-1.084
-0.976
-0.883
-0.802
-0.773
-0.852
-0.942
-1.046
-1.169
-1.315
-1.492
-1.71
-1.986
-2.346
-2.828
-3.493
-4.438
-5.797
-7.715
-10.2
-12.715
-13.772
-11.887
-8.068
-6.87
-10.89
-15.878
-17.538
-15.177
-11.402
-8.231
-6.0
-4.511
-3.518
-2.839
-2.355
-1.998
-1.723
-1.506
-1.329
-1.182
-1.058
-0.953
-0.861
-0.782
-0.751
-0.826
-0.913
-1.014
-1.132
-1.272
-1.441
-1.648
-1.907
-2.236
-2.664
-3.232
-3.993
-5.009
-6.32
-7.859
-9.326
-10.156
-9.953
-9.222
-9.331
-10.861
-12.519
-12.695
-11.181
-8.953
-6.884
-5.277
-4.115
-3.288
-2.693
-2.254
-1.922
-1.662
-1.455
-1.285
-1.144
-1.025
-0.923
-0.835
-0.758
-0.725
-0.797
-0.88
-0.976
-1.088
-1.22
-1.378
-1.569
-1.803
-2.095
-2.462
-2.929
-3.523
-4.265
-5.154
-6.13
-7.045
-7.695
-7.977
-8.067
-8.329
-8.856
-9.262
-9.049
-8.141
-6.864
-5.587
-4.5
-3.644
-2.992
-2.496
-2.116
-1.819
-1.582
-1.391
-1.232
-1.099
-0.986
-0.889
-0.805
-0.732
-0.698
-0.766
-0.844
-0.934
-1.039
-1.161
-1.306
-1.478
-1.686
-1.939
-2.247
-2.625
-3.082
-3.626
-4.242
-4.893
-5.506
-6.001
-6.339
-6.569
-6.766
-6.936
-6.955
-6.685
-6.105
-5.337
-4.534
-3.802
-3.184
-2.683
-2.281
-1.96
-1.701
-1.49
-1.316
-1.171
-1.048
-0.942
-0.852
-0.773
-0.704
-0.669
-0.733
-0.806
-0.89
-0.986
-1.097
-1.228
-1.381
-1.563
-1.778
-2.033
-2.336
-2.689
-3.092
-3.531
-3.984
-4.413
-4.781
-5.064
-5.265
-5.393
-5.439
-5.363
-5.127
-4.737
-4.244
-3.718
-3.215
-2.767
-2.384
-2.064
-1.798
-1.577
-1.393
-1.237
-1.106
-0.994
-0.897
-0.813
-0.739
-0.675
-0.64
-0.699
-0.767
-0.843
-0.931
-1.032
-1.148
-1.283
-1.439
-1.621
-1.832
-2.074
-2.348
-2.651
-2.972
-3.297
-3.604
-3.867
-4.086
-4.236
-4.316
-4.321
-4.236
-4.052
-3.779
-3.446
-3.086
-2.732
-2.403
-2.11
-1.856
-1.638
-1.451
-1.292
-1.156
-1.039
-0.938
-0.849
-0.772
-0.704
-0.644
-0.609
-0.665
-0.726
-0.796
-0.876
-0.966
-1.068
-1.186
-1.32
-1.473
-1.646
-1.84
-2.054
-2.285
-2.524
-2.763
-2.987
-3.183
-3.343
-3.446
-3.499
-3.49
-3.416
-3.277
-3.083
-2.848
-2.594
-2.337
-2.092
-1.866
-1.664
-1.486
-1.33
-1.194
-1.075
-0.972
-0.881
-0.801
-0.731
-0.669
-0.614
