-0.40500000000000025
-0.4410000000000003
-0.4840000000000002
-0.5080000000000002
-0.5700000000000003
-0.6140000000000002
-0.6920000000000003
-0.7720000000000002
-0.8450000000000004
-0.949
-1.0579999999999987
-1.1880000000000002
-1.3100000000000032
-1.4450000000000016
-1.571
-1.6929999999999972
-1.8019999999999954
-1.9169999999999967
-2.0089999999999963
-2.0699999999999976
-2.089999999999998
-2.104
-2.083999999999996
-2.0189999999999984
-1.9169999999999983
-1.7999999999999992
-1.6509999999999974
-1.504999999999999
-1.3769999999999991
-1.2259999999999984
-1.1110000000000007
-0.9850000000000003
-0.8900000000000001
-0.7890000000000004
-0.7330000000000004
-0.6550000000000004
-0.6050000000000003
-0.5280000000000002
-0.4780000000000003
-0.42000000000000026
-0.39300000000000024
-0.41800000000000026
-0.4540000000000003
-0.4910000000000002
-0.5660000000000003
-0.6070000000000004
-0.6770000000000002
-0.7460000000000002
-0.8300000000000004
-0.9370000000000004
-1.0529999999999988
-1.1729999999999994
-1.333999999999999
-1.4760000000000018
-1.6530000000000014
-1.8390000000000013
-1.999999999999999
-2.168999999999997
-2.300999999999995
-2.4230000000000027
-2.514999999999997
-2.5399999999999987
-2.549999999999999
-2.5559999999999947
-2.4710000000000005
-2.322999999999991
-2.150999999999997
-1.966000000000001
-1.7739999999999982
-1.5770000000000015
-1.400999999999999
-1.2119999999999995
-1.0810000000000013
-0.9810000000000004
-0.8560000000000003
-0.7900000000000004
-0.7030000000000004
-0.6290000000000003
-0.5810000000000003
-0.5150000000000002
-0.4680000000000003
-0.42200000000000026
-0.42900000000000027
-0.4760000000000002
-0.5360000000000003
-0.5800000000000003
-0.6460000000000004
-0.7190000000000003
-0.8170000000000003
-0.9200000000000005
-1.019
-1.1500000000000017
-1.3060000000000012
-1.5080000000000005
-1.7060000000000002
-1.9329999999999983
-2.1630000000000007
-2.4000000000000012
-2.6209999999999942
-2.8370000000000033
-2.9800000000000026
-3.0830000000000015
-3.145000000000003
-3.1879999999999997
-3.1739999999999973
-3.046999999999998
-2.8759999999999954
-2.625999999999998
-2.3379999999999965
-2.073999999999999
-1.8009999999999984
-1.5720000000000005
-1.371000000000001
-1.208999999999998
-1.0549999999999997
-0.9290000000000003
-0.8320000000000003
-0.7420000000000003
-0.6760000000000004
-0.6000000000000003
-0.5440000000000003
-0.4870000000000003
-0.4430000000000003
-0.4670000000000003
-0.5280000000000002
-0.5540000000000003
-0.6250000000000004
-0.6960000000000003
-0.7740000000000002
-0.8720000000000004
-0.9890000000000004
-1.1210000000000004
-1.2810000000000001
-1.4670000000000007
-1.6910000000000025
-1.96
-2.278000000000003
-2.623000000000002
-2.950999999999993
-3.2409999999999943
-3.5109999999999992
-3.6849999999999974
-3.8249999999999993
-3.913999999999996
-3.9899999999999993
-4.0040000000000004
-3.906999999999996
-3.670999999999994
-3.2949999999999937
-2.880000000000001
-2.465000000000001
-2.106999999999999
-1.7880000000000011
-1.5189999999999997
-1.311000000000002
-1.1549999999999996
-1.0000000000000004
-0.8720000000000001
-0.7720000000000002
-0.7090000000000004
-0.6440000000000003
-0.5650000000000003
-0.5130000000000003
-0.4870000000000003
-0.4870000000000003
-0.5440000000000003
-0.5890000000000004
-0.6510000000000005
-0.7360000000000003
-0.8140000000000004
-0.9370000000000005
-1.0610000000000006
-1.2089999999999992
-1.4080000000000008
-1.6110000000000015
-1.9130000000000005
-2.255
-2.679
-3.143999999999999
-3.6469999999999967
-4.09700000000001
-4.427000000000002
-4.6250000000000036
-4.739000000000004
-4.871000000000012
-5.059000000000009
-5.2210000000000045
-5.188000000000014
-4.827000000000002
-4.249999999999999
-3.6019999999999976
-2.9530000000000074
-2.417000000000004
-1.9989999999999983
-1.6790000000000007
-1.4330000000000032
-1.2390000000000008
-1.0670000000000008
-0.9530000000000003
-0.8260000000000003
-0.7460000000000003
-0.6610000000000004
-0.5870000000000003
-0.5360000000000004
-0.5100000000000003
-0.49800000000000033
-0.5570000000000003
-0.6100000000000004
-0.6840000000000005
-0.7540000000000003
-0.8660000000000004
-0.9810000000000003
-1.108999999999999
-1.283999999999999
-1.491999999999999
-1.7590000000000028
-2.1410000000000045
-2.5939999999999968
-3.187999999999994
-3.897999999999997
-4.660000000000004
-5.371999999999998
-5.802999999999993
-5.8860000000000054
-5.730999999999994
-5.800999999999995
-6.396000000000001
-7.1049999999999995
-7.248000000000008
-6.699000000000017
-5.6310000000000064
-4.522000000000013
-3.546000000000004
-2.804000000000008
-2.246000000000001
-1.8339999999999994
-1.5459999999999992
-1.3310000000000008
-1.1360000000000015
-0.9970000000000007
-0.8750000000000001
-0.7850000000000003
-0.7020000000000004
-0.6180000000000003
-0.5650000000000004
-0.5170000000000003
-0.5240000000000004
-0.5550000000000003
-0.6490000000000005
-0.7050000000000004
-0.7890000000000004
-0.9020000000000005
-1.0250000000000001
-1.1880000000000002
-1.3540000000000019
-1.5920000000000014
-1.9170000000000014
-2.3459999999999988
-2.972000000000005
-3.7690000000000006
-4.842999999999997
-6.1389999999999825
-7.397999999999999
-8.116000000000003
-7.629000000000002
-6.128999999999996
-5.531999999999998
-7.423000000000005
-9.907999999999992
-10.609999999999957
-9.419999999999991
-7.4239999999999995
-5.564
-4.124000000000003
-3.1300000000000003
-2.4450000000000003
-1.9759999999999989
-1.6399999999999988
-1.375
-1.1950000000000023
-1.0350000000000008
-0.9060000000000002
-0.8240000000000004
-0.7300000000000004
-0.6520000000000004
-0.5920000000000004
-0.5240000000000004
-0.5190000000000003
-0.5820000000000004
-0.6710000000000005
-0.7210000000000004
-0.8280000000000005
-0.9470000000000005
-1.0669999999999997
-1.214
-1.4050000000000018
-1.667000000000002
-2.015000000000001
-2.499000000000005
-3.2060000000000044
-4.2799999999999905
-5.8870000000000005
-7.985999999999989
-10.32800000000001
-11.569000000000031
-9.387000000000032
-3.280999999999998
0.8430000000000004
-5.05700000000001
-10.613000000000023
-12.596000000000002
-11.841
-8.80200000000002
-6.264000000000013
-4.501000000000007
-3.312
-2.562000000000003
-2.0369999999999986
-1.7020000000000022
-1.414000000000003
-1.226
-1.0570000000000015
-0.9450000000000003
-0.8340000000000004
-0.7570000000000005
-0.6730000000000005
-0.6080000000000004
-0.5410000000000004
-0.5500000000000004
-0.6160000000000004
-0.6690000000000005
-0.7430000000000004
-0.8330000000000004
-0.9390000000000005
-1.0699999999999996
-1.2250000000000003
-1.4220000000000004
-1.683000000000002
-2.0480000000000045
-2.565000000000003
-3.3620000000000023
-4.609999999999984
-6.613999999999989
-9.580000000000021
-13.254000000000032
-13.21600000000001
-6.859000000000005
-8.642000000000001
-9.794000000000008
-10.103000000000002
12.193000000000003
-8.522000000000004
-11.596000000000009
-8.181000000000006
-5.9190000000000085
-4.314999999999997
-3.2169999999999974
-2.488000000000003
-2.014999999999997
-1.690999999999998
-1.4330000000000007
-1.2469999999999992
-1.090000000000001
-0.9670000000000005
-0.8550000000000005
-0.7710000000000005
-0.7010000000000005
-0.6380000000000005
-0.5720000000000004
-0.5690000000000004
-0.6230000000000004
-0.6830000000000005
-0.7740000000000005
-0.8320000000000004
-0.9520000000000005
-1.0609999999999988
-1.2100000000000017
-1.4000000000000044
-1.6360000000000021
-1.9860000000000018
-2.4640000000000053
-3.195000000000004
-4.385999999999992
-6.146999999999992
-8.605000000000025
-11.633999999999983
-7.453999999999996
12.029
-15.626999999999992
-17.76600000000002
-15.330999999999971
14.649999999999993
12.866
-1.4510000000000014
-4.643999999999992
-4.408000000000002
-3.539999999999998
-2.835999999999994
-2.316999999999997
-1.9339999999999982
-1.6349999999999982
-1.4339999999999995
-1.2429999999999988
-1.0920000000000003
-0.9760000000000005
-0.8680000000000005
-0.7840000000000005
-0.7090000000000005
-0.6590000000000005
-0.5920000000000004
-0.5810000000000004
-0.6450000000000005
-0.7130000000000005
-0.7730000000000006
-0.8610000000000005
-0.9450000000000003
-1.0639999999999992
-1.1970000000000032
-1.3770000000000022
-1.6070000000000029
-1.8870000000000033
-2.285000000000003
-2.815000000000004
-3.5939999999999945
-4.4280000000000035
-4.523000000000002
-1.0929999999999982
13.084999999999997
-1.0020000000000013
-2.6199999999999997
-8.31400000000001
0.9460000000000005
14.805000000000017
9.282000000000005
2.2179999999999915
-1.6079999999999983
-2.5690000000000017
-2.578000000000003
-2.294000000000001
-2.0099999999999993
-1.7870000000000017
-1.5729999999999993
-1.3740000000000003
-1.2270000000000016
-1.072
-0.9710000000000008
-0.8760000000000006
-0.7970000000000005
-0.7270000000000005
-0.6620000000000005
-0.5960000000000004
-0.6020000000000004
-0.6690000000000005
-0.7140000000000005
-0.7810000000000006
-0.8640000000000004
-0.9590000000000003
-1.065999999999999
-1.1900000000000004
-1.3420000000000036
-1.5170000000000028
-1.7160000000000009
-1.973000000000002
-2.255000000000001
-2.4760000000000018
-2.3659999999999983
-1.0430000000000006
2.994999999999998
9.068000000000051
9.413000000000002
4.383000000000003
1.2040000000000006
4.2110000000000065
7.209000000000002
4.677000000000006
1.5630000000000017
-0.3750000000000002
-1.3429999999999989
-1.7199999999999993
-1.7890000000000024
-1.724
-1.597000000000002
-1.4490000000000027
-1.3369999999999984
-1.187
-1.0910000000000002
-0.9840000000000008
-0.8770000000000006
-0.8020000000000005
-0.7390000000000005
-0.6650000000000005
-0.6060000000000004
-0.5920000000000004
-0.6700000000000005
-0.7200000000000005
-0.7950000000000006
-0.8590000000000005
-0.9450000000000005
-1.032
-1.132000000000001
-1.2550000000000008
-1.3700000000000012
-1.491000000000003
-1.591000000000002
-1.6769999999999978
-1.560000000000001
-1.0159999999999998
0.26399999999999946
2.3519999999999928
4.334999999999992
4.876999999999998
4.054000000000001
3.4540000000000037
3.8320000000000007
3.861000000000003
2.670000000000003
1.2359999999999978
0.13
-0.693
-1.1799999999999997
-1.411999999999998
-1.4499999999999966
-1.4290000000000034
-1.3500000000000048
-1.256000000000003
-1.149999999999999
-1.0600000000000003
-0.9680000000000007
-0.8750000000000006
-0.7910000000000006
-0.7420000000000005
-0.6820000000000005
-0.6050000000000004
-0.6020000000000004
-0.6690000000000005
-0.7270000000000005
-0.7900000000000005
-0.8440000000000005
-0.9210000000000005
-1.0030000000000001
-1.0710000000000004
-1.1440000000000017
-1.2310000000000003
-1.3020000000000012
-1.313000000000001
-1.2409999999999992
-0.9769999999999993
-0.43500000000000005
0.4490000000000003
1.536999999999996
2.408999999999993
2.8529999999999998
2.9729999999999954
2.9659999999999984
2.888000000000005
2.588999999999993
1.9009999999999996
1.0719999999999978
0.29500000000000004
-0.35700000000000043
-0.8290000000000001
-1.1170000000000007
-1.2499999999999991
-1.2570000000000021
-1.2180000000000029
-1.1670000000000011
-1.1120000000000012
-1.0140000000000005
-0.9390000000000005
-0.8570000000000005
-0.7840000000000006
-0.7180000000000005
-0.6750000000000005
-0.6080000000000003
-0.5990000000000004
-0.6640000000000005
-0.7080000000000004
-0.7740000000000005
-0.8460000000000005
-0.8880000000000005
-0.9720000000000004
-1.0130000000000006
-1.0760000000000003
-1.155000000000001
-1.1490000000000018
-1.091000000000001
-0.9410000000000001
-0.6839999999999998
-0.2189999999999998
0.40400000000000014
1.073999999999999
1.613999999999999
2.008
2.2200000000000046
2.2949999999999973
2.2
1.9469999999999963
1.4779999999999993
0.9119999999999987
0.31399999999999995
-0.19900000000000007
-0.5959999999999999
-0.8789999999999999
-1.0539999999999998
-1.1509999999999996
-1.1320000000000006
-1.1040000000000019
-1.0540000000000003
-1.0050000000000008
-0.9340000000000005
-0.8480000000000005
-0.7880000000000006
-0.7250000000000005
-0.6710000000000005
-0.6080000000000004
-0.6180000000000004
-0.6600000000000005
-0.7020000000000004
-0.7760000000000005
-0.8150000000000005
-0.8740000000000004
-0.9470000000000006
-0.9810000000000002
-1.0199999999999998
-1.0610000000000006
-1.026
-0.9509999999999998
-0.7749999999999998
-0.48899999999999955
-0.13200000000000012
0.33099999999999985
0.8060000000000014
1.2390000000000017
1.5549999999999995
1.7810000000000006
1.863999999999995
1.7729999999999948
1.5579999999999974
1.2319999999999987
0.7960000000000003
0.32200000000000006
-0.124
-0.4679999999999998
-0.7419999999999997
-0.9189999999999996
-1.0190000000000006
-1.056000000000001
-1.034000000000001
-1.0030000000000003
-0.9620000000000006
-0.9130000000000006
-0.8370000000000005
-0.7610000000000006
-0.7290000000000005
-0.6590000000000005
-0.6040000000000004
-0.6150000000000004
-0.6700000000000004
-0.6860000000000004
-0.7620000000000005
-0.8130000000000005
-0.8600000000000005
-0.9160000000000006
-0.9640000000000007
-0.9830000000000007
-0.9730000000000002
-0.9360000000000003
-0.83
-0.6579999999999994
-0.4109999999999997
-0.09899999999999988
0.29000000000000026
0.6680000000000003
1.0030000000000052
1.3070000000000024
1.496000000000001
1.528999999999997
1.4990000000000003
1.3199999999999974
1.0330000000000026
0.6929999999999995
0.28700000000000003
-0.07500000000000002
-0.3939999999999997
-0.6599999999999995
-0.8270000000000003
-0.9480000000000004
-0.9840000000000007
-0.9840000000000003
-0.9610000000000006
-0.9390000000000005
-0.8910000000000006
-0.8260000000000005
-0.7540000000000006
-0.7090000000000005
-0.6460000000000005
-0.6030000000000004
-0.6100000000000004
-0.6560000000000004
-0.6890000000000004
-0.7640000000000005
-0.8090000000000005
-0.8500000000000005
-0.8900000000000006
-0.9460000000000006
-0.9570000000000006
-0.9230000000000006
-0.8640000000000004
-0.7649999999999999
-0.5929999999999995
-0.36199999999999993
-0.06299999999999999
0.2489999999999999
0.5820000000000003
0.8780000000000038
1.122000000000004
1.2880000000000023
1.384999999999999
1.3139999999999987
1.1450000000000042
0.9110000000000025
0.6180000000000001
0.27700000000000014
-0.032999999999999974
-0.3359999999999998
-0.5729999999999996
-0.7699999999999999
-0.8890000000000005
-0.9240000000000003
-0.9660000000000004
-0.9270000000000006
-0.9070000000000006
-0.8700000000000006
-0.8130000000000005
-0.7570000000000006
-0.7050000000000005
-0.6680000000000005
-0.6040000000000004
-0.6010000000000004
-0.6520000000000004
-0.7050000000000004
-0.7420000000000004
-0.7980000000000005
-0.8510000000000005
-0.8850000000000006
-0.9190000000000006
-0.9130000000000006
-0.8960000000000006
-0.8310000000000003
-0.699
-0.5419999999999996
-0.3259999999999999
-0.08100000000000016
0.23600000000000002
0.5350000000000003
0.8219999999999988
1.0240000000000038
1.1570000000000007
1.2259999999999982
1.1959999999999988
1.042000000000003
0.8180000000000001
0.5390000000000003
0.2560000000000003
-0.04500000000000013
-0.3249999999999999
-0.5569999999999995
-0.7120000000000001
-0.7990000000000004
-0.8930000000000006
-0.9170000000000006
-0.9110000000000006
-0.8950000000000006
-0.8420000000000005
-0.7990000000000005
-0.7480000000000004
-0.6970000000000005
-0.6480000000000005
-0.6130000000000004
-0.6130000000000004
-0.6520000000000004
-0.6960000000000004
-0.7340000000000004
-0.7960000000000005
-0.8590000000000005
-0.8960000000000006
-0.9070000000000006
-0.9000000000000006
-0.8660000000000005
-0.7910000000000004
-0.6749999999999998
-0.5129999999999993
-0.309
-0.04000000000000013
0.23900000000000013
0.5470000000000003
0.7850000000000004
0.9680000000000037
1.0950000000000029
1.1339999999999995
1.0969999999999998
0.9770000000000035
0.776
0.5230000000000002
0.2680000000000001
-0.028000000000000094
-0.29199999999999987
-0.5279999999999991
-0.6869999999999998
-0.7990000000000004
-0.8650000000000005
-0.8980000000000006
-0.8980000000000006
-0.9120000000000006
-0.8550000000000005
-0.7970000000000005
-0.7470000000000004
-0.6930000000000004
-0.6480000000000005
-0.6130000000000004
-0.6040000000000004
-0.6680000000000004
-0.6950000000000004
-0.7460000000000004
-0.8000000000000005
-0.8400000000000005
-0.8720000000000006
-0.9190000000000006
-0.8700000000000004
-0.8600000000000005
-0.8070000000000005
-0.681
-0.4639999999999992
-0.24699999999999983
-0.013000000000000282
0.246
0.5200000000000004
0.7790000000000007
0.9890000000000024
1.0859999999999994
1.1200000000000017
1.0840000000000012
0.9850000000000024
0.7810000000000014
0.5280000000000005
0.25
-0.015000000000000211
-0.24699999999999978
-0.4689999999999993
-0.6860000000000002
-0.8020000000000005
-0.8510000000000005
-0.8740000000000006
-0.9090000000000006
-0.8940000000000006
-0.8370000000000005
-0.7990000000000005
-0.7400000000000004
-0.6840000000000004
-0.6700000000000004
-0.6070000000000004
-0.6130000000000004
-0.6520000000000004
-0.6960000000000004
-0.7340000000000004
-0.7960000000000005
-0.8590000000000005
-0.8960000000000006
-0.9070000000000006
-0.9000000000000006
-0.8660000000000005
-0.7910000000000004
-0.6749999999999998
-0.5129999999999993
-0.309
-0.04000000000000013
0.23900000000000013
0.5470000000000003
0.7850000000000004
0.9680000000000037
1.0950000000000029
1.1339999999999995
1.0969999999999998
0.9770000000000035
0.776
0.5230000000000002
0.2680000000000001
-0.028000000000000094
-0.29199999999999987
-0.5279999999999991
-0.6869999999999998
-0.7990000000000004
-0.8650000000000005
-0.8980000000000006
-0.8980000000000006
-0.9120000000000006
-0.8550000000000005
-0.7970000000000005
-0.7470000000000004
-0.6930000000000004
-0.6480000000000005
-0.6130000000000004
-0.6010000000000004
-0.6520000000000004
-0.7050000000000004
-0.7420000000000004
-0.7980000000000005
-0.8510000000000005
-0.8850000000000006
-0.9190000000000006
-0.9130000000000006
-0.8960000000000006
-0.8310000000000003
-0.699
-0.5419999999999996
-0.3259999999999999
-0.08100000000000016
0.23600000000000002
0.5350000000000003
0.8219999999999988
1.0240000000000038
1.1570000000000007
1.2259999999999982
1.1959999999999988
1.042000000000003
0.8180000000000001
0.5390000000000003
0.2560000000000003
-0.04500000000000013
-0.3249999999999999
-0.5569999999999995
-0.7120000000000001
-0.7990000000000004
-0.8930000000000006
-0.9170000000000006
-0.9110000000000006
-0.8950000000000006
-0.8420000000000005
-0.7990000000000005
-0.7480000000000004
-0.6970000000000005
-0.6480000000000005
-0.6130000000000004
-0.6100000000000004
-0.6560000000000004
-0.6890000000000004
-0.7640000000000005
-0.8090000000000005
-0.8500000000000005
-0.8900000000000006
-0.9460000000000006
-0.9570000000000006
-0.9230000000000006
-0.8640000000000004
-0.7649999999999999
-0.5929999999999995
-0.36199999999999993
-0.06299999999999999
0.2489999999999999
0.5820000000000003
0.8780000000000038
1.122000000000004
1.2880000000000023
1.384999999999999
1.3139999999999987
1.1450000000000042
0.9110000000000025
0.6180000000000001
0.27700000000000014
-0.032999999999999974
-0.3359999999999998
-0.5729999999999996
-0.7699999999999999
-0.8890000000000005
-0.9240000000000003
-0.9660000000000004
-0.9270000000000006
-0.9070000000000006
-0.8700000000000006
-0.8130000000000005
-0.7570000000000006
-0.7050000000000005
-0.6680000000000005
-0.6040000000000004
-0.6150000000000004
-0.6700000000000004
-0.6860000000000004
-0.7620000000000005
-0.8130000000000005
-0.8600000000000005
-0.9160000000000006
-0.9640000000000007
-0.9830000000000007
-0.9730000000000002
-0.9360000000000003
-0.83
-0.6579999999999994
-0.4109999999999997
-0.09899999999999988
0.29000000000000026
0.6680000000000003
1.0030000000000052
1.3070000000000024
1.496000000000001
1.528999999999997
1.4990000000000003
1.3199999999999974
1.0330000000000026
0.6929999999999995
0.28700000000000003
-0.07500000000000002
-0.3939999999999997
-0.6599999999999995
-0.8270000000000003
-0.9480000000000004
-0.9840000000000007
-0.9840000000000003
-0.9610000000000006
-0.9390000000000005
-0.8910000000000006
-0.8260000000000005
-0.7540000000000006
-0.7090000000000005
-0.6460000000000005
-0.6030000000000004
-0.6180000000000004
-0.6600000000000005
-0.7020000000000004
-0.7760000000000005
-0.8150000000000005
-0.8740000000000004
-0.9470000000000006
-0.9810000000000002
-1.0199999999999998
-1.0610000000000006
-1.026
-0.9509999999999998
-0.7749999999999998
-0.48899999999999955
-0.13200000000000012
0.33099999999999985
0.8060000000000014
1.2390000000000017
1.5549999999999995
1.7810000000000006
1.863999999999995
1.7729999999999948
1.5579999999999974
1.2319999999999987
0.7960000000000003
0.32200000000000006
-0.124
-0.4679999999999998
-0.7419999999999997
-0.9189999999999996
-1.0190000000000006
-1.056000000000001
-1.034000000000001
-1.0030000000000003
-0.9620000000000006
-0.9130000000000006
-0.8370000000000005
-0.7610000000000006
-0.7290000000000005
-0.6590000000000005
-0.6040000000000004
-0.5990000000000004
-0.6640000000000005
-0.7080000000000004
-0.7740000000000005
-0.8460000000000005
-0.8880000000000005
-0.9720000000000004
-1.0130000000000006
-1.0760000000000003
-1.155000000000001
-1.1490000000000018
-1.091000000000001
-0.9410000000000001
-0.6839999999999998
-0.2189999999999998
0.40400000000000014
1.073999999999999
1.613999999999999
2.008
2.2200000000000046
2.2949999999999973
2.2
1.9469999999999963
1.4779999999999993
0.9119999999999987
0.31399999999999995
-0.19900000000000007
-0.5959999999999999
-0.8789999999999999
-1.0539999999999998
-1.1509999999999996
-1.1320000000000006
-1.1040000000000019
-1.0540000000000003
-1.0050000000000008
-0.9340000000000005
-0.8480000000000005
-0.7880000000000006
-0.7250000000000005
-0.6710000000000005
-0.6080000000000004
-0.6020000000000004
-0.6690000000000005
-0.7270000000000005
-0.7900000000000005
-0.8440000000000005
-0.9210000000000005
-1.0030000000000001
-1.0710000000000004
-1.1440000000000017
-1.2310000000000003
-1.3020000000000012
-1.313000000000001
-1.2409999999999992
-0.9769999999999993
-0.43500000000000005
0.4490000000000003
1.536999999999996
2.408999999999993
2.8529999999999998
2.9729999999999954
2.9659999999999984
2.888000000000005
2.588999999999993
1.9009999999999996
1.0719999999999978
0.29500000000000004
-0.35700000000000043
-0.8290000000000001
-1.1170000000000007
-1.2499999999999991
-1.2570000000000021
-1.2180000000000029
-1.1670000000000011
-1.1120000000000012
-1.0140000000000005
-0.9390000000000005
-0.8570000000000005
-0.7840000000000006
-0.7180000000000005
-0.6750000000000005
-0.6080000000000003
-0.5920000000000004
-0.6700000000000005
-0.7200000000000005
-0.7950000000000006
-0.8590000000000005
-0.9450000000000005
-1.032
-1.132000000000001
-1.2550000000000008
-1.3700000000000012
-1.491000000000003
-1.591000000000002
-1.6769999999999978
-1.560000000000001
-1.0159999999999998
0.26399999999999946
2.3519999999999928
4.334999999999992
4.876999999999998
4.054000000000001
3.4540000000000037
3.8320000000000007
3.861000000000003
2.670000000000003
1.2359999999999978
0.13
-0.693
-1.1799999999999997
-1.411999999999998
-1.4499999999999966
-1.4290000000000034
-1.3500000000000048
-1.256000000000003
-1.149999999999999
-1.0600000000000003
-0.9680000000000007
-0.8750000000000006
-0.7910000000000006
-0.7420000000000005
-0.6820000000000005
-0.6050000000000004
-0.6020000000000004
-0.6690000000000005
-0.7140000000000005
-0.7810000000000006
-0.8640000000000004
-0.9590000000000003
-1.065999999999999
-1.1900000000000004
-1.3420000000000036
-1.5170000000000028
-1.7160000000000009
-1.973000000000002
-2.255000000000001
-2.4760000000000018
-2.3659999999999983
-1.0430000000000006
2.994999999999998
9.068000000000051
9.413000000000002
4.383000000000003
1.2040000000000006
4.2110000000000065
7.209000000000002
4.677000000000006
1.5630000000000017
-0.3750000000000002
-1.3429999999999989
-1.7199999999999993
-1.7890000000000024
-1.724
-1.597000000000002
-1.4490000000000027
-1.3369999999999984
-1.187
-1.0910000000000002
-0.9840000000000008
-0.8770000000000006
-0.8020000000000005
-0.7390000000000005
-0.6650000000000005
-0.6060000000000004
-0.5810000000000004
-0.6450000000000005
-0.7130000000000005
-0.7730000000000006
-0.8610000000000005
-0.9450000000000003
-1.0639999999999992
-1.1970000000000032
-1.3770000000000022
-1.6070000000000029
-1.8870000000000033
-2.285000000000003
-2.815000000000004
-3.5939999999999945
-4.4280000000000035
-4.523000000000002
-1.0929999999999982
13.084999999999997
-1.0020000000000013
-2.6199999999999997
-8.31400000000001
0.9460000000000005
14.805000000000017
9.282000000000005
2.2179999999999915
-1.6079999999999983
-2.5690000000000017
-2.578000000000003
-2.294000000000001
-2.0099999999999993
-1.7870000000000017
-1.5729999999999993
-1.3740000000000003
-1.2270000000000016
-1.072
-0.9710000000000008
-0.8760000000000006
-0.7970000000000005
-0.7270000000000005
-0.6620000000000005
-0.5960000000000004
-0.5690000000000004
-0.6230000000000004
-0.6830000000000005
-0.7740000000000005
-0.8320000000000004
-0.9520000000000005
-1.0609999999999988
-1.2100000000000017
-1.4000000000000044
-1.6360000000000021
-1.9860000000000018
-2.4640000000000053
-3.195000000000004
-4.385999999999992
-6.146999999999992
-8.605000000000025
-11.633999999999983
-7.453999999999996
12.029
-15.626999999999992
-17.76600000000002
-15.330999999999971
14.649999999999993
12.866
-1.4510000000000014
-4.643999999999992
-4.408000000000002
-3.539999999999998
-2.835999999999994
-2.316999999999997
-1.9339999999999982
-1.6349999999999982
-1.4339999999999995
-1.2429999999999988
-1.0920000000000003
-0.9760000000000005
-0.8680000000000005
-0.7840000000000005
-0.7090000000000005
-0.6590000000000005
-0.5920000000000004
-0.5500000000000004
-0.6160000000000004
-0.6690000000000005
-0.7430000000000004
-0.8330000000000004
-0.9390000000000005
-1.0699999999999996
-1.2250000000000003
-1.4220000000000004
-1.683000000000002
-2.0480000000000045
-2.565000000000003
-3.3620000000000023
-4.609999999999984
-6.613999999999989
-9.580000000000021
-13.254000000000032
-13.21600000000001
-6.859000000000005
-8.642000000000001
-9.794000000000008
-10.103000000000002
12.193000000000003
-8.522000000000004
-11.596000000000009
-8.181000000000006
-5.9190000000000085
-4.314999999999997
-3.2169999999999974
-2.488000000000003
-2.014999999999997
-1.690999999999998
-1.4330000000000007
-1.2469999999999992
-1.090000000000001
-0.9670000000000005
-0.8550000000000005
-0.7710000000000005
-0.7010000000000005
-0.6380000000000005
-0.5720000000000004
-0.5190000000000003
-0.5820000000000004
-0.6710000000000005
-0.7210000000000004
-0.8280000000000005
-0.9470000000000005
-1.0669999999999997
-1.214
-1.4050000000000018
-1.667000000000002
-2.015000000000001
-2.499000000000005
-3.2060000000000044
-4.2799999999999905
-5.8870000000000005
-7.985999999999989
-10.32800000000001
-11.569000000000031
-9.387000000000032
-3.280999999999998
0.8430000000000004
-5.05700000000001
-10.613000000000023
-12.596000000000002
-11.841
-8.80200000000002
-6.264000000000013
-4.501000000000007
-3.312
-2.562000000000003
-2.0369999999999986
-1.7020000000000022
-1.414000000000003
-1.226
-1.0570000000000015
-0.9450000000000003
-0.8340000000000004
-0.7570000000000005
-0.6730000000000005
-0.6080000000000004
-0.5410000000000004
-0.5240000000000004
-0.5550000000000003
-0.6490000000000005
-0.7050000000000004
-0.7890000000000004
-0.9020000000000005
-1.0250000000000001
-1.1880000000000002
-1.3540000000000019
-1.5920000000000014
-1.9170000000000014
-2.3459999999999988
-2.972000000000005
-3.7690000000000006
-4.842999999999997
-6.1389999999999825
-7.397999999999999
-8.116000000000003
-7.629000000000002
-6.128999999999996
-5.531999999999998
-7.423000000000005
-9.907999999999992
-10.609999999999957
-9.419999999999991
-7.4239999999999995
-5.564
-4.124000000000003
-3.1300000000000003
-2.4450000000000003
-1.9759999999999989
-1.6399999999999988
-1.375
-1.1950000000000023
-1.0350000000000008
-0.9060000000000002
-0.8240000000000004
-0.7300000000000004
-0.6520000000000004
-0.5920000000000004
-0.5240000000000004
-0.49800000000000033
-0.5570000000000003
-0.6100000000000004
-0.6840000000000005
-0.7540000000000003
-0.8660000000000004
-0.9810000000000003
-1.108999999999999
-1.283999999999999
-1.491999999999999
-1.7590000000000028
-2.1410000000000045
-2.5939999999999968
-3.187999999999994
-3.897999999999997
-4.660000000000004
-5.371999999999998
-5.802999999999993
-5.8860000000000054
-5.730999999999994
-5.800999999999995
-6.396000000000001
-7.1049999999999995
-7.248000000000008
-6.699000000000017
-5.6310000000000064
-4.522000000000013
-3.546000000000004
-2.804000000000008
-2.246000000000001
-1.8339999999999994
-1.5459999999999992
-1.3310000000000008
-1.1360000000000015
-0.9970000000000007
-0.8750000000000001
-0.7850000000000003
-0.7020000000000004
-0.6180000000000003
-0.5650000000000004
-0.5170000000000003
-0.4870000000000003
-0.5440000000000003
-0.5890000000000004
-0.6510000000000005
-0.7360000000000003
-0.8140000000000004
-0.9370000000000005
-1.0610000000000006
-1.2089999999999992
-1.4080000000000008
-1.6110000000000015
-1.9130000000000005
-2.255
-2.679
-3.143999999999999
-3.6469999999999967
-4.09700000000001
-4.427000000000002
-4.6250000000000036
-4.739000000000004
-4.871000000000012
-5.059000000000009
-5.2210000000000045
-5.188000000000014
-4.827000000000002
-4.249999999999999
-3.6019999999999976
-2.9530000000000074
-2.417000000000004
-1.9989999999999983
-1.6790000000000007
-1.4330000000000032
-1.2390000000000008
-1.0670000000000008
-0.9530000000000003
-0.8260000000000003
-0.7460000000000003
-0.6610000000000004
-0.5870000000000003
-0.5360000000000004
-0.5100000000000003
-0.4670000000000003
-0.5280000000000002
-0.5540000000000003
-0.6250000000000004
-0.6960000000000003
-0.7740000000000002
-0.8720000000000004
-0.9890000000000004
-1.1210000000000004
-1.2810000000000001
-1.4670000000000007
-1.6910000000000025
-1.96
-2.278000000000003
-2.623000000000002
-2.950999999999993
-3.2409999999999943
-3.5109999999999992
-3.6849999999999974
-3.8249999999999993
-3.913999999999996
-3.9899999999999993
-4.0040000000000004
-3.906999999999996
-3.670999999999994
-3.2949999999999937
-2.880000000000001
-2.465000000000001
-2.106999999999999
-1.7880000000000011
-1.5189999999999997
-1.311000000000002
-1.1549999999999996
-1.0000000000000004
-0.8720000000000001
-0.7720000000000002
-0.7090000000000004
-0.6440000000000003
-0.5650000000000003
-0.5130000000000003
-0.4870000000000003
-0.42900000000000027
-0.4760000000000002
-0.5360000000000003
-0.5800000000000003
-0.6460000000000004
-0.7190000000000003
-0.8170000000000003
-0.9200000000000005
-1.019
-1.1500000000000017
-1.3060000000000012
-1.5080000000000005
-1.7060000000000002
-1.9329999999999983
-2.1630000000000007
-2.4000000000000012
-2.6209999999999942
-2.8370000000000033
-2.9800000000000026
-3.0830000000000015
-3.145000000000003
-3.1879999999999997
-3.1739999999999973
-3.046999999999998
-2.8759999999999954
-2.625999999999998
-2.3379999999999965
-2.073999999999999
-1.8009999999999984
-1.5720000000000005
-1.371000000000001
-1.208999999999998
-1.0549999999999997
-0.9290000000000003
-0.8320000000000003
-0.7420000000000003
-0.6760000000000004
-0.6000000000000003
-0.5440000000000003
-0.4870000000000003
-0.4430000000000003
-0.41800000000000026
-0.4540000000000003
-0.4910000000000002
-0.5660000000000003
-0.6070000000000004
-0.6770000000000002
-0.7460000000000002
-0.8300000000000004
-0.9370000000000004
-1.0529999999999988
-1.1729999999999994
-1.333999999999999
-1.4760000000000018
-1.6530000000000014
-1.8390000000000013
-1.999999999999999
-2.168999999999997
-2.300999999999995
-2.4230000000000027
-2.514999999999997
-2.5399999999999987
-2.549999999999999
-2.5559999999999947
-2.4710000000000005
-2.322999999999991
-2.150999999999997
-1.966000000000001
-1.7739999999999982
-1.5770000000000015
-1.400999999999999
-1.2119999999999995
-1.0810000000000013
-0.9810000000000004
-0.8560000000000003
-0.7900000000000004
-0.7030000000000004
-0.6290000000000003
-0.5810000000000003
-0.5150000000000002
-0.4680000000000003
-0.42200000000000026
-0.40500000000000025
-0.4410000000000003
-0.4840000000000002
-0.5080000000000002
-0.5700000000000003
-0.6140000000000002
-0.6920000000000003
-0.7720000000000002
-0.8450000000000004
-0.949
-1.0579999999999987
-1.1880000000000002
-1.3100000000000032
-1.4450000000000016
-1.571
-1.6929999999999972
-1.8019999999999954
-1.9169999999999967
-2.0089999999999963
-2.0699999999999976
-2.089999999999998
-2.104
-2.083999999999996
-2.0189999999999984
-1.9169999999999983
-1.7999999999999992
-1.6509999999999974
-1.504999999999999
-1.3769999999999991
-1.2259999999999984
-1.1110000000000007
-0.9850000000000003
-0.8900000000000001
-0.7890000000000004
-0.7330000000000004
-0.6550000000000004
-0.6050000000000003
-0.5280000000000002
-0.4780000000000003
-0.42000000000000026
-0.39300000000000024
