-1.3240000000000005
-1.4060000000000008
-1.4850000000000005
-1.5700000000000007
-1.665000000000001
-1.7490000000000008
-1.84
-1.9330000000000005
-2.0180000000000002
-2.095999999999999
-2.170000000000001
-2.2369999999999997
-2.2919999999999985
-2.3359999999999994
-2.358999999999999
-2.373999999999999
-2.3819999999999992
-2.377
-2.3699999999999997
-2.357
-2.335
-2.3219999999999996
-2.3090000000000006
-2.2969999999999993
-2.2979999999999996
-2.2930000000000006
-2.2870000000000004
-2.2659999999999996
-2.2330000000000005
-2.1910000000000007
-2.1260000000000003
-2.0600000000000005
-1.9780000000000015
-1.8980000000000006
-1.8080000000000007
-1.721
-1.6360000000000008
-1.5480000000000016
-1.4670000000000007
-1.3810000000000004
-1.3110000000000015
-1.4490000000000007
-1.5410000000000001
-1.6440000000000003
-1.7470000000000008
-1.8550000000000004
-1.9680000000000002
-2.085000000000001
-2.1959999999999997
-2.3169999999999993
-2.428
-2.539999999999999
-2.6339999999999986
-2.7259999999999986
-2.796000000000001
-2.8539999999999996
-2.8990000000000005
-2.9289999999999994
-2.954
-2.9689999999999994
-2.9640000000000004
-2.9450000000000003
-2.9180000000000006
-2.886
-2.859
-2.8350000000000004
-2.814
-2.784999999999999
-2.737999999999999
-2.672000000000001
-2.5940000000000016
-2.4989999999999997
-2.3950000000000005
-2.2840000000000016
-2.1720000000000006
-2.0549999999999993
-1.9380000000000006
-1.8360000000000005
-1.725000000000002
-1.6240000000000006
-1.5260000000000011
-1.431000000000001
-1.5830000000000013
-1.6920000000000008
-1.8119999999999992
-1.9360000000000004
-2.070000000000001
-2.209
-2.3550000000000004
-2.508000000000001
-2.663
-2.8170000000000006
-2.966999999999999
-3.113000000000001
-3.2530000000000006
-3.374999999999999
-3.4829999999999997
-3.5749999999999997
-3.659999999999999
-3.7330000000000005
-3.7940000000000014
-3.828
-3.8199999999999994
-3.765000000000001
-3.6849999999999996
-3.6109999999999993
-3.5499999999999985
-3.4920000000000004
-3.428
-3.3329999999999997
-3.218
-3.0859999999999994
-2.939
-2.7880000000000007
-2.637000000000001
-2.4789999999999996
-2.329
-2.182
-2.042000000000001
-1.9190000000000005
-1.7920000000000018
-1.6730000000000016
-1.5660000000000005
-1.7220000000000004
-1.8570000000000002
-1.998000000000001
-2.143
-2.307
-2.4770000000000008
-2.658999999999999
-2.849
-3.0540000000000007
-3.2649999999999997
-3.473000000000001
-3.687
-3.898000000000002
-4.092999999999999
-4.277
-4.453000000000001
-4.621999999999999
-4.800999999999999
-4.972999999999999
-5.096999999999999
-5.1110000000000015
-5.0070000000000014
-4.8260000000000005
-4.657
-4.528
-4.403
-4.26
-4.093000000000003
-3.892999999999999
-3.6829999999999985
-3.4649999999999994
-3.249000000000001
-3.0380000000000016
-2.835
-2.6390000000000002
-2.455999999999999
-2.2849999999999997
-2.1219999999999994
-1.971000000000001
-1.8380000000000014
-1.7089999999999999
-1.8769999999999996
-2.0269999999999997
-2.191000000000002
-2.3670000000000013
-2.5610000000000004
-2.7679999999999993
-2.998
-3.2380000000000004
-3.4999999999999996
-3.779000000000003
-4.068000000000004
-4.3709999999999996
-4.683000000000001
-4.987999999999997
-5.29
-5.592999999999996
-5.904000000000001
-6.2570000000000014
-6.653000000000002
-6.981000000000002
-7.08
-6.856000000000002
-6.4719999999999995
-6.128
-5.876000000000003
-5.639999999999999
-5.361000000000001
-5.056999999999998
-4.725
-4.3969999999999985
-4.079
-3.780999999999999
-3.493000000000002
-3.2290000000000023
-2.9780000000000015
-2.7500000000000013
-2.5460000000000003
-2.3490000000000006
-2.1710000000000007
-2.010000000000002
-1.8559999999999994
-2.03
-2.203999999999999
-2.3950000000000005
-2.6
-2.831000000000002
-3.0830000000000006
-3.358999999999997
-3.667000000000001
-3.9949999999999974
-4.358999999999999
-4.750999999999998
-5.174000000000003
-5.626999999999997
-6.1019999999999985
-6.59
-7.084000000000003
-7.597000000000002
-8.207
-8.985999999999999
-9.746999999999998
-10.038999999999998
-9.600000000000001
-8.773000000000001
-8.163999999999998
-7.7940000000000005
-7.355000000000002
-6.822000000000003
-6.265999999999998
-5.732
-5.24
-4.786000000000003
-4.381
-4.001
-3.6640000000000015
-3.3529999999999993
-3.0710000000000015
-2.822999999999999
-2.589000000000001
-2.377
-2.1900000000000004
-2.015000000000001
-2.193
-2.3920000000000003
-2.6099999999999994
-2.855
-3.12
-3.424000000000003
-3.755999999999998
-4.129
-4.541999999999999
-5.001999999999998
-5.519
-6.092999999999996
-6.734999999999996
-7.450999999999999
-8.235999999999997
-9.056000000000001
-9.833
-10.648999999999997
-11.835999999999999
-13.243999999999996
-13.969999999999997
-13.201
-11.530999999999997
-10.922000000000004
-10.680000000000001
-9.774
-8.701000000000004
-7.7420000000000035
-6.914
-6.204000000000003
-5.591000000000001
-5.044000000000003
-4.563999999999999
-4.136999999999998
-3.757
-3.4140000000000015
-3.1109999999999993
-2.844
-2.5989999999999998
-2.376999999999999
-2.181999999999999
-2.3619999999999997
-2.5800000000000014
-2.8329999999999993
-3.1100000000000008
-3.423999999999997
-3.7800000000000002
-4.172
-4.620999999999999
-5.1290000000000004
-5.703999999999999
-6.416
-7.1919999999999975
-8.089999999999991
-9.169999999999996
-10.457999999999997
-11.947000000000001
-13.218999999999998
-13.463000000000003
-14.026999999999997
-15.543
-17.062000000000005
-16.093000000000004
-12.309
-15.245000000000005
-15.252
-12.847000000000001
-10.857999999999997
-9.379999999999999
-8.217
-7.259000000000003
-6.4479999999999995
-5.754000000000001
-5.152999999999999
-4.630999999999999
-4.176000000000003
-3.770999999999999
-3.414000000000002
-3.0959999999999996
-2.818
-2.567
-2.341999999999999
-2.5399999999999996
-2.791999999999998
-3.0719999999999987
-3.396
-3.7569999999999983
-4.165999999999998
-4.632999999999997
-5.165
-5.778999999999999
-6.490999999999997
-7.3199999999999985
-8.294999999999998
-9.471000000000004
-10.929000000000006
-12.835999999999999
-15.432999999999996
-18.467999999999993
-17.19300000000001
-11.990999999999998
-4.110000000000001
-0.3000000000000016
-8.025999999999998
-15.321
-27.785000000000007
-20.623000000000005
-15.814000000000012
-13.063000000000002
-11.122000000000003
-9.606999999999998
-8.386
-7.371000000000001
-6.5120000000000005
-5.7799999999999985
-5.155
-4.616000000000001
-4.141000000000003
-3.7299999999999978
-3.3659999999999997
-3.048999999999998
-2.760000000000001
-2.5140000000000002
-2.7000000000000024
-2.9870000000000028
-3.301
-3.659999999999999
-4.066999999999999
-4.537999999999994
-5.073999999999999
-5.697
-6.411999999999997
-7.2509999999999994
-8.242999999999997
-9.424999999999995
-10.858999999999996
-12.652000000000005
-15.009999999999996
-18.371999999999996
-24.206
-31.08499999999999
-11.860999999999999
-7.446999999999997
-8.509999999999994
-11.299000000000003
-10.501999999999999
-21.255999999999997
-22.787999999999993
-18.277999999999995
-15.177000000000005
-12.926999999999994
-11.065999999999997
-9.561
-8.325000000000003
-7.295999999999995
-6.431000000000003
-5.695000000000001
-5.064
-4.523999999999997
-4.049999999999998
-3.6359999999999992
-3.2819999999999987
-2.9629999999999996
-2.6839999999999993
-2.8539999999999983
-3.1589999999999976
-3.5069999999999992
-3.899999999999999
-4.356000000000002
-4.8759999999999994
-5.476999999999998
-6.176999999999994
-6.994999999999999
-7.947000000000001
-9.084
-10.439
-12.073999999999996
-14.072000000000013
-16.51699999999999
-19.555999999999997
-23.85200000000001
-27.435999999999996
-10.689
-13.410000000000004
-16.52800000000001
-17.835999999999995
-23.230999999999995
-28.29900000000001
-26.81600000000001
-21.447999999999986
-17.491000000000003
-14.654
-12.454000000000004
-10.691999999999998
-9.248000000000001
-8.058
-7.064000000000001
-6.222999999999996
-5.507999999999998
-4.895
-4.362
-3.907
-3.506000000000002
-3.1569999999999987
-2.8470000000000004
-3.016999999999998
-3.3429999999999986
-3.7199999999999984
-4.156999999999999
-4.658999999999999
-5.233999999999999
-5.904
-6.685
-7.597999999999997
-8.674000000000001
-9.956000000000001
-11.489000000000006
-13.332000000000006
-15.564
-18.281000000000006
-21.735000000000007
-26.895999999999997
-33.478
-34.79099999999999
-33.40500000000002
-32.507000000000005
-33.611000000000004
-36.54799999999999
-35.599000000000004
-29.884000000000036
-23.892000000000017
-19.470999999999982
-16.243
-13.746000000000004
-11.755999999999997
-10.133999999999999
-8.792
-7.6739999999999995
-6.738999999999998
-5.934999999999999
-5.2530000000000046
-4.668999999999999
-4.166000000000005
-3.7239999999999998
-3.341000000000001
-3.0090000000000003
-3.164
-3.5189999999999992
-3.9309999999999983
-4.402999999999998
-4.9479999999999995
-5.579000000000002
-6.3100000000000005
-7.167999999999994
-8.172000000000002
-9.364000000000006
-10.772000000000002
-12.459000000000003
-14.491
-16.957000000000004
-20.03299999999999
-24.11300000000001
-30.004999999999992
-37.53700000000001
-42.49200000000002
-42.78799999999998
-41.929
-41.216
-39.919999999999995
-36.32099999999999
-30.753999999999998
-25.324999999999996
-20.948999999999995
-17.553999999999995
-14.873999999999997
-12.710000000000004
-10.941999999999997
-9.476999999999995
-8.245999999999999
-7.214000000000001
-6.343999999999998
-5.596999999999998
-4.962000000000001
-4.4090000000000025
-3.9390000000000014
-3.521000000000001
-3.1630000000000007
-3.3
-3.6820000000000035
-4.122999999999999
-4.630000000000001
-5.214999999999997
-5.895999999999997
-6.6850000000000005
-7.606000000000003
-8.690999999999999
-9.971999999999998
-11.489000000000003
-13.292000000000005
-15.457999999999995
-18.077000000000005
-21.30899999999999
-25.41200000000001
-30.612000000000016
-36.36399999999998
-40.788
-42.778999999999975
-42.96800000000002
-41.83099999999998
-39.329999999999984
-35.434999999999995
-30.680999999999983
-25.98399999999999
-21.908
-18.542999999999996
-15.79
-13.525000000000006
-11.651000000000003
-10.079000000000002
-8.766000000000002
-7.659000000000001
-6.717999999999997
-5.912000000000002
-5.228
-4.635999999999999
-4.124999999999996
-3.6850000000000023
-3.303999999999999
-3.425999999999999
-3.831000000000002
-4.296000000000002
-4.837
-5.453000000000001
-6.174000000000002
-7.014999999999998
-7.999000000000001
-9.15
-10.504000000000001
-12.097000000000008
-13.988000000000003
-16.215999999999998
-18.866999999999994
-22.032999999999998
-25.782
-30.066000000000024
-34.42400000000001
-38.02100000000001
-40.19899999999999
-40.793000000000006
-39.86399999999998
-37.542000000000016
-34.14400000000002
-30.160999999999998
-26.133000000000003
-22.435000000000006
-19.222
-16.488999999999987
-14.181000000000001
-12.239000000000004
-10.603999999999994
-9.220999999999998
-8.049000000000001
-7.049999999999999
-6.196
-5.465999999999998
-4.8389999999999995
-4.2989999999999995
-3.8309999999999986
-3.4299999999999997
-3.539000000000001
-3.9600000000000017
-4.4479999999999995
-5.010000000000005
-5.662000000000001
-6.424999999999999
-7.304999999999999
-8.337000000000007
-9.54
-10.950999999999992
-12.599000000000002
-14.52500000000001
-16.773999999999997
-19.381000000000004
-22.371999999999996
-25.721999999999998
-29.297
-32.776
-35.67499999999998
-37.57199999999999
-38.215999999999994
-37.533
-35.64499999999999
-32.842000000000006
-29.501
-26.018000000000008
-22.678000000000015
-19.654999999999998
-16.99
-14.694
-12.719000000000001
-11.039999999999996
-9.601999999999997
-8.378999999999996
-7.333999999999999
-6.444999999999996
-5.678000000000002
-5.017000000000001
-4.455999999999999
-3.962999999999999
-3.5390000000000037
-3.630999999999999
-4.0649999999999995
-4.577
-5.161999999999999
-5.844
-6.626999999999998
-7.5509999999999975
-8.613
-9.858999999999998
-11.311999999999989
-12.991999999999997
-14.932999999999998
-17.168999999999997
-19.700000000000006
-22.508000000000003
-25.535
-28.622000000000007
-31.524
-33.922
-35.51099999999999
-36.08499999999997
-35.56800000000001
-34.03599999999999
-31.700000000000014
-28.853
-25.78899999999999
-22.757000000000012
-19.910999999999994
-17.345
-15.071
-13.091000000000005
-11.382999999999996
-9.910999999999996
-8.653
-7.569999999999999
-6.647999999999996
-5.8530000000000015
-5.169
-4.585000000000001
-4.069999999999999
-3.6319999999999992
-3.7059999999999986
-4.155999999999999
-4.679
-5.285
-5.976999999999999
-6.7900000000000045
-7.736999999999998
-8.832999999999993
-10.109999999999998
-11.581999999999992
-13.285000000000005
-15.233000000000004
-17.439
-19.889000000000003
-22.54799999999999
-25.332000000000004
-28.094
-30.620000000000008
-32.682
-34.042999999999985
-34.53699999999999
-34.111
-32.812000000000026
-30.798000000000002
-28.288999999999994
-25.535999999999987
-22.74
-20.051
-17.56300000000001
-15.340000000000003
-13.360000000000003
-11.639999999999997
-10.154000000000003
-8.866000000000001
-7.756000000000005
-6.812999999999997
-5.990000000000001
-5.289000000000004
-4.685000000000001
-4.158999999999999
-3.705999999999999
-3.7599999999999993
-4.221
-4.755000000000002
-5.370999999999999
-6.080999999999996
-6.911000000000003
-7.875000000000002
-8.990999999999994
-10.280999999999999
-11.777999999999999
-13.492
-15.430999999999996
-17.61300000000001
-20.003000000000007
-22.554999999999996
-25.177999999999997
-27.72499999999999
-30.022999999999996
-31.868000000000013
-33.07700000000003
-33.51400000000002
-33.128000000000014
-31.965000000000003
-30.15
-27.867000000000008
-25.318000000000005
-22.685999999999996
-20.113000000000003
-17.698999999999998
-15.506
-13.542999999999992
-11.821
-10.321
-9.013999999999998
-7.893000000000005
-6.92599999999999
-6.093999999999997
-5.3779999999999974
-4.7559999999999985
-4.222000000000002
-3.758999999999998
-3.787999999999996
-4.254999999999999
-4.798000000000001
-5.422
-6.138999999999995
-6.985000000000001
-7.958999999999996
-9.086000000000004
-10.393
-11.898
-13.614999999999998
-15.555000000000003
-17.714999999999993
-20.068999999999992
-22.56199999999998
-25.090999999999994
-27.522000000000016
-29.691000000000003
-31.418
-32.530000000000015
-32.93299999999999
-32.56300000000001
-31.464000000000002
-29.753
-27.59200000000002
-25.161
-22.626999999999995
-20.128999999999987
-17.761
-15.594999999999994
-13.641999999999992
-11.924000000000003
-10.409000000000004
-9.105999999999998
-7.972999999999998
-6.994000000000002
-6.147000000000002
-5.426999999999998
-4.799
-4.263999999999999
-3.7920000000000007
-3.8030000000000004
-4.273000000000001
-4.811000000000002
-5.437
-6.166000000000002
-7.011000000000001
-7.986999999999996
-9.123
-10.435000000000008
-11.946
-13.661000000000003
-15.607000000000006
-17.766
-20.110999999999986
-22.580999999999996
-25.082
-27.47500000000001
-29.604
-31.280999999999977
-32.364999999999995
-32.74099999999998
-32.36900000000001
-31.283999999999992
-29.606
-27.48
-25.088999999999984
-22.586
-20.11600000000001
-17.768999999999995
-15.613999999999999
-13.667999999999987
-11.948999999999995
-10.439999999999994
-9.128
-7.991000000000002
-7.017000000000003
-6.1750000000000025
-5.441
-4.812000000000002
-4.273999999999999
-3.805
-3.787999999999996
-4.254999999999999
-4.798000000000001
-5.422
-6.138999999999995
-6.985000000000001
-7.958999999999996
-9.086000000000004
-10.393
-11.898
-13.614999999999998
-15.555000000000003
-17.714999999999993
-20.068999999999992
-22.56199999999998
-25.090999999999994
-27.522000000000016
-29.691000000000003
-31.418
-32.530000000000015
-32.93299999999999
-32.56300000000001
-31.464000000000002
-29.753
-27.59200000000002
-25.161
-22.626999999999995
-20.128999999999987
-17.761
-15.594999999999994
-13.641999999999992
-11.924000000000003
-10.409000000000004
-9.105999999999998
-7.972999999999998
-6.994000000000002
-6.147000000000002
-5.426999999999998
-4.799
-4.263999999999999
-3.7920000000000007
-3.7599999999999993
-4.221
-4.755000000000002
-5.370999999999999
-6.080999999999996
-6.911000000000003
-7.875000000000002
-8.990999999999994
-10.280999999999999
-11.777999999999999
-13.492
-15.430999999999996
-17.61300000000001
-20.003000000000007
-22.554999999999996
-25.177999999999997
-27.72499999999999
-30.022999999999996
-31.868000000000013
-33.07700000000003
-33.51400000000002
-33.128000000000014
-31.965000000000003
-30.15
-27.867000000000008
-25.318000000000005
-22.685999999999996
-20.113000000000003
-17.698999999999998
-15.506
-13.542999999999992
-11.821
-10.321
-9.013999999999998
-7.893000000000005
-6.92599999999999
-6.093999999999997
-5.3779999999999974
-4.7559999999999985
-4.222000000000002
-3.758999999999998
-3.7059999999999986
-4.155999999999999
-4.679
-5.285
-5.976999999999999
-6.7900000000000045
-7.736999999999998
-8.832999999999993
-10.109999999999998
-11.581999999999992
-13.285000000000005
-15.233000000000004
-17.439
-19.889000000000003
-22.54799999999999
-25.332000000000004
-28.094
-30.620000000000008
-32.682
-34.042999999999985
-34.53699999999999
-34.111
-32.812000000000026
-30.798000000000002
-28.288999999999994
-25.535999999999987
-22.74
-20.051
-17.56300000000001
-15.340000000000003
-13.360000000000003
-11.639999999999997
-10.154000000000003
-8.866000000000001
-7.756000000000005
-6.812999999999997
-5.990000000000001
-5.289000000000004
-4.685000000000001
-4.158999999999999
-3.705999999999999
-3.630999999999999
-4.0649999999999995
-4.577
-5.161999999999999
-5.844
-6.626999999999998
-7.5509999999999975
-8.613
-9.858999999999998
-11.311999999999989
-12.991999999999997
-14.932999999999998
-17.168999999999997
-19.700000000000006
-22.508000000000003
-25.535
-28.622000000000007
-31.524
-33.922
-35.51099999999999
-36.08499999999997
-35.56800000000001
-34.03599999999999
-31.700000000000014
-28.853
-25.78899999999999
-22.757000000000012
-19.910999999999994
-17.345
-15.071
-13.091000000000005
-11.382999999999996
-9.910999999999996
-8.653
-7.569999999999999
-6.647999999999996
-5.8530000000000015
-5.169
-4.585000000000001
-4.069999999999999
-3.6319999999999992
-3.539000000000001
-3.9600000000000017
-4.4479999999999995
-5.010000000000005
-5.662000000000001
-6.424999999999999
-7.304999999999999
-8.337000000000007
-9.54
-10.950999999999992
-12.599000000000002
-14.52500000000001
-16.773999999999997
-19.381000000000004
-22.371999999999996
-25.721999999999998
-29.297
-32.776
-35.67499999999998
-37.57199999999999
-38.215999999999994
-37.533
-35.64499999999999
-32.842000000000006
-29.501
-26.018000000000008
-22.678000000000015
-19.654999999999998
-16.99
-14.694
-12.719000000000001
-11.039999999999996
-9.601999999999997
-8.378999999999996
-7.333999999999999
-6.444999999999996
-5.678000000000002
-5.017000000000001
-4.455999999999999
-3.962999999999999
-3.5390000000000037
-3.425999999999999
-3.831000000000002
-4.296000000000002
-4.837
-5.453000000000001
-6.174000000000002
-7.014999999999998
-7.999000000000001
-9.15
-10.504000000000001
-12.097000000000008
-13.988000000000003
-16.215999999999998
-18.866999999999994
-22.032999999999998
-25.782
-30.066000000000024
-34.42400000000001
-38.02100000000001
-40.19899999999999
-40.793000000000006
-39.86399999999998
-37.542000000000016
-34.14400000000002
-30.160999999999998
-26.133000000000003
-22.435000000000006
-19.222
-16.488999999999987
-14.181000000000001
-12.239000000000004
-10.603999999999994
-9.220999999999998
-8.049000000000001
-7.049999999999999
-6.196
-5.465999999999998
-4.8389999999999995
-4.2989999999999995
-3.8309999999999986
-3.4299999999999997
-3.3
-3.6820000000000035
-4.122999999999999
-4.630000000000001
-5.214999999999997
-5.895999999999997
-6.6850000000000005
-7.606000000000003
-8.690999999999999
-9.971999999999998
-11.489000000000003
-13.292000000000005
-15.457999999999995
-18.077000000000005
-21.30899999999999
-25.41200000000001
-30.612000000000016
-36.36399999999998
-40.788
-42.778999999999975
-42.96800000000002
-41.83099999999998
-39.329999999999984
-35.434999999999995
-30.680999999999983
-25.98399999999999
-21.908
-18.542999999999996
-15.79
-13.525000000000006
-11.651000000000003
-10.079000000000002
-8.766000000000002
-7.659000000000001
-6.717999999999997
-5.912000000000002
-5.228
-4.635999999999999
-4.124999999999996
-3.6850000000000023
-3.303999999999999
-3.164
-3.5189999999999992
-3.9309999999999983
-4.402999999999998
-4.9479999999999995
-5.579000000000002
-6.3100000000000005
-7.167999999999994
-8.172000000000002
-9.364000000000006
-10.772000000000002
-12.459000000000003
-14.491
-16.957000000000004
-20.03299999999999
-24.11300000000001
-30.004999999999992
-37.53700000000001
-42.49200000000002
-42.78799999999998
-41.929
-41.216
-39.919999999999995
-36.32099999999999
-30.753999999999998
-25.324999999999996
-20.948999999999995
-17.553999999999995
-14.873999999999997
-12.710000000000004
-10.941999999999997
-9.476999999999995
-8.245999999999999
-7.214000000000001
-6.343999999999998
-5.596999999999998
-4.962000000000001
-4.4090000000000025
-3.9390000000000014
-3.521000000000001
-3.1630000000000007
-3.016999999999998
-3.3429999999999986
-3.7199999999999984
-4.156999999999999
-4.658999999999999
-5.233999999999999
-5.904
-6.685
-7.597999999999997
-8.674000000000001
-9.956000000000001
-11.489000000000006
-13.332000000000006
-15.564
-18.281000000000006
-21.735000000000007
-26.895999999999997
-33.478
-34.79099999999999
-33.40500000000002
-32.507000000000005
-33.611000000000004
-36.54799999999999
-35.599000000000004
-29.884000000000036
-23.892000000000017
-19.470999999999982
-16.243
-13.746000000000004
-11.755999999999997
-10.133999999999999
-8.792
-7.6739999999999995
-6.738999999999998
-5.934999999999999
-5.2530000000000046
-4.668999999999999
-4.166000000000005
-3.7239999999999998
-3.341000000000001
-3.0090000000000003
-2.8539999999999983
-3.1589999999999976
-3.5069999999999992
-3.899999999999999
-4.356000000000002
-4.8759999999999994
-5.476999999999998
-6.176999999999994
-6.994999999999999
-7.947000000000001
-9.084
-10.439
-12.073999999999996
-14.072000000000013
-16.51699999999999
-19.555999999999997
-23.85200000000001
-27.435999999999996
-10.689
-13.410000000000004
-16.52800000000001
-17.835999999999995
-23.230999999999995
-28.29900000000001
-26.81600000000001
-21.447999999999986
-17.491000000000003
-14.654
-12.454000000000004
-10.691999999999998
-9.248000000000001
-8.058
-7.064000000000001
-6.222999999999996
-5.507999999999998
-4.895
-4.362
-3.907
-3.506000000000002
-3.1569999999999987
-2.8470000000000004
-2.7000000000000024
-2.9870000000000028
-3.301
-3.659999999999999
-4.066999999999999
-4.537999999999994
-5.073999999999999
-5.697
-6.411999999999997
-7.2509999999999994
-8.242999999999997
-9.424999999999995
-10.858999999999996
-12.652000000000005
-15.009999999999996
-18.371999999999996
-24.206
-31.08499999999999
-11.860999999999999
-7.446999999999997
-8.509999999999994
-11.299000000000003
-10.501999999999999
-21.255999999999997
-22.787999999999993
-18.277999999999995
-15.177000000000005
-12.926999999999994
-11.065999999999997
-9.561
-8.325000000000003
-7.295999999999995
-6.431000000000003
-5.695000000000001
-5.064
-4.523999999999997
-4.049999999999998
-3.6359999999999992
-3.2819999999999987
-2.9629999999999996
-2.6839999999999993
-2.5399999999999996
-2.791999999999998
-3.0719999999999987
-3.396
-3.7569999999999983
-4.165999999999998
-4.632999999999997
-5.165
-5.778999999999999
-6.490999999999997
-7.3199999999999985
-8.294999999999998
-9.471000000000004
-10.929000000000006
-12.835999999999999
-15.432999999999996
-18.467999999999993
-17.19300000000001
-11.990999999999998
-4.110000000000001
-0.3000000000000016
-8.025999999999998
-15.321
-27.785000000000007
-20.623000000000005
-15.814000000000012
-13.063000000000002
-11.122000000000003
-9.606999999999998
-8.386
-7.371000000000001
-6.5120000000000005
-5.7799999999999985
-5.155
-4.616000000000001
-4.141000000000003
-3.7299999999999978
-3.3659999999999997
-3.048999999999998
-2.760000000000001
-2.5140000000000002
-2.3619999999999997
-2.5800000000000014
-2.8329999999999993
-3.1100000000000008
-3.423999999999997
-3.7800000000000002
-4.172
-4.620999999999999
-5.1290000000000004
-5.703999999999999
-6.416
-7.1919999999999975
-8.089999999999991
-9.169999999999996
-10.457999999999997
-11.947000000000001
-13.218999999999998
-13.463000000000003
-14.026999999999997
-15.543
-17.062000000000005
-16.093000000000004
-12.309
-15.245000000000005
-15.252
-12.847000000000001
-10.857999999999997
-9.379999999999999
-8.217
-7.259000000000003
-6.4479999999999995
-5.754000000000001
-5.152999999999999
-4.630999999999999
-4.176000000000003
-3.770999999999999
-3.414000000000002
-3.0959999999999996
-2.818
-2.567
-2.341999999999999
-2.193
-2.3920000000000003
-2.6099999999999994
-2.855
-3.12
-3.424000000000003
-3.755999999999998
-4.129
-4.541999999999999
-5.001999999999998
-5.519
-6.092999999999996
-6.734999999999996
-7.450999999999999
-8.235999999999997
-9.056000000000001
-9.833
-10.648999999999997
-11.835999999999999
-13.243999999999996
-13.969999999999997
-13.201
-11.530999999999997
-10.922000000000004
-10.680000000000001
-9.774
-8.701000000000004
-7.7420000000000035
-6.914
-6.204000000000003
-5.591000000000001
-5.044000000000003
-4.563999999999999
-4.136999999999998
-3.757
-3.4140000000000015
-3.1109999999999993
-2.844
-2.5989999999999998
-2.376999999999999
-2.181999999999999
-2.03
-2.203999999999999
-2.3950000000000005
-2.6
-2.831000000000002
-3.0830000000000006
-3.358999999999997
-3.667000000000001
-3.9949999999999974
-4.358999999999999
-4.750999999999998
-5.174000000000003
-5.626999999999997
-6.1019999999999985
-6.59
-7.084000000000003
-7.597000000000002
-8.207
-8.985999999999999
-9.746999999999998
-10.038999999999998
-9.600000000000001
-8.773000000000001
-8.163999999999998
-7.7940000000000005
-7.355000000000002
-6.822000000000003
-6.265999999999998
-5.732
-5.24
-4.786000000000003
-4.381
-4.001
-3.6640000000000015
-3.3529999999999993
-3.0710000000000015
-2.822999999999999
-2.589000000000001
-2.377
-2.1900000000000004
-2.015000000000001
-1.8769999999999996
-2.0269999999999997
-2.191000000000002
-2.3670000000000013
-2.5610000000000004
-2.7679999999999993
-2.998
-3.2380000000000004
-3.4999999999999996
-3.779000000000003
-4.068000000000004
-4.3709999999999996
-4.683000000000001
-4.987999999999997
-5.29
-5.592999999999996
-5.904000000000001
-6.2570000000000014
-6.653000000000002
-6.981000000000002
-7.08
-6.856000000000002
-6.4719999999999995
-6.128
-5.876000000000003
-5.639999999999999
-5.361000000000001
-5.056999999999998
-4.725
-4.3969999999999985
-4.079
-3.780999999999999
-3.493000000000002
-3.2290000000000023
-2.9780000000000015
-2.7500000000000013
-2.5460000000000003
-2.3490000000000006
-2.1710000000000007
-2.010000000000002
-1.8559999999999994
-1.7220000000000004
-1.8570000000000002
-1.998000000000001
-2.143
-2.307
-2.4770000000000008
-2.658999999999999
-2.849
-3.0540000000000007
-3.2649999999999997
-3.473000000000001
-3.687
-3.898000000000002
-4.092999999999999
-4.277
-4.453000000000001
-4.621999999999999
-4.800999999999999
-4.972999999999999
-5.096999999999999
-5.1110000000000015
-5.0070000000000014
-4.8260000000000005
-4.657
-4.528
-4.403
-4.26
-4.093000000000003
-3.892999999999999
-3.6829999999999985
-3.4649999999999994
-3.249000000000001
-3.0380000000000016
-2.835
-2.6390000000000002
-2.455999999999999
-2.2849999999999997
-2.1219999999999994
-1.971000000000001
-1.8380000000000014
-1.7089999999999999
-1.5830000000000013
-1.6920000000000008
-1.8119999999999992
-1.9360000000000004
-2.070000000000001
-2.209
-2.3550000000000004
-2.508000000000001
-2.663
-2.8170000000000006
-2.966999999999999
-3.113000000000001
-3.2530000000000006
-3.374999999999999
-3.4829999999999997
-3.5749999999999997
-3.659999999999999
-3.7330000000000005
-3.7940000000000014
-3.828
-3.8199999999999994
-3.765000000000001
-3.6849999999999996
-3.6109999999999993
-3.5499999999999985
-3.4920000000000004
-3.428
-3.3329999999999997
-3.218
-3.0859999999999994
-2.939
-2.7880000000000007
-2.637000000000001
-2.4789999999999996
-2.329
-2.182
-2.042000000000001
-1.9190000000000005
-1.7920000000000018
-1.6730000000000016
-1.5660000000000005
-1.4490000000000007
-1.5410000000000001
-1.6440000000000003
-1.7470000000000008
-1.8550000000000004
-1.9680000000000002
-2.085000000000001
-2.1959999999999997
-2.3169999999999993
-2.428
-2.539999999999999
-2.6339999999999986
-2.7259999999999986
-2.796000000000001
-2.8539999999999996
-2.8990000000000005
-2.9289999999999994
-2.954
-2.9689999999999994
-2.9640000000000004
-2.9450000000000003
-2.9180000000000006
-2.886
-2.859
-2.8350000000000004
-2.814
-2.784999999999999
-2.737999999999999
-2.672000000000001
-2.5940000000000016
-2.4989999999999997
-2.3950000000000005
-2.2840000000000016
-2.1720000000000006
-2.0549999999999993
-1.9380000000000006
-1.8360000000000005
-1.725000000000002
-1.6240000000000006
-1.5260000000000011
-1.431000000000001
-1.3240000000000005
-1.4060000000000008
-1.4850000000000005
-1.5700000000000007
-1.665000000000001
-1.7490000000000008
-1.84
-1.9330000000000005
-2.0180000000000002
-2.095999999999999
-2.170000000000001
-2.2369999999999997
-2.2919999999999985
-2.3359999999999994
-2.358999999999999
-2.373999999999999
-2.3819999999999992
-2.377
-2.3699999999999997
-2.357
-2.335
-2.3219999999999996
-2.3090000000000006
-2.2969999999999993
-2.2979999999999996
-2.2930000000000006
-2.2870000000000004
-2.2659999999999996
-2.2330000000000005
-2.1910000000000007
-2.1260000000000003
-2.0600000000000005
-1.9780000000000015
-1.8980000000000006
-1.8080000000000007
-1.721
-1.6360000000000008
-1.5480000000000016
-1.4670000000000007
-1.3810000000000004
-1.3110000000000015
