1.0560000000000076
1.155000000000009
1.2500000000000082
1.3980000000000063
1.5500000000000103
1.7030000000000145
1.8980000000000081
2.1050000000000146
2.3340000000000107
2.5920000000000054
2.892000000000009
3.2230000000000114
3.5740000000000096
3.98200000000001
4.386999999999998
4.814000000000013
5.2110000000000065
5.59300000000001
5.862999999999985
6.0770000000000275
6.168000000000022
6.130000000000023
5.9840000000000115
5.717999999999992
5.374999999999993
5.00099999999999
4.579000000000001
4.161999999999987
3.7620000000000062
3.3420000000000143
2.99400000000001
2.6940000000000026
2.3990000000000036
2.145000000000009
1.959000000000014
1.7340000000000102
1.5860000000000136
1.4380000000000055
1.2860000000000102
1.1720000000000104
1.0710000000000106
1.0880000000000105
1.2130000000000105
1.3370000000000126
1.4740000000000135
1.6450000000000085
1.8220000000000127
2.012000000000009
2.2380000000000106
2.5200000000000022
2.8240000000000056
3.154000000000007
3.582000000000008
4.001000000000013
4.486999999999989
5.0459999999999985
5.572000000000011
6.113000000000002
6.607000000000012
7.01500000000006
7.319000000000003
7.425999999999974
7.398000000000006
7.169999999999993
6.83499999999998
6.3740000000000245
5.851000000000002
5.275000000000013
4.725000000000018
4.1990000000000185
3.729000000000028
3.304000000000018
2.9280000000000075
2.6130000000000035
2.3110000000000004
2.0770000000000097
1.8850000000000156
1.6850000000000156
1.517000000000009
1.3670000000000084
1.224000000000005
1.1150000000000029
1.1460000000000106
1.2820000000000102
1.3970000000000091
1.5410000000000124
1.7330000000000156
1.9060000000000101
2.138000000000009
2.4130000000000065
2.7180000000000035
3.067999999999995
3.466999999999999
3.9200000000000044
4.466000000000013
5.0880000000000045
5.751000000000005
6.501000000000013
7.235000000000036
7.933999999999945
8.495000000000001
8.885999999999976
9.072999999999992
9.068999999999953
8.792000000000026
8.277000000000003
7.607999999999994
6.87699999999998
6.120999999999999
5.375000000000043
4.705000000000016
4.1280000000000046
3.627000000000015
3.1840000000000086
2.8080000000000096
2.4850000000000136
2.2100000000000146
1.978000000000012
1.76500000000001
1.5850000000000153
1.42500000000001
1.2780000000000071
1.162000000000011
1.2120000000000093
1.3340000000000143
1.4510000000000105
1.6130000000000124
1.804000000000008
2.0100000000000153
2.2630000000000106
2.540000000000008
2.9040000000000057
3.2969999999999953
3.7669999999999995
4.310999999999997
4.982000000000007
5.741000000000004
6.641999999999984
7.622000000000001
8.640000000000017
9.607999999999997
10.401999999999953
10.987999999999973
11.274999999999986
11.275000000000011
10.921999999999974
10.229
9.27
8.202000000000005
7.1160000000000005
6.138000000000018
5.273
4.552000000000011
3.93500000000001
3.4310000000000147
2.9950000000000068
2.6440000000000174
2.3420000000000156
2.0800000000000094
1.843000000000007
1.6600000000000061
1.4850000000000039
1.3300000000000065
1.1960000000000104
1.2550000000000043
1.3670000000000098
1.5130000000000097
1.6920000000000128
1.8730000000000069
2.1140000000000123
2.3910000000000036
2.690000000000005
3.067000000000018
3.511000000000014
4.067000000000004
4.7109999999999905
5.490000000000005
6.478000000000006
7.649000000000006
9.001000000000026
10.451000000000016
11.827000000000004
12.969999999999967
13.762000000000056
14.18400000000004
14.23500000000005
13.854000000000033
12.93100000000001
11.535000000000016
9.893000000000011
8.334000000000037
6.964999999999982
5.856
4.9720000000000075
4.250999999999997
3.668000000000019
3.19900000000001
2.8260000000000067
2.4800000000000115
2.1960000000000064
1.94000000000001
1.723000000000011
1.5639999999999992
1.3910000000000091
1.2350000000000096
1.2840000000000058
1.4210000000000076
1.5700000000000138
1.7540000000000155
1.963000000000005
2.207000000000007
2.5030000000000077
2.837000000000001
3.235
3.7110000000000083
4.355000000000027
5.092000000000004
6.035000000000021
7.251999999999993
8.769999999999994
10.658999999999994
12.79400000000004
14.828000000000008
16.33500000000002
17.2100000000001
17.74100000000006
18.194000000000113
18.115000000000045
16.936999999999962
14.739000000000047
12.142000000000015
9.767999999999986
7.886999999999998
6.448999999999977
5.393000000000011
4.568000000000017
3.9120000000000283
3.3820000000000117
2.938999999999997
2.5970000000000066
2.284000000000009
2.0200000000000125
1.792000000000012
1.6230000000000089
1.4720000000000064
1.3090000000000077
1.308000000000011
1.4510000000000083
1.6280000000000079
1.828000000000011
2.045000000000013
2.3010000000000077
2.602000000000003
2.955999999999997
3.3849999999999985
3.9340000000000077
4.597
5.44900000000002
6.519999999999986
8.012000000000011
10.023000000000001
12.714000000000045
15.997000000000027
19.135999999999985
20.864000000000004
20.913000000000064
21.11500000000003
22.84199999999995
24.40299999999988
23.428000000000008
19.731999999999964
15.070999999999978
11.352999999999994
8.75099999999999
7.023000000000016
5.768000000000011
4.83900000000002
4.108000000000012
3.523999999999992
3.0730000000000097
2.6919999999999993
2.373000000000005
2.0970000000000093
1.8700000000000134
1.6830000000000123
1.5070000000000086
1.3490000000000075
1.3430000000000093
1.5100000000000149
1.6700000000000081
1.8600000000000116
2.1000000000000174
2.390000000000008
2.690000000000001
3.0869999999999935
3.5289999999999933
4.105000000000012
4.858000000000021
5.780000000000014
7.031000000000015
8.785000000000014
11.394999999999985
15.415000000000008
20.83200000000002
25.81100000000004
27.133000000000017
23.17200000000006
21.028999999999982
27.32400000000005
30.83000000000009
31.233999999999927
27.14800000000004
18.76899999999997
12.920000000000014
9.520999999999987
7.4560000000000235
6.053999999999984
5.075000000000003
4.300999999999994
3.7319999999999984
3.224000000000008
2.8040000000000007
2.4820000000000064
2.17400000000001
1.9350000000000096
1.7110000000000192
1.5260000000000142
1.377000000000013
1.3950000000000076
1.5430000000000104
1.738000000000011
1.9370000000000158
2.193000000000015
2.4750000000000036
2.7950000000000226
3.2110000000000087
3.6829999999999927
4.280000000000005
5.004000000000005
5.979000000000027
7.262000000000013
9.189999999999996
12.348000000000004
17.911999999999992
26.280999999999963
29.522000000000002
28.83100000000004
14.640999999999947
4.9630000000000045
13.383000000000031
-11.026999999999978
36.23399999999992
34.83699999999996
20.949999999999974
13.499000000000061
9.804999999999994
7.655000000000002
6.250000000000015
5.233999999999994
4.441000000000004
3.8250000000000113
3.3070000000000097
2.8950000000000014
2.547000000000015
2.2440000000000073
1.9890000000000143
1.7700000000000156
1.5840000000000158
1.4010000000000107
1.4250000000000118
1.590000000000014
1.7950000000000101
1.9860000000000102
2.239000000000015
2.5350000000000157
2.899000000000009
3.304000000000013
3.7959999999999923
4.39
5.116999999999993
6.07800000000002
7.332000000000047
9.17500000000002
12.291999999999954
18.380999999999954
29.83799999999999
29.448000000000004
-21.304999999999996
18.89400000000002
18.85
27.632000000000033
-39.92000000000006
-1.7469999999999977
27.69999999999984
18.84500000000003
12.763000000000062
9.326999999999998
7.489000000000009
6.200000000000001
5.250000000000021
4.479000000000011
3.8579999999999988
3.3580000000000036
2.9320000000000106
2.5740000000000074
2.2660000000000124
2.0080000000000067
1.7910000000000126
1.6070000000000086
1.4280000000000077
1.447000000000011
1.6170000000000098
1.78600000000001
2.034000000000014
2.305000000000017
2.5760000000000103
2.9140000000000024
3.3240000000000034
3.8219999999999983
4.409000000000003
5.10800000000002
6.003999999999983
7.118000000000034
8.599000000000013
10.876000000000031
14.812999999999992
20.406
6.102000000000011
-28.98900000000006
17.81000000000006
18.674999999999976
14.85400000000003
-5.592
1.3870000000000005
11.35100000000003
12.718000000000059
10.645000000000046
8.761000000000012
7.293999999999982
6.155000000000019
5.258000000000011
4.521000000000006
3.911000000000015
3.4300000000000113
2.983000000000011
2.6390000000000122
2.328000000000004
2.033000000000008
1.8280000000000098
1.6300000000000159
1.461000000000008
1.4640000000000082
1.659000000000006
1.820000000000013
2.0540000000000087
2.3140000000000147
2.6030000000000126
2.973000000000017
3.3959999999999964
3.861999999999992
4.442999999999991
5.136999999999993
5.948000000000042
6.93500000000003
8.111000000000018
9.599000000000036
11.303999999999956
11.453000000000056
5.070000000000017
2.729000000000052
10.023999999999958
13.216000000000012
10.733999999999963
4.369999999999986
4.642000000000048
8.763999999999983
10.102000000000013
9.371000000000006
8.16500000000001
7.087000000000017
6.081000000000026
5.255999999999971
4.551999999999995
3.947000000000007
3.4470000000000067
3.0190000000000197
2.6699999999999995
2.359000000000011
2.0840000000000085
1.8610000000000129
1.6500000000000172
1.4750000000000096
1.4860000000000086
1.6810000000000056
1.8750000000000118
2.097000000000011
2.346000000000019
2.6450000000000156
3.0000000000000147
3.43600000000002
3.91100000000001
4.482999999999999
5.114000000000008
5.864000000000015
6.763999999999987
7.744000000000014
8.801000000000029
9.693000000000024
9.754999999999974
8.35600000000004
8.276000000000012
10.546999999999963
11.712000000000026
11.276999999999969
9.980999999999987
9.399000000000049
9.675999999999922
9.588000000000013
8.851000000000017
7.908999999999972
6.9090000000000265
6.046000000000014
5.26000000000003
4.56999999999999
3.995000000000001
3.511000000000006
3.0710000000000255
2.708000000000014
2.4080000000000124
2.1500000000000146
1.8890000000000162
1.6900000000000153
1.5180000000000144
1.516000000000006
1.6810000000000065
1.875000000000019
2.107000000000016
2.365000000000017
2.697000000000002
3.0490000000000017
3.451999999999997
3.9290000000000043
4.47700000000002
5.109000000000013
5.832000000000017
6.628000000000017
7.522999999999982
8.436999999999982
9.297000000000027
9.91500000000003
10.264000000000028
10.740999999999973
11.375
11.660000000000018
11.54700000000007
11.079000000000015
10.561999999999994
10.039999999999951
9.368000000000011
8.555999999999987
7.6409999999999885
6.780000000000011
5.948000000000004
5.234000000000013
4.567999999999998
4.023999999999992
3.527000000000007
3.097
2.731000000000016
2.423000000000015
2.1550000000000114
1.9200000000000192
1.7000000000000128
1.5240000000000105
1.530000000000011
1.698000000000009
1.9030000000000151
2.1550000000000167
2.4090000000000047
2.7189999999999985
3.0780000000000123
3.4979999999999922
3.957000000000011
4.475000000000001
5.102999999999991
5.787999999999989
6.554000000000004
7.363000000000032
8.217000000000029
9.05
9.818999999999972
10.450000000000038
10.946000000000057
11.321
11.510000000000055
11.381000000000036
11.062000000000005
10.575000000000008
9.94000000000002
9.188999999999991
8.333999999999994
7.485999999999976
6.671999999999993
5.898999999999993
5.180000000000019
4.553000000000014
4.033000000000017
3.5340000000000074
3.1210000000000075
2.7440000000000087
2.433000000000006
2.178000000000007
1.9170000000000125
1.7240000000000102
1.5310000000000088
1.5250000000000115
1.715000000000009
1.910000000000012
2.1450000000000133
2.435999999999999
2.755000000000005
3.0940000000000047
3.51000000000001
3.965999999999998
4.486000000000017
5.09500000000001
5.740000000000021
6.4680000000000035
7.236000000000007
8.04399999999999
8.826999999999993
9.574000000000039
10.180000000000005
10.691000000000042
10.984000000000039
11.092999999999982
11.027000000000019
10.73800000000002
10.281999999999973
9.659999999999986
8.945999999999996
8.15100000000001
7.350000000000024
6.578999999999992
5.837000000000033
5.1650000000000125
4.566999999999999
4.018000000000003
3.5649999999999857
3.145000000000008
2.762000000000019
2.451000000000001
2.1720000000000113
1.9390000000000054
1.724000000000009
1.5650000000000066
1.5560000000000116
1.7160000000000135
1.9320000000000088
2.1760000000000104
2.462000000000015
2.7610000000000054
3.110000000000006
3.533999999999989
3.9750000000000165
4.494999999999986
5.06400000000003
5.721000000000015
6.410000000000036
7.11700000000001
7.8800000000000265
8.621999999999947
9.29599999999998
9.897999999999987
10.33500000000001
10.63199999999998
10.748000000000031
10.65800000000003
10.379999999999972
9.96899999999998
9.374000000000036
8.707
7.974999999999997
7.205000000000025
6.497000000000006
5.796000000000017
5.161000000000031
4.547999999999991
4.014
3.552000000000007
3.1429999999999922
2.7700000000000142
2.4740000000000135
2.2140000000000186
1.9500000000000055
1.7480000000000067
1.5350000000000097
1.5610000000000122
1.752000000000009
1.9480000000000086
2.184000000000013
2.458000000000008
2.7850000000000037
3.1140000000000008
3.546999999999998
3.990999999999997
4.497999999999991
5.074999999999988
5.693999999999994
6.339999999999996
7.054000000000045
7.788999999999997
8.478
9.120000000000005
9.649000000000033
10.072999999999992
10.34399999999994
10.439000000000034
10.371000000000015
10.134000000000011
9.704999999999986
9.17099999999999
8.52699999999998
7.841999999999997
7.126000000000018
6.422999999999998
5.745000000000016
5.120000000000004
4.540000000000001
4.021999999999988
3.561000000000007
3.1450000000000062
2.7720000000000025
2.4910000000000183
2.2140000000000146
1.9610000000000047
1.7690000000000152
1.565000000000007
1.5710000000000122
1.7620000000000176
1.9450000000000156
2.2020000000000155
2.469000000000003
2.7790000000000057
3.127000000000002
3.553999999999996
3.992000000000009
4.505999999999999
5.069000000000038
5.681000000000016
6.332000000000003
7.009000000000049
7.699000000000015
8.350000000000001
8.966999999999995
9.47200000000002
9.880999999999949
10.159000000000008
10.225000000000065
10.150999999999986
9.929000000000041
9.510000000000021
8.997999999999974
8.380000000000019
7.739000000000019
7.026000000000008
6.37099999999998
5.716000000000012
5.107000000000007
4.527999999999997
4.0310000000000015
3.5610000000000097
3.1609999999999974
2.794000000000009
2.481000000000008
2.212000000000009
1.970000000000014
1.770000000000013
1.5820000000000085
1.5770000000000224
1.7620000000000176
1.9690000000000154
2.2160000000000237
2.4869999999999997
2.7829999999999995
3.153000000000015
3.549999999999995
4.004999999999994
4.517999999999993
5.07800000000003
5.673000000000008
6.305999999999994
6.966999999999973
7.64299999999999
8.276999999999987
8.90000000000002
9.393000000000045
9.794000000000034
10.035000000000043
10.113999999999995
10.047000000000004
9.796000000000015
9.406000000000065
8.908000000000028
8.305999999999969
7.677999999999992
6.988999999999971
6.336999999999982
5.6979999999999995
5.08200000000001
4.519999999999996
4.034999999999986
3.5559999999999903
3.1440000000000143
2.7719999999999985
2.498000000000004
2.224000000000018
1.9600000000000177
1.756000000000016
1.5700000000000163
1.5760000000000192
1.7700000000000211
1.9390000000000198
2.2000000000000233
2.476999999999999
2.7770000000000064
3.1700000000000172
3.544999999999995
4.0089999999999835
4.525999999999993
5.081000000000008
5.666000000000018
6.303999999999989
6.988999999999958
7.645999999999999
8.29000000000001
8.858999999999993
9.345999999999973
9.737000000000075
9.980999999999966
10.05099999999994
10.006999999999952
9.718000000000021
9.345000000000043
8.864999999999974
8.285000000000032
7.6330000000000355
6.986999999999963
6.30199999999999
5.662000000000003
5.091999999999999
4.5230000000000015
4.005999999999991
3.551000000000011
3.1500000000000146
2.7720000000000042
2.479999999999996
2.213000000000021
1.9460000000000153
1.7670000000000146
1.57400000000002
1.5770000000000224
1.7620000000000176
1.9690000000000154
2.2160000000000237
2.4869999999999997
2.7829999999999995
3.153000000000015
3.549999999999995
4.004999999999994
4.517999999999993
5.07800000000003
5.673000000000008
6.305999999999994
6.966999999999973
7.64299999999999
8.276999999999987
8.90000000000002
9.393000000000045
9.794000000000034
10.035000000000043
10.113999999999995
10.047000000000004
9.796000000000015
9.406000000000065
8.908000000000028
8.305999999999969
7.677999999999992
6.988999999999971
6.336999999999982
5.6979999999999995
5.08200000000001
4.519999999999996
4.034999999999986
3.5559999999999903
3.1440000000000143
2.7719999999999985
2.498000000000004
2.224000000000018
1.9600000000000177
1.756000000000016
1.5700000000000163
1.5710000000000122
1.7620000000000176
1.9450000000000156
2.2020000000000155
2.469000000000003
2.7790000000000057
3.127000000000002
3.553999999999996
3.992000000000009
4.505999999999999
5.069000000000038
5.681000000000016
6.332000000000003
7.009000000000049
7.699000000000015
8.350000000000001
8.966999999999995
9.47200000000002
9.880999999999949
10.159000000000008
10.225000000000065
10.150999999999986
9.929000000000041
9.510000000000021
8.997999999999974
8.380000000000019
7.739000000000019
7.026000000000008
6.37099999999998
5.716000000000012
5.107000000000007
4.527999999999997
4.0310000000000015
3.5610000000000097
3.1609999999999974
2.794000000000009
2.481000000000008
2.212000000000009
1.970000000000014
1.770000000000013
1.5820000000000085
1.5610000000000122
1.752000000000009
1.9480000000000086
2.184000000000013
2.458000000000008
2.7850000000000037
3.1140000000000008
3.546999999999998
3.990999999999997
4.497999999999991
5.074999999999988
5.693999999999994
6.339999999999996
7.054000000000045
7.788999999999997
8.478
9.120000000000005
9.649000000000033
10.072999999999992
10.34399999999994
10.439000000000034
10.371000000000015
10.134000000000011
9.704999999999986
9.17099999999999
8.52699999999998
7.841999999999997
7.126000000000018
6.422999999999998
5.745000000000016
5.120000000000004
4.540000000000001
4.021999999999988
3.561000000000007
3.1450000000000062
2.7720000000000025
2.4910000000000183
2.2140000000000146
1.9610000000000047
1.7690000000000152
1.565000000000007
1.5560000000000116
1.7160000000000135
1.9320000000000088
2.1760000000000104
2.462000000000015
2.7610000000000054
3.110000000000006
3.533999999999989
3.9750000000000165
4.494999999999986
5.06400000000003
5.721000000000015
6.410000000000036
7.11700000000001
7.8800000000000265
8.621999999999947
9.29599999999998
9.897999999999987
10.33500000000001
10.63199999999998
10.748000000000031
10.65800000000003
10.379999999999972
9.96899999999998
9.374000000000036
8.707
7.974999999999997
7.205000000000025
6.497000000000006
5.796000000000017
5.161000000000031
4.547999999999991
4.014
3.552000000000007
3.1429999999999922
2.7700000000000142
2.4740000000000135
2.2140000000000186
1.9500000000000055
1.7480000000000067
1.5350000000000097
1.5250000000000115
1.715000000000009
1.910000000000012
2.1450000000000133
2.435999999999999
2.755000000000005
3.0940000000000047
3.51000000000001
3.965999999999998
4.486000000000017
5.09500000000001
5.740000000000021
6.4680000000000035
7.236000000000007
8.04399999999999
8.826999999999993
9.574000000000039
10.180000000000005
10.691000000000042
10.984000000000039
11.092999999999982
11.027000000000019
10.73800000000002
10.281999999999973
9.659999999999986
8.945999999999996
8.15100000000001
7.350000000000024
6.578999999999992
5.837000000000033
5.1650000000000125
4.566999999999999
4.018000000000003
3.5649999999999857
3.145000000000008
2.762000000000019
2.451000000000001
2.1720000000000113
1.9390000000000054
1.724000000000009
1.5650000000000066
1.530000000000011
1.698000000000009
1.9030000000000151
2.1550000000000167
2.4090000000000047
2.7189999999999985
3.0780000000000123
3.4979999999999922
3.957000000000011
4.475000000000001
5.102999999999991
5.787999999999989
6.554000000000004
7.363000000000032
8.217000000000029
9.05
9.818999999999972
10.450000000000038
10.946000000000057
11.321
11.510000000000055
11.381000000000036
11.062000000000005
10.575000000000008
9.94000000000002
9.188999999999991
8.333999999999994
7.485999999999976
6.671999999999993
5.898999999999993
5.180000000000019
4.553000000000014
4.033000000000017
3.5340000000000074
3.1210000000000075
2.7440000000000087
2.433000000000006
2.178000000000007
1.9170000000000125
1.7240000000000102
1.5310000000000088
1.516000000000006
1.6810000000000065
1.875000000000019
2.107000000000016
2.365000000000017
2.697000000000002
3.0490000000000017
3.451999999999997
3.9290000000000043
4.47700000000002
5.109000000000013
5.832000000000017
6.628000000000017
7.522999999999982
8.436999999999982
9.297000000000027
9.91500000000003
10.264000000000028
10.740999999999973
11.375
11.660000000000018
11.54700000000007
11.079000000000015
10.561999999999994
10.039999999999951
9.368000000000011
8.555999999999987
7.6409999999999885
6.780000000000011
5.948000000000004
5.234000000000013
4.567999999999998
4.023999999999992
3.527000000000007
3.097
2.731000000000016
2.423000000000015
2.1550000000000114
1.9200000000000192
1.7000000000000128
1.5240000000000105
1.4860000000000086
1.6810000000000056
1.8750000000000118
2.097000000000011
2.346000000000019
2.6450000000000156
3.0000000000000147
3.43600000000002
3.91100000000001
4.482999999999999
5.114000000000008
5.864000000000015
6.763999999999987
7.744000000000014
8.801000000000029
9.693000000000024
9.754999999999974
8.35600000000004
8.276000000000012
10.546999999999963
11.712000000000026
11.276999999999969
9.980999999999987
9.399000000000049
9.675999999999922
9.588000000000013
8.851000000000017
7.908999999999972
6.9090000000000265
6.046000000000014
5.26000000000003
4.56999999999999
3.995000000000001
3.511000000000006
3.0710000000000255
2.708000000000014
2.4080000000000124
2.1500000000000146
1.8890000000000162
1.6900000000000153
1.5180000000000144
1.4640000000000082
1.659000000000006
1.820000000000013
2.0540000000000087
2.3140000000000147
2.6030000000000126
2.973000000000017
3.3959999999999964
3.861999999999992
4.442999999999991
5.136999999999993
5.948000000000042
6.93500000000003
8.111000000000018
9.599000000000036
11.303999999999956
11.453000000000056
5.070000000000017
2.729000000000052
10.023999999999958
13.216000000000012
10.733999999999963
4.369999999999986
4.642000000000048
8.763999999999983
10.102000000000013
9.371000000000006
8.16500000000001
7.087000000000017
6.081000000000026
5.255999999999971
4.551999999999995
3.947000000000007
3.4470000000000067
3.0190000000000197
2.6699999999999995
2.359000000000011
2.0840000000000085
1.8610000000000129
1.6500000000000172
1.4750000000000096
1.447000000000011
1.6170000000000098
1.78600000000001
2.034000000000014
2.305000000000017
2.5760000000000103
2.9140000000000024
3.3240000000000034
3.8219999999999983
4.409000000000003
5.10800000000002
6.003999999999983
7.118000000000034
8.599000000000013
10.876000000000031
14.812999999999992
20.406
6.102000000000011
-28.98900000000006
17.81000000000006
18.674999999999976
14.85400000000003
-5.592
1.3870000000000005
11.35100000000003
12.718000000000059
10.645000000000046
8.761000000000012
7.293999999999982
6.155000000000019
5.258000000000011
4.521000000000006
3.911000000000015
3.4300000000000113
2.983000000000011
2.6390000000000122
2.328000000000004
2.033000000000008
1.8280000000000098
1.6300000000000159
1.461000000000008
1.4250000000000118
1.590000000000014
1.7950000000000101
1.9860000000000102
2.239000000000015
2.5350000000000157
2.899000000000009
3.304000000000013
3.7959999999999923
4.39
5.116999999999993
6.07800000000002
7.332000000000047
9.17500000000002
12.291999999999954
18.380999999999954
29.83799999999999
29.448000000000004
-21.304999999999996
18.89400000000002
18.85
27.632000000000033
-39.92000000000006
-1.7469999999999977
27.69999999999984
18.84500000000003
12.763000000000062
9.326999999999998
7.489000000000009
6.200000000000001
5.250000000000021
4.479000000000011
3.8579999999999988
3.3580000000000036
2.9320000000000106
2.5740000000000074
2.2660000000000124
2.0080000000000067
1.7910000000000126
1.6070000000000086
1.4280000000000077
1.3950000000000076
1.5430000000000104
1.738000000000011
1.9370000000000158
2.193000000000015
2.4750000000000036
2.7950000000000226
3.2110000000000087
3.6829999999999927
4.280000000000005
5.004000000000005
5.979000000000027
7.262000000000013
9.189999999999996
12.348000000000004
17.911999999999992
26.280999999999963
29.522000000000002
28.83100000000004
14.640999999999947
4.9630000000000045
13.383000000000031
-11.026999999999978
36.23399999999992
34.83699999999996
20.949999999999974
13.499000000000061
9.804999999999994
7.655000000000002
6.250000000000015
5.233999999999994
4.441000000000004
3.8250000000000113
3.3070000000000097
2.8950000000000014
2.547000000000015
2.2440000000000073
1.9890000000000143
1.7700000000000156
1.5840000000000158
1.4010000000000107
1.3430000000000093
1.5100000000000149
1.6700000000000081
1.8600000000000116
2.1000000000000174
2.390000000000008
2.690000000000001
3.0869999999999935
3.5289999999999933
4.105000000000012
4.858000000000021
5.780000000000014
7.031000000000015
8.785000000000014
11.394999999999985
15.415000000000008
20.83200000000002
25.81100000000004
27.133000000000017
23.17200000000006
21.028999999999982
27.32400000000005
30.83000000000009
31.233999999999927
27.14800000000004
18.76899999999997
12.920000000000014
9.520999999999987
7.4560000000000235
6.053999999999984
5.075000000000003
4.300999999999994
3.7319999999999984
3.224000000000008
2.8040000000000007
2.4820000000000064
2.17400000000001
1.9350000000000096
1.7110000000000192
1.5260000000000142
1.377000000000013
1.308000000000011
1.4510000000000083
1.6280000000000079
1.828000000000011
2.045000000000013
2.3010000000000077
2.602000000000003
2.955999999999997
3.3849999999999985
3.9340000000000077
4.597
5.44900000000002
6.519999999999986
8.012000000000011
10.023000000000001
12.714000000000045
15.997000000000027
19.135999999999985
20.864000000000004
20.913000000000064
21.11500000000003
22.84199999999995
24.40299999999988
23.428000000000008
19.731999999999964
15.070999999999978
11.352999999999994
8.75099999999999
7.023000000000016
5.768000000000011
4.83900000000002
4.108000000000012
3.523999999999992
3.0730000000000097
2.6919999999999993
2.373000000000005
2.0970000000000093
1.8700000000000134
1.6830000000000123
1.5070000000000086
1.3490000000000075
1.2840000000000058
1.4210000000000076
1.5700000000000138
1.7540000000000155
1.963000000000005
2.207000000000007
2.5030000000000077
2.837000000000001
3.235
3.7110000000000083
4.355000000000027
5.092000000000004
6.035000000000021
7.251999999999993
8.769999999999994
10.658999999999994
12.79400000000004
14.828000000000008
16.33500000000002
17.2100000000001
17.74100000000006
18.194000000000113
18.115000000000045
16.936999999999962
14.739000000000047
12.142000000000015
9.767999999999986
7.886999999999998
6.448999999999977
5.393000000000011
4.568000000000017
3.9120000000000283
3.3820000000000117
2.938999999999997
2.5970000000000066
2.284000000000009
2.0200000000000125
1.792000000000012
1.6230000000000089
1.4720000000000064
1.3090000000000077
1.2550000000000043
1.3670000000000098
1.5130000000000097
1.6920000000000128
1.8730000000000069
2.1140000000000123
2.3910000000000036
2.690000000000005
3.067000000000018
3.511000000000014
4.067000000000004
4.7109999999999905
5.490000000000005
6.478000000000006
7.649000000000006
9.001000000000026
10.451000000000016
11.827000000000004
12.969999999999967
13.762000000000056
14.18400000000004
14.23500000000005
13.854000000000033
12.93100000000001
11.535000000000016
9.893000000000011
8.334000000000037
6.964999999999982
5.856
4.9720000000000075
4.250999999999997
3.668000000000019
3.19900000000001
2.8260000000000067
2.4800000000000115
2.1960000000000064
1.94000000000001
1.723000000000011
1.5639999999999992
1.3910000000000091
1.2350000000000096
1.2120000000000093
1.3340000000000143
1.4510000000000105
1.6130000000000124
1.804000000000008
2.0100000000000153
2.2630000000000106
2.540000000000008
2.9040000000000057
3.2969999999999953
3.7669999999999995
4.310999999999997
4.982000000000007
5.741000000000004
6.641999999999984
7.622000000000001
8.640000000000017
9.607999999999997
10.401999999999953
10.987999999999973
11.274999999999986
11.275000000000011
10.921999999999974
10.229
9.27
8.202000000000005
7.1160000000000005
6.138000000000018
5.273
4.552000000000011
3.93500000000001
3.4310000000000147
2.9950000000000068
2.6440000000000174
2.3420000000000156
2.0800000000000094
1.843000000000007
1.6600000000000061
1.4850000000000039
1.3300000000000065
1.1960000000000104
1.1460000000000106
1.2820000000000102
1.3970000000000091
1.5410000000000124
1.7330000000000156
1.9060000000000101
2.138000000000009
2.4130000000000065
2.7180000000000035
3.067999999999995
3.466999999999999
3.9200000000000044
4.466000000000013
5.0880000000000045
5.751000000000005
6.501000000000013
7.235000000000036
7.933999999999945
8.495000000000001
8.885999999999976
9.072999999999992
9.068999999999953
8.792000000000026
8.277000000000003
7.607999999999994
6.87699999999998
6.120999999999999
5.375000000000043
4.705000000000016
4.1280000000000046
3.627000000000015
3.1840000000000086
2.8080000000000096
2.4850000000000136
2.2100000000000146
1.978000000000012
1.76500000000001
1.5850000000000153
1.42500000000001
1.2780000000000071
1.162000000000011
1.0880000000000105
1.2130000000000105
1.3370000000000126
1.4740000000000135
1.6450000000000085
1.8220000000000127
2.012000000000009
2.2380000000000106
2.5200000000000022
2.8240000000000056
3.154000000000007
3.582000000000008
4.001000000000013
4.486999999999989
5.0459999999999985
5.572000000000011
6.113000000000002
6.607000000000012
7.01500000000006
7.319000000000003
7.425999999999974
7.398000000000006
7.169999999999993
6.83499999999998
6.3740000000000245
5.851000000000002
5.275000000000013
4.725000000000018
4.1990000000000185
3.729000000000028
3.304000000000018
2.9280000000000075
2.6130000000000035
2.3110000000000004
2.0770000000000097
1.8850000000000156
1.6850000000000156
1.517000000000009
1.3670000000000084
1.224000000000005
1.1150000000000029
1.0560000000000076
1.155000000000009
1.2500000000000082
1.3980000000000063
1.5500000000000103
1.7030000000000145
1.8980000000000081
2.1050000000000146
2.3340000000000107
2.5920000000000054
2.892000000000009
3.2230000000000114
3.5740000000000096
3.98200000000001
4.386999999999998
4.814000000000013
5.2110000000000065
5.59300000000001
5.862999999999985
6.0770000000000275
6.168000000000022
6.130000000000023
5.9840000000000115
5.717999999999992
5.374999999999993
5.00099999999999
4.579000000000001
4.161999999999987
3.7620000000000062
3.3420000000000143
2.99400000000001
2.6940000000000026
2.3990000000000036
2.145000000000009
1.959000000000014
1.7340000000000102
1.5860000000000136
1.4380000000000055
1.2860000000000102
1.1720000000000104
1.0710000000000106
