-0.9019999999999998
-0.9919999999999998
-1.0979999999999999
-1.2179999999999997
-1.349
-1.503
-1.674
-1.8709999999999996
-2.09
-2.3469999999999995
-2.6260000000000003
-2.9440000000000004
-3.293
-3.6689999999999996
-4.068999999999999
-4.466999999999999
-4.853000000000001
-5.205
-5.484999999999999
-5.6770000000000005
-5.769
-5.743
-5.5969999999999995
-5.3500000000000005
-5.012000000000001
-4.625000000000001
-4.211
-3.802
-3.4119999999999995
-3.045
-2.716
-2.4229999999999996
-2.16
-1.9320000000000002
-1.726
-1.551
-1.3929999999999996
-1.2529999999999997
-1.1289999999999998
-1.0160000000000002
-0.928
-0.9309999999999999
-1.0339999999999998
-1.1449999999999998
-1.274
-1.416
-1.5839999999999999
-1.775
-1.994
-2.2439999999999993
-2.532
-2.864
-3.2359999999999998
-3.6639999999999997
-4.131
-4.64
-5.161
-5.676000000000001
-6.145
-6.531
-6.804
-6.926
-6.893
-6.693999999999999
-6.352999999999998
-5.888000000000001
-5.362
-4.819000000000001
-4.285999999999999
-3.7939999999999996
-3.3489999999999998
-2.956
-2.61
-2.314
-2.052
-1.8300000000000003
-1.63
-1.4589999999999996
-1.309
-1.1749999999999998
-1.06
-0.957
-0.9639999999999999
-1.07
-1.185
-1.3219999999999998
-1.4850000000000003
-1.665
-1.8769999999999998
-2.117
-2.3939999999999997
-2.7250000000000005
-3.1070000000000007
-3.553
-4.067
-4.654
-5.303999999999999
-6.0
-6.694
-7.3469999999999995
-7.874000000000001
-8.254
-8.434000000000001
-8.398
-8.127
-7.643
-6.993
-6.255999999999999
-5.524
-4.823
-4.208
-3.665
-3.2039999999999993
-2.8059999999999996
-2.465
-2.1750000000000003
-1.9270000000000003
-1.7120000000000002
-1.528
-1.3630000000000002
-1.2219999999999998
-1.1
-0.9890000000000001
-0.9960000000000001
-1.1070000000000002
-1.2339999999999998
-1.3770000000000002
-1.545
-1.7420000000000002
-1.969
-2.234
-2.549
-2.9140000000000006
-3.352
-3.88
-4.502000000000001
-5.236
-6.0809999999999995
-7.0089999999999995
-7.9769999999999985
-8.882
-9.641
-10.173
-10.438
-10.409
-10.05
-9.346
-8.399000000000001
-7.345000000000001
-6.325
-5.416
-4.641000000000001
-3.9890000000000008
-3.4470000000000005
-2.993
-2.6140000000000003
-2.2960000000000003
-2.023
-1.7910000000000001
-1.59
-1.4139999999999997
-1.265
-1.1319999999999997
-1.0200000000000002
-1.0210000000000001
-1.1360000000000003
-1.273
-1.4260000000000002
-1.604
-1.8110000000000006
-2.059
-2.345
-2.686
-3.1020000000000003
-3.5959999999999996
-4.2059999999999995
-4.953
-5.867
-6.962
-8.242000000000003
-9.62
-10.928999999999998
-12.003000000000002
-12.73
-13.132999999999997
-13.158999999999999
-12.716
-11.68
-10.213000000000001
-8.64
-7.215999999999999
-6.022000000000002
-5.061
-4.296
-3.6810000000000005
-3.169
-2.7509999999999994
-2.4
-2.108
-1.8580000000000003
-1.646
-1.4640000000000002
-1.3050000000000002
-1.171
-1.0469999999999997
-1.0500000000000003
-1.1700000000000004
-1.3090000000000002
-1.4689999999999999
-1.6580000000000004
-1.8780000000000003
-2.14
-2.4459999999999997
-2.8120000000000007
-3.2670000000000003
-3.8230000000000004
-4.509
-5.3839999999999995
-6.509
-7.934000000000001
-9.708
-11.743
-13.731
-15.265999999999998
-16.194000000000003
-16.733999999999998
-17.002000000000002
-16.605
-14.997000000000003
-12.552
-10.120000000000001
-8.127
-6.603
-5.45
-4.5649999999999995
-3.878
-3.326
-2.8730000000000007
-2.5049999999999994
-2.189
-1.9240000000000002
-1.6989999999999998
-1.5070000000000001
-1.342
-1.2009999999999998
-1.0730000000000002
-1.067
-1.1949999999999998
-1.3439999999999999
-1.5120000000000002
-1.7100000000000004
-1.9350000000000007
-2.2090000000000005
-2.5360000000000005
-2.9290000000000007
-3.4080000000000004
-4.010000000000001
-4.775
-5.765999999999999
-7.095999999999999
-8.911
-11.372
-14.507000000000001
-17.756
-19.934
-20.785
-21.288999999999998
-22.233
-22.615000000000006
-19.794
-15.288000000000002
-11.523
-8.866999999999999
-7.034
-5.737
-4.775
-4.036
-3.451
-2.979
-2.5880000000000005
-2.2620000000000005
-1.9790000000000003
-1.748
-1.5440000000000003
-1.373
-1.224
-1.092
-1.092
-1.2200000000000004
-1.372
-1.5470000000000002
-1.7510000000000006
-1.9930000000000008
-2.2730000000000006
-2.6110000000000007
-3.019
-3.5260000000000002
-4.13
-4.933
-6.006
-7.479
-9.611
-12.793000000000003
-17.534
-23.443000000000005
-26.784999999999997
-25.992
-25.568
-27.691000000000003
-31.433
-23.390000000000004
-16.48
-12.041
-9.113
-7.193999999999999
-5.873999999999999
-4.899999999999999
-4.149
-3.5479999999999996
-3.059
-2.653000000000001
-2.315000000000001
-2.0330000000000004
-1.7900000000000003
-1.5839999999999996
-1.4060000000000004
-1.2510000000000001
-1.119
-1.1090000000000007
-1.2380000000000004
-1.3940000000000006
-1.5690000000000004
-1.7800000000000005
-2.0220000000000002
-2.3120000000000003
-2.658
-3.076
-3.588
-4.223000000000001
-5.044999999999999
-6.122999999999999
-7.63
-9.854000000000001
-13.331999999999999
-18.946
-27.287000000000003
-35.838
-8.281
3.453
0.748
-5.5619999999999985
-18.226
-16.318999999999996
-11.793
-8.908999999999999
-7.125999999999998
-5.898
-4.96
-4.225
-3.620999999999998
-3.1260000000000003
-2.712
-2.3720000000000008
-2.077
-1.828
-1.6150000000000002
-1.4300000000000004
-1.2720000000000002
-1.1370000000000002
-1.1300000000000001
-1.2620000000000002
-1.4170000000000003
-1.6010000000000004
-1.8130000000000006
-2.0640000000000005
-2.3570000000000007
-2.707
-3.133
-3.641
-4.270000000000001
-5.069
-6.098000000000001
-7.4860000000000015
-9.464
-12.490999999999998
-17.504
-23.294
-12.994
-0.8969999999999996
-2.6630000000000003
-2.6650000000000023
-8.701
-15.108
-16.914
-11.067
-8.400999999999996
-6.936999999999999
-5.844999999999999
-4.978
-4.259999999999999
-3.6699999999999986
-3.178999999999999
-2.7590000000000003
-2.4120000000000004
-2.1109999999999998
-1.8550000000000004
-1.6380000000000003
-1.4470000000000003
-1.2930000000000004
-1.1510000000000005
-1.1430000000000005
-1.2810000000000004
-1.4470000000000003
-1.628
-1.8440000000000005
-2.0970000000000004
-2.398000000000001
-2.7540000000000004
-3.177
-3.6819999999999995
-4.302
-5.066
-6.010999999999999
-7.222999999999999
-8.827999999999998
-11.268
-16.209999999999997
-20.713
8.748000000000001
-11.055000000000001
-9.744
-12.857000000000001
-16.176
-16.023999999999997
-13.185
-9.878
-7.946
-6.726
-5.776
-4.967999999999999
-4.284999999999998
-3.704999999999999
-3.214999999999999
-2.7949999999999995
-2.442
-2.141000000000001
-1.8810000000000004
-1.6610000000000005
-1.4700000000000002
-1.3030000000000002
-1.1640000000000001
-1.1540000000000004
-1.2990000000000004
-1.4550000000000003
-1.6500000000000006
-1.8720000000000003
-2.1240000000000006
-2.426
-2.781
-3.199
-3.6999999999999993
-4.295000000000002
-5.018
-5.8790000000000004
-6.922
-8.191999999999998
-9.934000000000001
-12.712
-15.420000000000002
-14.731000000000003
-13.320000000000002
-12.941
-13.68
-13.906
-12.491000000000001
-10.616999999999999
-8.934
-7.640999999999999
-6.608
-5.728999999999999
-4.961999999999999
-4.294999999999999
-3.7319999999999998
-3.243
-2.822
-2.4650000000000003
-2.1590000000000007
-1.899000000000001
-1.6780000000000002
-1.4850000000000003
-1.3170000000000002
-1.1770000000000003
-1.1690000000000005
-1.3080000000000007
-1.4740000000000009
-1.6640000000000006
-1.8840000000000001
-2.1430000000000002
-2.4469999999999996
-2.799
-3.215
-3.7019999999999995
-4.281999999999999
-4.9590000000000005
-5.757
-6.691999999999999
-7.789
-9.117999999999999
-10.754999999999999
-12.343
-13.053
-13.011
-13.016
-13.011
-12.573999999999998
-11.425000000000002
-9.980000000000002
-8.656
-7.525
-6.553999999999999
-5.701
-4.952000000000001
-4.306
-3.743
-3.2510000000000003
-2.8409999999999997
-2.4850000000000003
-2.181
-1.9180000000000006
-1.6900000000000008
-1.4940000000000004
-1.3280000000000005
-1.1870000000000003
-1.1770000000000005
-1.3230000000000006
-1.4830000000000003
-1.6810000000000005
-1.9000000000000004
-2.1620000000000004
-2.463
-2.8170000000000006
-3.2300000000000004
-3.708999999999999
-4.268000000000001
-4.9239999999999995
-5.679
-6.549000000000001
-7.547000000000001
-8.682
-9.915999999999999
-11.056000000000001
-11.796000000000003
-12.112
-12.208
-12.068999999999999
-11.595000000000002
-10.742999999999999
-9.646
-8.517
-7.4620000000000015
-6.5200000000000005
-5.684999999999997
-4.9559999999999995
-4.311999999999999
-3.7499999999999996
-3.2729999999999997
-2.8560000000000003
-2.5009999999999994
-2.191000000000001
-1.9289999999999998
-1.701
-1.5080000000000002
-1.3370000000000002
-1.1920000000000002
-1.1840000000000006
-1.3280000000000005
-1.4949999999999999
-1.688
-1.917
-2.178
-2.479
-2.8360000000000007
-3.2430000000000003
-3.714999999999999
-4.265
-4.897
-5.62
-6.4300000000000015
-7.339000000000001
-8.33
-9.332000000000003
-10.228
-10.885000000000002
-11.258
-11.379
-11.239000000000003
-10.822999999999999
-10.141000000000002
-9.266
-8.304000000000002
-7.348
-6.465
-5.659
-4.942999999999999
-4.313
-3.7649999999999997
-3.2840000000000007
-2.8669999999999995
-2.511000000000001
-2.2070000000000007
-1.9400000000000004
-1.7140000000000006
-1.5160000000000002
-1.3410000000000002
-1.1990000000000005
-1.1900000000000006
-1.3420000000000003
-1.5030000000000003
-1.7010000000000005
-1.927
-2.188
-2.492
-2.8470000000000004
-3.249999999999999
-3.7230000000000008
-4.262000000000001
-4.877999999999998
-5.569
-6.334
-7.167999999999999
-8.040000000000001
-8.894
-9.646000000000003
-10.225999999999999
-10.585
-10.706999999999999
-10.589000000000002
-10.232000000000001
-9.651000000000002
-8.910000000000002
-8.077000000000002
-7.215999999999998
-6.390999999999999
-5.623999999999999
-4.93
-4.31
-3.765
-3.2910000000000004
-2.8800000000000003
-2.519
-2.213
-1.9490000000000003
-1.7140000000000004
-1.5190000000000006
-1.3480000000000003
-1.2010000000000005
-1.1940000000000004
-1.3420000000000003
-1.5150000000000006
-1.7100000000000002
-1.9369999999999998
-2.202000000000001
-2.5050000000000003
-2.8559999999999994
-3.260999999999999
-3.726
-4.2589999999999995
-4.856000000000001
-5.529
-6.255999999999999
-7.030000000000001
-7.815
-8.565
-9.241000000000001
-9.754
-10.088
-10.198000000000002
-10.100999999999999
-9.785
-9.274999999999999
-8.62
-7.8690000000000015
-7.086
-6.312
-5.580999999999998
-4.9079999999999995
-4.302000000000001
-3.7639999999999993
-3.295
-2.882
-2.531000000000001
-2.2199999999999998
-1.953
-1.7240000000000004
-1.5260000000000005
-1.3550000000000006
-1.2070000000000005
-1.2030000000000007
-1.35
-1.5180000000000002
-1.7170000000000003
-1.947
-2.21
-2.519
-2.8649999999999993
-3.271
-3.7319999999999998
-4.26
-4.844000000000001
-5.492
-6.1930000000000005
-6.922
-7.656999999999999
-8.345
-8.953999999999997
-9.429
-9.733999999999998
-9.842999999999998
-9.748000000000001
-9.458000000000004
-8.995999999999999
-8.395999999999997
-7.701999999999998
-6.971000000000001
-6.242
-5.539000000000001
-4.8839999999999995
-4.289
-3.7600000000000002
-3.296
-2.884000000000001
-2.5299999999999994
-2.223
-1.9559999999999997
-1.7260000000000002
-1.534
-1.356
-1.205
-1.2050000000000005
-1.356
-1.5270000000000001
-1.7230000000000003
-1.9519999999999997
-2.2170000000000005
-2.5219999999999994
-2.875
-3.276
-3.739000000000001
-4.263000000000001
-4.840000000000001
-5.474
-6.148
-6.854
-7.548
-8.198999999999998
-8.767999999999999
-9.214
-9.496
-9.597
-9.508000000000001
-9.234000000000004
-8.799999999999999
-8.234
-7.587
-6.885999999999998
-6.185999999999999
-5.5059999999999985
-4.863999999999999
-4.278999999999999
-3.7590000000000012
-3.2959999999999994
-2.886999999999999
-2.5359999999999996
-2.227
-1.9569999999999996
-1.732
-1.525
-1.3580000000000008
-1.2080000000000002
-1.207
-1.358
-1.529
-1.7280000000000002
-1.9539999999999997
-2.2230000000000003
-2.5299999999999994
-2.878999999999999
-3.2869999999999995
-3.744
-4.264
-4.837000000000001
-5.458999999999998
-6.13
-6.814999999999999
-7.486000000000002
-8.119
-8.669
-9.091000000000001
-9.366999999999997
-9.453
-9.365
-9.103000000000002
-8.683
-8.139000000000001
-7.509000000000004
-6.827000000000002
-6.144
-5.475999999999999
-4.845999999999999
-4.27
-3.7490000000000006
-3.293
-2.8819999999999997
-2.533
-2.2259999999999995
-1.9609999999999999
-1.7290000000000003
-1.5320000000000007
-1.355
-1.2100000000000006
-1.2100000000000004
-1.357
-1.533
-1.7320000000000004
-1.9619999999999993
-2.2299999999999995
-2.5349999999999997
-2.887000000000001
-3.288
-3.750000000000001
-4.271000000000001
-4.84
-5.464999999999999
-6.128000000000002
-6.812000000000002
-7.477999999999998
-8.1
-8.643000000000002
-9.058000000000003
-9.321
-9.412000000000004
-9.322000000000001
-9.054000000000002
-8.635
-8.096
-7.473
-6.8069999999999995
-6.123
-5.464
-4.838
-4.263999999999999
-3.746
-3.286000000000001
-2.88
-2.53
-2.2239999999999998
-1.955
-1.7269999999999992
-1.5299999999999998
-1.3590000000000002
-1.2100000000000004
-1.207
-1.358
-1.529
-1.7280000000000002
-1.9539999999999997
-2.2230000000000003
-2.5299999999999994
-2.878999999999999
-3.2869999999999995
-3.744
-4.264
-4.837000000000001
-5.458999999999998
-6.13
-6.814999999999999
-7.486000000000002
-8.119
-8.669
-9.091000000000001
-9.366999999999997
-9.453
-9.365
-9.103000000000002
-8.683
-8.139000000000001
-7.509000000000004
-6.827000000000002
-6.144
-5.475999999999999
-4.845999999999999
-4.27
-3.7490000000000006
-3.293
-2.8819999999999997
-2.533
-2.2259999999999995
-1.9609999999999999
-1.7290000000000003
-1.5320000000000007
-1.355
-1.2100000000000006
-1.2050000000000005
-1.356
-1.5270000000000001
-1.7230000000000003
-1.9519999999999997
-2.2170000000000005
-2.5219999999999994
-2.875
-3.276
-3.739000000000001
-4.263000000000001
-4.840000000000001
-5.474
-6.148
-6.854
-7.548
-8.198999999999998
-8.767999999999999
-9.214
-9.496
-9.597
-9.508000000000001
-9.234000000000004
-8.799999999999999
-8.234
-7.587
-6.885999999999998
-6.185999999999999
-5.5059999999999985
-4.863999999999999
-4.278999999999999
-3.7590000000000012
-3.2959999999999994
-2.886999999999999
-2.5359999999999996
-2.227
-1.9569999999999996
-1.732
-1.525
-1.3580000000000008
-1.2080000000000002
-1.2030000000000007
-1.35
-1.5180000000000002
-1.7170000000000003
-1.947
-2.21
-2.519
-2.8649999999999993
-3.271
-3.7319999999999998
-4.26
-4.844000000000001
-5.492
-6.1930000000000005
-6.922
-7.656999999999999
-8.345
-8.953999999999997
-9.429
-9.733999999999998
-9.842999999999998
-9.748000000000001
-9.458000000000004
-8.995999999999999
-8.395999999999997
-7.701999999999998
-6.971000000000001
-6.242
-5.539000000000001
-4.8839999999999995
-4.289
-3.7600000000000002
-3.296
-2.884000000000001
-2.5299999999999994
-2.223
-1.9559999999999997
-1.7260000000000002
-1.534
-1.356
-1.205
-1.1940000000000004
-1.3420000000000003
-1.5150000000000006
-1.7100000000000002
-1.9369999999999998
-2.202000000000001
-2.5050000000000003
-2.8559999999999994
-3.260999999999999
-3.726
-4.2589999999999995
-4.856000000000001
-5.529
-6.255999999999999
-7.030000000000001
-7.815
-8.565
-9.241000000000001
-9.754
-10.088
-10.198000000000002
-10.100999999999999
-9.785
-9.274999999999999
-8.62
-7.8690000000000015
-7.086
-6.312
-5.580999999999998
-4.9079999999999995
-4.302000000000001
-3.7639999999999993
-3.295
-2.882
-2.531000000000001
-2.2199999999999998
-1.953
-1.7240000000000004
-1.5260000000000005
-1.3550000000000006
-1.2070000000000005
-1.1900000000000006
-1.3420000000000003
-1.5030000000000003
-1.7010000000000005
-1.927
-2.188
-2.492
-2.8470000000000004
-3.249999999999999
-3.7230000000000008
-4.262000000000001
-4.877999999999998
-5.569
-6.334
-7.167999999999999
-8.040000000000001
-8.894
-9.646000000000003
-10.225999999999999
-10.585
-10.706999999999999
-10.589000000000002
-10.232000000000001
-9.651000000000002
-8.910000000000002
-8.077000000000002
-7.215999999999998
-6.390999999999999
-5.623999999999999
-4.93
-4.31
-3.765
-3.2910000000000004
-2.8800000000000003
-2.519
-2.213
-1.9490000000000003
-1.7140000000000004
-1.5190000000000006
-1.3480000000000003
-1.2010000000000005
-1.1840000000000006
-1.3280000000000005
-1.4949999999999999
-1.688
-1.917
-2.178
-2.479
-2.8360000000000007
-3.2430000000000003
-3.714999999999999
-4.265
-4.897
-5.62
-6.4300000000000015
-7.339000000000001
-8.33
-9.332000000000003
-10.228
-10.885000000000002
-11.258
-11.379
-11.239000000000003
-10.822999999999999
-10.141000000000002
-9.266
-8.304000000000002
-7.348
-6.465
-5.659
-4.942999999999999
-4.313
-3.7649999999999997
-3.2840000000000007
-2.8669999999999995
-2.511000000000001
-2.2070000000000007
-1.9400000000000004
-1.7140000000000006
-1.5160000000000002
-1.3410000000000002
-1.1990000000000005
-1.1770000000000005
-1.3230000000000006
-1.4830000000000003
-1.6810000000000005
-1.9000000000000004
-2.1620000000000004
-2.463
-2.8170000000000006
-3.2300000000000004
-3.708999999999999
-4.268000000000001
-4.9239999999999995
-5.679
-6.549000000000001
-7.547000000000001
-8.682
-9.915999999999999
-11.056000000000001
-11.796000000000003
-12.112
-12.208
-12.068999999999999
-11.595000000000002
-10.742999999999999
-9.646
-8.517
-7.4620000000000015
-6.5200000000000005
-5.684999999999997
-4.9559999999999995
-4.311999999999999
-3.7499999999999996
-3.2729999999999997
-2.8560000000000003
-2.5009999999999994
-2.191000000000001
-1.9289999999999998
-1.701
-1.5080000000000002
-1.3370000000000002
-1.1920000000000002
-1.1690000000000005
-1.3080000000000007
-1.4740000000000009
-1.6640000000000006
-1.8840000000000001
-2.1430000000000002
-2.4469999999999996
-2.799
-3.215
-3.7019999999999995
-4.281999999999999
-4.9590000000000005
-5.757
-6.691999999999999
-7.789
-9.117999999999999
-10.754999999999999
-12.343
-13.053
-13.011
-13.016
-13.011
-12.573999999999998
-11.425000000000002
-9.980000000000002
-8.656
-7.525
-6.553999999999999
-5.701
-4.952000000000001
-4.306
-3.743
-3.2510000000000003
-2.8409999999999997
-2.4850000000000003
-2.181
-1.9180000000000006
-1.6900000000000008
-1.4940000000000004
-1.3280000000000005
-1.1870000000000003
-1.1540000000000004
-1.2990000000000004
-1.4550000000000003
-1.6500000000000006
-1.8720000000000003
-2.1240000000000006
-2.426
-2.781
-3.199
-3.6999999999999993
-4.295000000000002
-5.018
-5.8790000000000004
-6.922
-8.191999999999998
-9.934000000000001
-12.712
-15.420000000000002
-14.731000000000003
-13.320000000000002
-12.941
-13.68
-13.906
-12.491000000000001
-10.616999999999999
-8.934
-7.640999999999999
-6.608
-5.728999999999999
-4.961999999999999
-4.294999999999999
-3.7319999999999998
-3.243
-2.822
-2.4650000000000003
-2.1590000000000007
-1.899000000000001
-1.6780000000000002
-1.4850000000000003
-1.3170000000000002
-1.1770000000000003
-1.1430000000000005
-1.2810000000000004
-1.4470000000000003
-1.628
-1.8440000000000005
-2.0970000000000004
-2.398000000000001
-2.7540000000000004
-3.177
-3.6819999999999995
-4.302
-5.066
-6.010999999999999
-7.222999999999999
-8.827999999999998
-11.268
-16.209999999999997
-20.713
8.748000000000001
-11.055000000000001
-9.744
-12.857000000000001
-16.176
-16.023999999999997
-13.185
-9.878
-7.946
-6.726
-5.776
-4.967999999999999
-4.284999999999998
-3.704999999999999
-3.214999999999999
-2.7949999999999995
-2.442
-2.141000000000001
-1.8810000000000004
-1.6610000000000005
-1.4700000000000002
-1.3030000000000002
-1.1640000000000001
-1.1300000000000001
-1.2620000000000002
-1.4170000000000003
-1.6010000000000004
-1.8130000000000006
-2.0640000000000005
-2.3570000000000007
-2.707
-3.133
-3.641
-4.270000000000001
-5.069
-6.098000000000001
-7.4860000000000015
-9.464
-12.490999999999998
-17.504
-23.294
-12.994
-0.8969999999999996
-2.6630000000000003
-2.6650000000000023
-8.701
-15.108
-16.914
-11.067
-8.400999999999996
-6.936999999999999
-5.844999999999999
-4.978
-4.259999999999999
-3.6699999999999986
-3.178999999999999
-2.7590000000000003
-2.4120000000000004
-2.1109999999999998
-1.8550000000000004
-1.6380000000000003
-1.4470000000000003
-1.2930000000000004
-1.1510000000000005
-1.1090000000000007
-1.2380000000000004
-1.3940000000000006
-1.5690000000000004
-1.7800000000000005
-2.0220000000000002
-2.3120000000000003
-2.658
-3.076
-3.588
-4.223000000000001
-5.044999999999999
-6.122999999999999
-7.63
-9.854000000000001
-13.331999999999999
-18.946
-27.287000000000003
-35.838
-8.281
3.453
0.748
-5.5619999999999985
-18.226
-16.318999999999996
-11.793
-8.908999999999999
-7.125999999999998
-5.898
-4.96
-4.225
-3.620999999999998
-3.1260000000000003
-2.712
-2.3720000000000008
-2.077
-1.828
-1.6150000000000002
-1.4300000000000004
-1.2720000000000002
-1.1370000000000002
-1.092
-1.2200000000000004
-1.372
-1.5470000000000002
-1.7510000000000006
-1.9930000000000008
-2.2730000000000006
-2.6110000000000007
-3.019
-3.5260000000000002
-4.13
-4.933
-6.006
-7.479
-9.611
-12.793000000000003
-17.534
-23.443000000000005
-26.784999999999997
-25.992
-25.568
-27.691000000000003
-31.433
-23.390000000000004
-16.48
-12.041
-9.113
-7.193999999999999
-5.873999999999999
-4.899999999999999
-4.149
-3.5479999999999996
-3.059
-2.653000000000001
-2.315000000000001
-2.0330000000000004
-1.7900000000000003
-1.5839999999999996
-1.4060000000000004
-1.2510000000000001
-1.119
-1.067
-1.1949999999999998
-1.3439999999999999
-1.5120000000000002
-1.7100000000000004
-1.9350000000000007
-2.2090000000000005
-2.5360000000000005
-2.9290000000000007
-3.4080000000000004
-4.010000000000001
-4.775
-5.765999999999999
-7.095999999999999
-8.911
-11.372
-14.507000000000001
-17.756
-19.934
-20.785
-21.288999999999998
-22.233
-22.615000000000006
-19.794
-15.288000000000002
-11.523
-8.866999999999999
-7.034
-5.737
-4.775
-4.036
-3.451
-2.979
-2.5880000000000005
-2.2620000000000005
-1.9790000000000003
-1.748
-1.5440000000000003
-1.373
-1.224
-1.092
-1.0500000000000003
-1.1700000000000004
-1.3090000000000002
-1.4689999999999999
-1.6580000000000004
-1.8780000000000003
-2.14
-2.4459999999999997
-2.8120000000000007
-3.2670000000000003
-3.8230000000000004
-4.509
-5.3839999999999995
-6.509
-7.934000000000001
-9.708
-11.743
-13.731
-15.265999999999998
-16.194000000000003
-16.733999999999998
-17.002000000000002
-16.605
-14.997000000000003
-12.552
-10.120000000000001
-8.127
-6.603
-5.45
-4.5649999999999995
-3.878
-3.326
-2.8730000000000007
-2.5049999999999994
-2.189
-1.9240000000000002
-1.6989999999999998
-1.5070000000000001
-1.342
-1.2009999999999998
-1.0730000000000002
-1.0210000000000001
-1.1360000000000003
-1.273
-1.4260000000000002
-1.604
-1.8110000000000006
-2.059
-2.345
-2.686
-3.1020000000000003
-3.5959999999999996
-4.2059999999999995
-4.953
-5.867
-6.962
-8.242000000000003
-9.62
-10.928999999999998
-12.003000000000002
-12.73
-13.132999999999997
-13.158999999999999
-12.716
-11.68
-10.213000000000001
-8.64
-7.215999999999999
-6.022000000000002
-5.061
-4.296
-3.6810000000000005
-3.169
-2.7509999999999994
-2.4
-2.108
-1.8580000000000003
-1.646
-1.4640000000000002
-1.3050000000000002
-1.171
-1.0469999999999997
-0.9960000000000001
-1.1070000000000002
-1.2339999999999998
-1.3770000000000002
-1.545
-1.7420000000000002
-1.969
-2.234
-2.549
-2.9140000000000006
-3.352
-3.88
-4.502000000000001
-5.236
-6.0809999999999995
-7.0089999999999995
-7.9769999999999985
-8.882
-9.641
-10.173
-10.438
-10.409
-10.05
-9.346
-8.399000000000001
-7.345000000000001
-6.325
-5.416
-4.641000000000001
-3.9890000000000008
-3.4470000000000005
-2.993
-2.6140000000000003
-2.2960000000000003
-2.023
-1.7910000000000001
-1.59
-1.4139999999999997
-1.265
-1.1319999999999997
-1.0200000000000002
-0.9639999999999999
-1.07
-1.185
-1.3219999999999998
-1.4850000000000003
-1.665
-1.8769999999999998
-2.117
-2.3939999999999997
-2.7250000000000005
-3.1070000000000007
-3.553
-4.067
-4.654
-5.303999999999999
-6.0
-6.694
-7.3469999999999995
-7.874000000000001
-8.254
-8.434000000000001
-8.398
-8.127
-7.643
-6.993
-6.255999999999999
-5.524
-4.823
-4.208
-3.665
-3.2039999999999993
-2.8059999999999996
-2.465
-2.1750000000000003
-1.9270000000000003
-1.7120000000000002
-1.528
-1.3630000000000002
-1.2219999999999998
-1.1
-0.9890000000000001
-0.9309999999999999
-1.0339999999999998
-1.1449999999999998
-1.274
-1.416
-1.5839999999999999
-1.775
-1.994
-2.2439999999999993
-2.532
-2.864
-3.2359999999999998
-3.6639999999999997
-4.131
-4.64
-5.161
-5.676000000000001
-6.145
-6.531
-6.804
-6.926
-6.893
-6.693999999999999
-6.352999999999998
-5.888000000000001
-5.362
-4.819000000000001
-4.285999999999999
-3.7939999999999996
-3.3489999999999998
-2.956
-2.61
-2.314
-2.052
-1.8300000000000003
-1.63
-1.4589999999999996
-1.309
-1.1749999999999998
-1.06
-0.957
-0.9019999999999998
-0.9919999999999998
-1.0979999999999999
-1.2179999999999997
-1.349
-1.503
-1.674
-1.8709999999999996
-2.09
-2.3469999999999995
-2.6260000000000003
-2.9440000000000004
-3.293
-3.6689999999999996
-4.068999999999999
-4.466999999999999
-4.853000000000001
-5.205
-5.484999999999999
-5.6770000000000005
-5.769
-5.743
-5.5969999999999995
-5.3500000000000005
-5.012000000000001
-4.625000000000001
-4.211
-3.802
-3.4119999999999995
-3.045
-2.716
-2.4229999999999996
-2.16
-1.9320000000000002
-1.726
-1.551
-1.3929999999999996
-1.2529999999999997
-1.1289999999999998
-1.0160000000000002
-0.928
