-1.173
-1.243
-1.315
-1.391
-1.467
-1.545
-1.623
-1.7
-1.774
-1.842
-1.903
-1.955
-1.995
-2.021
-2.034
-2.033
-2.022
-2.005
-1.984
-1.962
-1.943
-1.928
-1.92
-1.918
-1.923
-1.93
-1.932
-1.926
-1.909
-1.878
-1.836
-1.783
-1.722
-1.655
-1.584
-1.511
-1.437
-1.363
-1.291
-1.221
-1.153
-1.285
-1.368
-1.455
-1.547
-1.642
-1.74
-1.84
-1.941
-2.041
-2.138
-2.228
-2.309
-2.377
-2.429
-2.465
-2.485
-2.492
-2.489
-2.481
-2.465
-2.443
-2.415
-2.388
-2.367
-2.354
-2.345
-2.333
-2.309
-2.272
-2.218
-2.151
-2.072
-1.985
-1.893
-1.799
-1.704
-1.61
-1.519
-1.43
-1.346
-1.265
-1.404
-1.502
-1.607
-1.718
-1.835
-1.958
-2.086
-2.217
-2.351
-2.484
-2.614
-2.737
-2.847
-2.941
-3.016
-3.074
-3.118
-3.152
-3.178
-3.187
-3.165
-3.111
-3.039
-2.97
-2.918
-2.878
-2.838
-2.787
-2.717
-2.629
-2.526
-2.411
-2.29
-2.166
-2.042
-1.921
-1.803
-1.69
-1.582
-1.481
-1.385
-1.532
-1.647
-1.771
-1.904
-2.046
-2.198
-2.36
-2.529
-2.706
-2.887
-3.07
-3.25
-3.422
-3.58
-3.719
-3.841
-3.956
-4.073
-4.19
-4.271
-4.265
-4.151
-3.971
-3.789
-3.652
-3.554
-3.471
-3.378
-3.262
-3.124
-2.971
-2.808
-2.642
-2.477
-2.316
-2.161
-2.015
-1.876
-1.747
-1.626
-1.513
-1.667
-1.801
-1.947
-2.105
-2.277
-2.463
-2.664
-2.879
-3.109
-3.352
-3.605
-3.865
-4.124
-4.376
-4.614
-4.842
-5.08
-5.362
-5.691
-5.974
-6.034
-5.781
-5.328
-4.882
-4.573
-4.388
-4.251
-4.101
-3.922
-3.715
-3.493
-3.266
-3.042
-2.826
-2.622
-2.428
-2.247
-2.079
-1.924
-1.781
-1.649
-1.809
-1.963
-2.133
-2.32
-2.526
-2.751
-2.998
-3.268
-3.563
-3.882
-4.226
-4.591
-4.972
-5.359
-5.744
-6.128
-6.555
-7.126
-7.923
-8.753
-9.043
-8.429
-7.275
-6.216
-5.605
-5.351
-5.191
-4.985
-4.72
-4.418
-4.104
-3.794
-3.496
-3.216
-2.957
-2.717
-2.497
-2.296
-2.112
-1.944
-1.792
-1.955
-2.132
-2.329
-2.547
-2.789
-3.059
-3.358
-3.691
-4.062
-4.473
-4.927
-5.426
-5.967
-6.537
-7.117
-7.692
-8.328
-9.277
-10.922
-13.105
-14.134
-12.584
-9.758
-7.275
-6.234
-6.205
-6.225
-6.015
-5.652
-5.229
-4.798
-4.384
-3.997
-3.643
-3.32
-3.028
-2.763
-2.525
-2.309
-2.115
-1.939
-2.106
-2.307
-2.532
-2.784
-3.066
-3.383
-3.741
-4.145
-4.601
-5.118
-5.693
-6.351
-7.084
-7.873
-8.653
-9.323
-9.949
-11.098
-13.655
-18.349
-21.6
-16.458
-12.922
-7.409
-4.588
-6.103
-7.057
-7.045
-6.623
-6.076
-5.518
-4.991
-4.509
-4.075
-3.686
-3.338
-3.027
-2.75
-2.503
-2.281
-2.083
-2.256
-2.482
-2.736
-3.022
-3.347
-3.715
-4.135
-4.614
-5.163
-5.796
-6.526
-7.366
-8.325
-9.368
-10.336
-10.837
-11.139
-14.965
-18.995
2.252
8.109
6.104
-31.927
-9.769
-2.098
-6.664
-8.477
-8.451
-7.842
-7.094
-6.36
-5.687
-5.087
-4.557
-4.09
-3.679
-3.316
-2.995
-2.712
-2.46
-2.237
-2.408
-2.659
-2.944
-3.267
-3.636
-4.058
-4.543
-5.102
-5.751
-6.507
-7.393
-8.43
-9.635
-10.969
-12.182
-12.465
-11.872
-24.92
-46.169
10.562
7.683
13.664
-59.123
-38.097
-12.005
-10.509
-10.822
-10.547
-9.426
-8.333
-7.349
-6.488
-5.743
-5.098
-4.54
-4.055
-3.633
-3.263
-2.94
-2.655
-2.403
-2.558
-2.835
-3.151
-3.511
-3.925
-4.402
-4.954
-5.597
-6.347
-7.231
-8.277
-9.522
-10.995
-12.695
-14.477
-16.012
-19.669
-42.034
-30.933
-6.643
-7.601
-15.847
-45.0
-42.917
-28.635
-18.583
-14.779
-12.639
-10.939
-9.499
-8.275
-7.237
-6.355
-5.603
-4.959
-4.405
-3.927
-3.511
-3.149
-2.833
-2.555
-2.703
-3.006
-3.352
-3.749
-4.207
-4.738
-5.355
-6.077
-6.925
-7.93
-9.127
-10.563
-12.291
-14.368
-16.874
-20.364
-28.145
-43.846
-46.78
-36.718
-32.257
-36.541
-46.073
-43.436
-31.749
-22.731
-17.734
-14.655
-12.411
-10.632
-9.176
-7.967
-6.953
-6.097
-5.369
-4.748
-4.214
-3.753
-3.354
-3.006
-2.703
-2.842
-3.168
-3.544
-3.981
-4.482
-5.064
-5.744
-6.542
-7.482
-8.6
-9.938
-11.546
-13.502
-15.917
-19.029
-23.523
-31.008
-41.516
-47.267
-45.251
-43.224
-42.943
-42.513
-38.357
-31.055
-24.394
-19.608
-16.209
-13.65
-11.628
-9.989
-8.636
-7.507
-6.556
-5.751
-5.067
-4.481
-3.978
-3.544
-3.167
-2.839
-2.974
-3.324
-3.727
-4.193
-4.733
-5.363
-6.101
-6.966
-7.99
-9.203
-10.652
-12.396
-14.51
-17.114
-20.418
-24.794
-30.611
-37.167
-41.847
-43.52
-43.51
-42.361
-39.835
-35.624
-30.288
-25.12
-20.809
-17.4
-14.692
-12.514
-10.731
-9.256
-8.024
-6.988
-6.113
-5.37
-4.736
-4.193
-3.725
-3.32
-2.969
-3.09
-3.461
-3.889
-4.385
-4.962
-5.634
-6.422
-7.347
-8.44
-9.732
-11.266
-13.1
-15.296
-17.944
-21.165
-25.059
-29.582
-34.208
-37.95
-40.135
-40.674
-39.709
-37.305
-33.706
-29.485
-25.256
-21.441
-18.19
-15.479
-13.227
-11.357
-9.794
-8.481
-7.374
-6.439
-5.645
-4.967
-4.387
-3.889
-3.459
-3.086
-3.193
-3.582
-4.032
-4.554
-5.161
-5.869
-6.7
-7.675
-8.822
-10.175
-11.768
-13.651
-15.871
-18.475
-21.502
-24.93
-28.617
-32.215
-35.217
-37.169
-37.822
-37.103
-35.151
-32.22
-28.75
-25.152
-21.742
-18.699
-16.047
-13.783
-11.866
-10.242
-8.869
-7.708
-6.722
-5.884
-5.17
-4.558
-4.033
-3.581
-3.19
-3.28
-3.685
-4.153
-4.697
-5.331
-6.07
-6.936
-7.951
-9.141
-10.535
-12.171
-14.077
-16.283
-18.819
-21.649
-24.722
-27.882
-30.858
-33.334
-34.974
-35.55
-35.014
-33.43
-31.018
-28.093
-24.949
-21.864
-18.999
-16.433
-14.19
-12.258
-10.597
-9.185
-7.98
-6.957
-6.084
-5.339
-4.701
-4.155
-3.685
-3.279
-3.348
-3.766
-4.25
-4.811
-5.465
-6.229
-7.123
-8.167
-9.388
-10.812
-12.469
-14.383
-16.57
-19.02
-21.701
-24.52
-27.333
-29.922
-32.029
-33.424
-33.937
-33.489
-32.146
-30.085
-27.53
-24.717
-21.869
-19.163
-16.687
-14.477
-12.537
-10.862
-9.421
-8.192
-7.139
-6.241
-5.473
-4.817
-4.252
-3.767
-3.349
-3.399
-3.825
-4.319
-4.893
-5.563
-6.343
-7.255
-8.32
-9.565
-11.01
-12.68
-14.593
-16.754
-19.15
-21.72
-24.366
-26.959
-29.303
-31.189
-32.418
-32.866
-32.478
-31.273
-29.428
-27.105
-24.51
-21.837
-19.249
-16.836
-14.656
-12.728
-11.043
-9.588
-8.338
-7.267
-6.351
-5.568
-4.898
-4.321
-3.826
-3.399
-3.429
-3.862
-4.362
-4.944
-5.622
-6.413
-7.337
-8.416
-9.672
-11.13
-12.806
-14.721
-16.864
-19.218
-21.723
-24.284
-26.755
-28.969
-30.722
-31.858
-32.262
-31.887
-30.771
-29.03
-26.821
-24.354
-21.787
-19.27
-16.908
-14.752
-12.832
-11.151
-9.686
-8.425
-7.344
-6.419
-5.626
-4.947
-4.364
-3.862
-3.43
-3.439
-3.873
-4.377
-4.961
-5.643
-6.438
-7.365
-8.45
-9.712
-11.176
-12.858
-14.773
-16.912
-19.256
-21.741
-24.289
-26.711
-28.883
-30.59
-31.685
-32.071
-31.686
-30.598
-28.876
-26.711
-24.29
-21.742
-19.257
-16.912
-14.775
-12.86
-11.174
-9.714
-8.452
-7.367
-6.44
-5.644
-4.962
-4.378
-3.874
-3.44
-3.429
-3.862
-4.362
-4.944
-5.622
-6.413
-7.337
-8.416
-9.672
-11.13
-12.806
-14.721
-16.864
-19.218
-21.723
-24.284
-26.755
-28.969
-30.722
-31.858
-32.262
-31.887
-30.771
-29.03
-26.821
-24.354
-21.787
-19.27
-16.908
-14.752
-12.832
-11.151
-9.686
-8.425
-7.344
-6.419
-5.626
-4.947
-4.364
-3.862
-3.43
-3.399
-3.825
-4.319
-4.893
-5.563
-6.343
-7.255
-8.32
-9.565
-11.01
-12.68
-14.593
-16.754
-19.15
-21.72
-24.366
-26.959
-29.303
-31.189
-32.418
-32.866
-32.478
-31.273
-29.428
-27.105
-24.51
-21.837
-19.249
-16.836
-14.656
-12.728
-11.043
-9.588
-8.338
-7.267
-6.351
-5.568
-4.898
-4.321
-3.826
-3.399
-3.348
-3.766
-4.25
-4.811
-5.465
-6.229
-7.123
-8.167
-9.388
-10.812
-12.469
-14.383
-16.57
-19.02
-21.701
-24.52
-27.333
-29.922
-32.029
-33.424
-33.937
-33.489
-32.146
-30.085
-27.53
-24.717
-21.869
-19.163
-16.687
-14.477
-12.537
-10.862
-9.421
-8.192
-7.139
-6.241
-5.473
-4.817
-4.252
-3.767
-3.349
-3.28
-3.685
-4.153
-4.697
-5.331
-6.07
-6.936
-7.951
-9.141
-10.535
-12.171
-14.077
-16.283
-18.819
-21.649
-24.722
-27.882
-30.858
-33.334
-34.974
-35.55
-35.014
-33.43
-31.018
-28.093
-24.949
-21.864
-18.999
-16.433
-14.19
-12.258
-10.597
-9.185
-7.98
-6.957
-6.084
-5.339
-4.701
-4.155
-3.685
-3.279
-3.193
-3.582
-4.032
-4.554
-5.161
-5.869
-6.7
-7.675
-8.822
-10.175
-11.768
-13.651
-15.871
-18.475
-21.502
-24.93
-28.617
-32.215
-35.217
-37.169
-37.822
-37.103
-35.151
-32.22
-28.75
-25.152
-21.742
-18.699
-16.047
-13.783
-11.866
-10.242
-8.869
-7.708
-6.722
-5.884
-5.17
-4.558
-4.033
-3.581
-3.19
-3.09
-3.461
-3.889
-4.385
-4.962
-5.634
-6.422
-7.347
-8.44
-9.732
-11.266
-13.1
-15.296
-17.944
-21.165
-25.059
-29.582
-34.208
-37.95
-40.135
-40.674
-39.709
-37.305
-33.706
-29.485
-25.256
-21.441
-18.19
-15.479
-13.227
-11.357
-9.794
-8.481
-7.374
-6.439
-5.645
-4.967
-4.387
-3.889
-3.459
-3.086
-2.974
-3.324
-3.727
-4.193
-4.733
-5.363
-6.101
-6.966
-7.99
-9.203
-10.652
-12.396
-14.51
-17.114
-20.418
-24.794
-30.611
-37.167
-41.847
-43.52
-43.51
-42.361
-39.835
-35.624
-30.288
-25.12
-20.809
-17.4
-14.692
-12.514
-10.731
-9.256
-8.024
-6.988
-6.113
-5.37
-4.736
-4.193
-3.725
-3.32
-2.969
-2.842
-3.168
-3.544
-3.981
-4.482
-5.064
-5.744
-6.542
-7.482
-8.6
-9.938
-11.546
-13.502
-15.917
-19.029
-23.523
-31.008
-41.516
-47.267
-45.251
-43.224
-42.943
-42.513
-38.357
-31.055
-24.394
-19.608
-16.209
-13.65
-11.628
-9.989
-8.636
-7.507
-6.556
-5.751
-5.067
-4.481
-3.978
-3.544
-3.167
-2.839
-2.703
-3.006
-3.352
-3.749
-4.207
-4.738
-5.355
-6.077
-6.925
-7.93
-9.127
-10.563
-12.291
-14.368
-16.874
-20.364
-28.145
-43.846
-46.78
-36.718
-32.257
-36.541
-46.073
-43.436
-31.749
-22.731
-17.734
-14.655
-12.411
-10.632
-9.176
-7.967
-6.953
-6.097
-5.369
-4.748
-4.214
-3.753
-3.354
-3.006
-2.703
-2.558
-2.835
-3.151
-3.511
-3.925
-4.402
-4.954
-5.597
-6.347
-7.231
-8.277
-9.522
-10.995
-12.695
-14.477
-16.012
-19.669
-42.034
-30.933
-6.643
-7.601
-15.847
-45.0
-42.917
-28.635
-18.583
-14.779
-12.639
-10.939
-9.499
-8.275
-7.237
-6.355
-5.603
-4.959
-4.405
-3.927
-3.511
-3.149
-2.833
-2.555
-2.408
-2.659
-2.944
-3.267
-3.636
-4.058
-4.543
-5.102
-5.751
-6.507
-7.393
-8.43
-9.635
-10.969
-12.182
-12.465
-11.872
-24.92
-46.169
10.562
7.683
13.664
-59.123
-38.097
-12.005
-10.509
-10.822
-10.547
-9.426
-8.333
-7.349
-6.488
-5.743
-5.098
-4.54
-4.055
-3.633
-3.263
-2.94
-2.655
-2.403
-2.256
-2.482
-2.736
-3.022
-3.347
-3.715
-4.135
-4.614
-5.163
-5.796
-6.526
-7.366
-8.325
-9.368
-10.336
-10.837
-11.139
-14.965
-18.995
2.252
8.109
6.104
-31.927
-9.769
-2.098
-6.664
-8.477
-8.451
-7.842
-7.094
-6.36
-5.687
-5.087
-4.557
-4.09
-3.679
-3.316
-2.995
-2.712
-2.46
-2.237
-2.106
-2.307
-2.532
-2.784
-3.066
-3.383
-3.741
-4.145
-4.601
-5.118
-5.693
-6.351
-7.084
-7.873
-8.653
-9.323
-9.949
-11.098
-13.655
-18.349
-21.6
-16.458
-12.922
-7.409
-4.588
-6.103
-7.057
-7.045
-6.623
-6.076
-5.518
-4.991
-4.509
-4.075
-3.686
-3.338
-3.027
-2.75
-2.503
-2.281
-2.083
-1.955
-2.132
-2.329
-2.547
-2.789
-3.059
-3.358
-3.691
-4.062
-4.473
-4.927
-5.426
-5.967
-6.537
-7.117
-7.692
-8.328
-9.277
-10.922
-13.105
-14.134
-12.584
-9.758
-7.275
-6.234
-6.205
-6.225
-6.015
-5.652
-5.229
-4.798
-4.384
-3.997
-3.643
-3.32
-3.028
-2.763
-2.525
-2.309
-2.115
-1.939
-1.809
-1.963
-2.133
-2.32
-2.526
-2.751
-2.998
-3.268
-3.563
-3.882
-4.226
-4.591
-4.972
-5.359
-5.744
-6.128
-6.555
-7.126
-7.923
-8.753
-9.043
-8.429
-7.275
-6.216
-5.605
-5.351
-5.191
-4.985
-4.72
-4.418
-4.104
-3.794
-3.496
-3.216
-2.957
-2.717
-2.497
-2.296
-2.112
-1.944
-1.792
-1.667
-1.801
-1.947
-2.105
-2.277
-2.463
-2.664
-2.879
-3.109
-3.352
-3.605
-3.865
-4.124
-4.376
-4.614
-4.842
-5.08
-5.362
-5.691
-5.974
-6.034
-5.781
-5.328
-4.882
-4.573
-4.388
-4.251
-4.101
-3.922
-3.715
-3.493
-3.266
-3.042
-2.826
-2.622
-2.428
-2.247
-2.079
-1.924
-1.781
-1.649
-1.532
-1.647
-1.771
-1.904
-2.046
-2.198
-2.36
-2.529
-2.706
-2.887
-3.07
-3.25
-3.422
-3.58
-3.719
-3.841
-3.956
-4.073
-4.19
-4.271
-4.265
-4.151
-3.971
-3.789
-3.652
-3.554
-3.471
-3.378
-3.262
-3.124
-2.971
-2.808
-2.642
-2.477
-2.316
-2.161
-2.015
-1.876
-1.747
-1.626
-1.513
-1.404
-1.502
-1.607
-1.718
-1.835
-1.958
-2.086
-2.217
-2.351
-2.484
-2.614
-2.737
-2.847
-2.941
-3.016
-3.074
-3.118
-3.152
-3.178
-3.187
-3.165
-3.111
-3.039
-2.97
-2.918
-2.878
-2.838
-2.787
-2.717
-2.629
-2.526
-2.411
-2.29
-2.166
-2.042
-1.921
-1.803
-1.69
-1.582
-1.481
-1.385
-1.285
-1.368
-1.455
-1.547
-1.642
-1.74
-1.84
-1.941
-2.041
-2.138
-2.228
-2.309
-2.377
-2.429
-2.465
-2.485
-2.492
-2.489
-2.481
-2.465
-2.443
-2.415
-2.388
-2.367
-2.354
-2.345
-2.333
-2.309
-2.272
-2.218
-2.151
-2.072
-1.985
-1.893
-1.799
-1.704
-1.61
-1.519
-1.43
-1.346
-1.265
-1.173
-1.243
-1.315
-1.391
-1.467
-1.545
-1.623
-1.7
-1.774
-1.842
-1.903
-1.955
-1.995
-2.021
-2.034
-2.033
-2.022
-2.005
-1.984
-1.962
-1.943
-1.928
-1.92
-1.918
-1.923
-1.93
-1.932
-1.926
-1.909
-1.878
-1.836
-1.783
-1.722
-1.655
-1.584
-1.511
-1.437
-1.363
-1.291
-1.221
-1.153
