-0.9089999999999998
-1.001
-1.1119999999999999
-1.228
-1.364
-1.5180000000000002
-1.694
-1.8959999999999997
-2.113
-2.374
-2.6539999999999995
-2.9740000000000006
-3.3299999999999996
-3.711
-4.109
-4.514
-4.904000000000001
-5.261
-5.539
-5.738
-5.827000000000001
-5.800000000000001
-5.6579999999999995
-5.403000000000001
-5.063000000000001
-4.676
-4.260000000000001
-3.8369999999999993
-3.4469999999999996
-3.0799999999999996
-2.746
-2.4459999999999997
-2.1849999999999996
-1.9530000000000003
-1.746
-1.5679999999999996
-1.4100000000000001
-1.2669999999999997
-1.1430000000000002
-1.032
-0.939
-0.9489999999999998
-1.0469999999999997
-1.1549999999999998
-1.2879999999999998
-1.433
-1.605
-1.7970000000000002
-2.017
-2.2649999999999997
-2.5580000000000003
-2.8949999999999996
-3.275
-3.704
-4.18
-4.686999999999999
-5.216
-5.739000000000001
-6.211
-6.600999999999999
-6.875
-7.001
-6.97
-6.767
-6.4190000000000005
-5.961
-5.423
-4.873000000000001
-4.332
-3.837
-3.39
-2.9879999999999995
-2.6439999999999992
-2.339
-2.078
-1.85
-1.6480000000000001
-1.4759999999999998
-1.324
-1.1909999999999998
-1.074
-0.9720000000000001
-0.974
-1.0830000000000002
-1.2000000000000002
-1.339
-1.502
-1.6860000000000002
-1.8929999999999998
-2.144
-2.423
-2.758
-3.1430000000000002
-3.592
-4.116
-4.712
-5.368
-6.066999999999999
-6.771000000000001
-7.425000000000002
-7.963000000000003
-8.338999999999999
-8.527
-8.491
-8.219000000000001
-7.724
-7.075
-6.336000000000001
-5.5889999999999995
-4.882999999999998
-4.257
-3.7110000000000003
-3.2429999999999994
-2.8379999999999996
-2.4959999999999996
-2.2030000000000003
-1.946
-1.73
-1.543
-1.382
-1.232
-1.1119999999999999
-1.004
-1.006
-1.1190000000000004
-1.2479999999999998
-1.396
-1.562
-1.7579999999999998
-1.993
-2.258
-2.5780000000000007
-2.951
-3.3939999999999997
-3.9270000000000005
-4.558000000000001
-5.2989999999999995
-6.15
-7.0969999999999995
-8.071
-8.987
-9.748
-10.277000000000001
-10.548
-10.527999999999999
-10.168000000000001
-9.463000000000001
-8.503
-7.436
-6.407000000000001
-5.484000000000001
-4.695
-4.037000000000001
-3.4889999999999994
-3.0309999999999997
-2.6449999999999996
-2.323
-2.046
-1.8160000000000003
-1.605
-1.4269999999999998
-1.2789999999999997
-1.1480000000000001
-1.034
-1.0350000000000001
-1.151
-1.29
-1.442
-1.6230000000000002
-1.8340000000000003
-2.076
-2.3720000000000003
-2.724
-3.1370000000000005
-3.6400000000000006
-4.259
-5.013
-5.937
-7.05
-8.342
-9.731
-11.057
-12.142
-12.873999999999997
-13.276000000000002
-13.321
-12.873000000000001
-11.831
-10.347999999999999
-8.762
-7.315000000000001
-6.102
-5.131
-4.349000000000001
-3.7219999999999995
-3.209
-2.782
-2.429000000000001
-2.136
-1.8840000000000001
-1.665
-1.4820000000000002
-1.32
-1.1820000000000002
-1.0579999999999998
-1.0620000000000003
-1.1830000000000003
-1.3219999999999998
-1.4869999999999999
-1.6800000000000004
-1.9030000000000005
-2.16
-2.4749999999999996
-2.847
-3.305000000000001
-3.8689999999999998
-4.564
-5.456
-6.590000000000001
-8.041
-9.842
-11.895
-13.907000000000002
-15.441
-16.37
-16.920000000000005
-17.205
-16.824
-15.222000000000003
-12.754000000000001
-10.281000000000002
-8.250000000000002
-6.694000000000001
-5.523
-4.629
-3.9280000000000004
-3.365
-2.911
-2.532
-2.2139999999999995
-1.9470000000000003
-1.7190000000000003
-1.5230000000000001
-1.3550000000000004
-1.212
-1.0850000000000002
-1.0880000000000003
-1.211
-1.357
-1.53
-1.7240000000000004
-1.9610000000000003
-2.2390000000000008
-2.568
-2.9660000000000006
-3.4510000000000005
-4.061000000000001
-4.83
-5.843
-7.194000000000001
-9.042
-11.55
-14.731000000000003
-18.007
-20.168
-20.974
-21.463000000000005
-22.468000000000004
-22.933000000000003
-20.143
-15.584999999999999
-11.74
-9.022999999999998
-7.147000000000001
-5.8180000000000005
-4.84
-4.094
-3.4990000000000006
-3.015
-2.62
-2.286
-2.004
-1.767
-1.565
-1.3870000000000002
-1.2399999999999998
-1.1119999999999999
-1.1080000000000003
-1.2380000000000002
-1.3860000000000003
-1.5670000000000004
-1.7710000000000006
-2.0160000000000005
-2.3000000000000007
-2.6420000000000003
-3.056
-3.5650000000000004
-4.185
-4.999
-6.091
-7.595
-9.771
-13.036000000000001
-17.864
-23.813999999999997
-27.079
-26.119
-25.602
-27.869000000000003
-31.749000000000002
-23.845
-16.93
-12.337
-9.303999999999998
-7.321
-5.964999999999998
-4.968999999999999
-4.204
-3.5969999999999995
-3.1009999999999995
-2.6850000000000005
-2.3480000000000003
-2.0560000000000005
-1.812
-1.604
-1.4229999999999998
-1.2660000000000002
-1.128
-1.1210000000000004
-1.2540000000000004
-1.4080000000000004
-1.5930000000000006
-1.8000000000000005
-2.047
-2.345
-2.6879999999999997
-3.114
-3.6330000000000005
-4.278
-5.108
-6.212999999999998
-7.756999999999999
-10.046000000000001
-13.639
-19.417
-27.673
-35.933
-8.533000000000001
3.223999999999999
0.4489999999999997
-4.123999999999998
-18.043
-16.841999999999995
-12.145
-9.112999999999998
-7.254999999999999
-5.984
-5.029999999999999
-4.278
-3.6679999999999993
-3.1620000000000004
-2.7470000000000008
-2.4
-2.1019999999999994
-1.8490000000000004
-1.6330000000000002
-1.446
-1.2880000000000003
-1.1500000000000004
-1.1370000000000005
-1.2780000000000002
-1.436
-1.619
-1.8320000000000005
-2.0900000000000003
-2.384
-2.739
-3.1649999999999996
-3.6820000000000004
-4.327
-5.132999999999999
-6.1850000000000005
-7.606000000000002
-9.652000000000001
-12.818999999999999
-17.994
-22.747000000000003
-10.939000000000002
-1.3219999999999996
-3.077999999999998
-3.115999999999999
-6.6610000000000005
-13.322000000000001
-17.058
-11.332
-8.574999999999998
-7.054999999999999
-5.928999999999999
-5.042
-4.315999999999999
-3.7149999999999985
-3.214
-2.797
-2.44
-2.1350000000000007
-1.8810000000000002
-1.657
-1.471
-1.3090000000000002
-1.1670000000000003
-1.1560000000000004
-1.2980000000000005
-1.4630000000000003
-1.6520000000000006
-1.8680000000000003
-2.1240000000000006
-2.426
-2.7860000000000005
-3.2100000000000004
-3.726
-4.3549999999999995
-5.121999999999999
-6.089999999999999
-7.324000000000001
-8.977999999999998
-11.503000000000002
-16.363999999999997
-19.403999999999996
9.544000000000002
-11.100999999999999
-9.950999999999999
-12.846
-15.352000000000002
-15.376000000000001
-13.138
-10.001000000000001
-8.056999999999999
-6.81
-5.840999999999998
-5.029
-4.332999999999999
-3.7419999999999987
-3.2489999999999988
-2.828
-2.4659999999999993
-2.1620000000000004
-1.9080000000000004
-1.6800000000000004
-1.4880000000000002
-1.3290000000000004
-1.1780000000000004
-1.1720000000000004
-1.3110000000000004
-1.477
-1.6700000000000002
-1.8900000000000001
-2.1470000000000002
-2.4520000000000004
-2.8140000000000005
-3.2310000000000008
-3.736999999999999
-4.340000000000001
-5.063999999999999
-5.936
-6.986
-8.281999999999998
-10.027000000000001
-12.672999999999998
-14.921
-14.141
-13.126000000000001
-12.860999999999999
-13.519
-13.593000000000004
-12.248000000000003
-10.555
-8.966999999999997
-7.701999999999998
-6.665000000000001
-5.779999999999999
-5.009999999999999
-4.343999999999999
-3.7649999999999992
-3.2739999999999996
-2.8530000000000006
-2.4929999999999994
-2.191
-1.9240000000000004
-1.7000000000000004
-1.5050000000000001
-1.3350000000000004
-1.1900000000000004
-1.1840000000000004
-1.3310000000000004
-1.4940000000000002
-1.6790000000000005
-1.9110000000000005
-2.1670000000000003
-2.4720000000000004
-2.828
-3.247
-3.734
-4.314999999999999
-4.998
-5.800999999999999
-6.732999999999999
-7.8260000000000005
-9.130999999999998
-10.677
-12.110999999999999
-12.765
-12.801999999999998
-12.836999999999998
-12.829
-12.379000000000001
-11.269
-9.907000000000002
-8.643
-7.543999999999998
-6.585000000000001
-5.736999999999999
-4.991000000000001
-4.338
-3.775999999999999
-3.2889999999999997
-2.8689999999999998
-2.51
-2.2010000000000005
-1.9340000000000006
-1.7150000000000005
-1.5160000000000005
-1.3470000000000004
-1.1960000000000002
-1.1900000000000004
-1.3370000000000006
-1.5030000000000003
-1.6980000000000002
-1.9250000000000003
-2.1910000000000003
-2.489
-2.846
-3.2540000000000013
-3.7409999999999997
-4.301
-4.953
-5.708
-6.567
-7.551000000000002
-8.653
-9.838000000000001
-10.911000000000001
-11.610000000000003
-11.932000000000002
-12.031999999999998
-11.900000000000002
-11.440000000000001
-10.625999999999998
-9.572000000000001
-8.479000000000001
-7.462
-6.5329999999999995
-5.71
-4.982000000000001
-4.34
-3.7839999999999994
-3.297999999999999
-2.8840000000000003
-2.525000000000001
-2.217
-1.9510000000000003
-1.7230000000000005
-1.5240000000000005
-1.3530000000000004
-1.2080000000000002
-1.2020000000000006
-1.3490000000000006
-1.5150000000000003
-1.7090000000000003
-1.9380000000000006
-2.1959999999999997
-2.498
-2.86
-3.2690000000000006
-3.745
-4.287999999999999
-4.916
-5.634999999999999
-6.438999999999998
-7.331999999999999
-8.294000000000002
-9.255
-10.111
-10.743000000000002
-11.101999999999999
-11.224
-11.094999999999997
-10.689000000000004
-10.034
-9.190999999999997
-8.263000000000002
-7.334
-6.47
-5.674999999999999
-4.965
-4.334999999999999
-3.7860000000000005
-3.311
-2.894999999999999
-2.5349999999999997
-2.2260000000000004
-1.96
-1.7290000000000005
-1.5350000000000006
-1.3640000000000005
-1.21
-1.2050000000000005
-1.3550000000000009
-1.5260000000000005
-1.7249999999999999
-1.9480000000000006
-2.2110000000000003
-2.518
-2.871000000000001
-3.2779999999999996
-3.7449999999999997
-4.2780000000000005
-4.891
-5.576
-6.334000000000001
-7.150000000000001
-7.999
-8.823000000000002
-9.547000000000004
-10.105999999999996
-10.454
-10.573000000000002
-10.46
-10.117
-9.563
-8.847000000000001
-8.032
-7.198000000000001
-6.383999999999999
-5.629999999999999
-4.9430000000000005
-4.327000000000001
-3.7849999999999993
-3.3119999999999994
-2.9020000000000006
-2.546
-2.236
-1.9700000000000002
-1.737
-1.5380000000000005
-1.3650000000000004
-1.2200000000000004
-1.2120000000000006
-1.3610000000000007
-1.5320000000000007
-1.7320000000000002
-1.9590000000000003
-2.222
-2.5260000000000002
-2.877
-3.282999999999999
-3.748
-4.2730000000000015
-4.87
-5.53
-6.246
-6.997999999999999
-7.770999999999998
-8.504
-9.152999999999999
-9.655000000000001
-9.971999999999998
-10.088999999999997
-9.986
-9.682
-9.189000000000002
-8.55
-7.822000000000001
-7.058999999999998
-6.302000000000002
-5.5809999999999995
-4.92
-4.319000000000001
-3.788999999999999
-3.3190000000000004
-2.9029999999999996
-2.553000000000001
-2.2430000000000003
-1.9730000000000003
-1.7429999999999999
-1.5470000000000004
-1.3700000000000003
-1.223
-1.2160000000000006
-1.3680000000000003
-1.5400000000000005
-1.7400000000000002
-1.9660000000000004
-2.232
-2.538
-2.888
-3.2880000000000007
-3.7479999999999998
-4.274
-4.853999999999999
-5.491
-6.178000000000001
-6.893
-7.613000000000001
-8.284
-8.874999999999996
-9.332999999999998
-9.629000000000003
-9.733000000000002
-9.644
-9.362999999999998
-8.909999999999997
-8.331000000000003
-7.660999999999999
-6.947
-6.224
-5.538999999999999
-4.8950000000000005
-4.306000000000001
-3.783
-3.315
-2.9100000000000006
-2.556
-2.2480000000000007
-1.9780000000000002
-1.7489999999999999
-1.5450000000000002
-1.3750000000000007
-1.223
-1.2260000000000002
-1.3700000000000003
-1.5419999999999998
-1.7430000000000003
-1.9709999999999994
-2.238
-2.5419999999999994
-2.8940000000000006
-3.297000000000001
-3.7539999999999996
-4.271000000000002
-4.843000000000001
-5.470000000000001
-6.135000000000002
-6.823
-7.504
-8.143
-8.695000000000002
-9.123
-9.400999999999998
-9.498
-9.413
-9.142999999999999
-8.723999999999998
-8.177000000000001
-7.542
-6.856000000000001
-6.169
-5.502000000000001
-4.867000000000001
-4.296
-3.771000000000001
-3.3160000000000007
-2.908
-2.5549999999999997
-2.247
-1.981
-1.749
-1.548
-1.3760000000000003
-1.2240000000000002
-1.2250000000000003
-1.3740000000000003
-1.548
-1.747
-1.9789999999999999
-2.241
-2.548
-2.9000000000000004
-3.302
-3.7570000000000006
-4.271999999999999
-4.842
-5.457
-6.112999999999998
-6.786999999999998
-7.442000000000002
-8.064
-8.597000000000001
-9.011000000000001
-9.269999999999996
-9.360999999999999
-9.276000000000002
-9.016
-8.611999999999998
-8.079
-7.4639999999999995
-6.802999999999999
-6.1309999999999985
-5.473999999999998
-4.857
-4.285
-3.7650000000000006
-3.308
-2.9079999999999995
-2.553000000000001
-2.2479999999999998
-1.9810000000000003
-1.749
-1.5460000000000003
-1.3770000000000002
-1.2240000000000004
-1.2230000000000003
-1.3750000000000002
-1.5510000000000004
-1.751
-1.9799999999999995
-2.242
-2.550999999999999
-2.9040000000000004
-3.3060000000000005
-3.764000000000001
-4.278000000000001
-4.8469999999999995
-5.462000000000001
-6.110999999999999
-6.780000000000001
-7.435000000000001
-8.043999999999999
-8.567
-8.971999999999998
-9.231000000000002
-9.310999999999996
-9.229999999999995
-8.970999999999998
-8.565999999999997
-8.041
-7.4270000000000005
-6.774
-6.105999999999997
-5.458000000000001
-4.838000000000002
-4.273999999999999
-3.7609999999999997
-3.307
-2.903
-2.5469999999999993
-2.2449999999999997
-1.9789999999999999
-1.7459999999999993
-1.5450000000000004
-1.373
-1.2270000000000003
-1.2250000000000003
-1.3740000000000003
-1.548
-1.747
-1.9789999999999999
-2.241
-2.548
-2.9000000000000004
-3.302
-3.7570000000000006
-4.271999999999999
-4.842
-5.457
-6.112999999999998
-6.786999999999998
-7.442000000000002
-8.064
-8.597000000000001
-9.011000000000001
-9.269999999999996
-9.360999999999999
-9.276000000000002
-9.016
-8.611999999999998
-8.079
-7.4639999999999995
-6.802999999999999
-6.1309999999999985
-5.473999999999998
-4.857
-4.285
-3.7650000000000006
-3.308
-2.9079999999999995
-2.553000000000001
-2.2479999999999998
-1.9810000000000003
-1.749
-1.5460000000000003
-1.3770000000000002
-1.2240000000000004
-1.2260000000000002
-1.3700000000000003
-1.5419999999999998
-1.7430000000000003
-1.9709999999999994
-2.238
-2.5419999999999994
-2.8940000000000006
-3.297000000000001
-3.7539999999999996
-4.271000000000002
-4.843000000000001
-5.470000000000001
-6.135000000000002
-6.823
-7.504
-8.143
-8.695000000000002
-9.123
-9.400999999999998
-9.498
-9.413
-9.142999999999999
-8.723999999999998
-8.177000000000001
-7.542
-6.856000000000001
-6.169
-5.502000000000001
-4.867000000000001
-4.296
-3.771000000000001
-3.3160000000000007
-2.908
-2.5549999999999997
-2.247
-1.981
-1.749
-1.548
-1.3760000000000003
-1.2240000000000002
-1.2160000000000006
-1.3680000000000003
-1.5400000000000005
-1.7400000000000002
-1.9660000000000004
-2.232
-2.538
-2.888
-3.2880000000000007
-3.7479999999999998
-4.274
-4.853999999999999
-5.491
-6.178000000000001
-6.893
-7.613000000000001
-8.284
-8.874999999999996
-9.332999999999998
-9.629000000000003
-9.733000000000002
-9.644
-9.362999999999998
-8.909999999999997
-8.331000000000003
-7.660999999999999
-6.947
-6.224
-5.538999999999999
-4.8950000000000005
-4.306000000000001
-3.783
-3.315
-2.9100000000000006
-2.556
-2.2480000000000007
-1.9780000000000002
-1.7489999999999999
-1.5450000000000002
-1.3750000000000007
-1.223
-1.2120000000000006
-1.3610000000000007
-1.5320000000000007
-1.7320000000000002
-1.9590000000000003
-2.222
-2.5260000000000002
-2.877
-3.282999999999999
-3.748
-4.2730000000000015
-4.87
-5.53
-6.246
-6.997999999999999
-7.770999999999998
-8.504
-9.152999999999999
-9.655000000000001
-9.971999999999998
-10.088999999999997
-9.986
-9.682
-9.189000000000002
-8.55
-7.822000000000001
-7.058999999999998
-6.302000000000002
-5.5809999999999995
-4.92
-4.319000000000001
-3.788999999999999
-3.3190000000000004
-2.9029999999999996
-2.553000000000001
-2.2430000000000003
-1.9730000000000003
-1.7429999999999999
-1.5470000000000004
-1.3700000000000003
-1.223
-1.2050000000000005
-1.3550000000000009
-1.5260000000000005
-1.7249999999999999
-1.9480000000000006
-2.2110000000000003
-2.518
-2.871000000000001
-3.2779999999999996
-3.7449999999999997
-4.2780000000000005
-4.891
-5.576
-6.334000000000001
-7.150000000000001
-7.999
-8.823000000000002
-9.547000000000004
-10.105999999999996
-10.454
-10.573000000000002
-10.46
-10.117
-9.563
-8.847000000000001
-8.032
-7.198000000000001
-6.383999999999999
-5.629999999999999
-4.9430000000000005
-4.327000000000001
-3.7849999999999993
-3.3119999999999994
-2.9020000000000006
-2.546
-2.236
-1.9700000000000002
-1.737
-1.5380000000000005
-1.3650000000000004
-1.2200000000000004
-1.2020000000000006
-1.3490000000000006
-1.5150000000000003
-1.7090000000000003
-1.9380000000000006
-2.1959999999999997
-2.498
-2.86
-3.2690000000000006
-3.745
-4.287999999999999
-4.916
-5.634999999999999
-6.438999999999998
-7.331999999999999
-8.294000000000002
-9.255
-10.111
-10.743000000000002
-11.101999999999999
-11.224
-11.094999999999997
-10.689000000000004
-10.034
-9.190999999999997
-8.263000000000002
-7.334
-6.47
-5.674999999999999
-4.965
-4.334999999999999
-3.7860000000000005
-3.311
-2.894999999999999
-2.5349999999999997
-2.2260000000000004
-1.96
-1.7290000000000005
-1.5350000000000006
-1.3640000000000005
-1.21
-1.1900000000000004
-1.3370000000000006
-1.5030000000000003
-1.6980000000000002
-1.9250000000000003
-2.1910000000000003
-2.489
-2.846
-3.2540000000000013
-3.7409999999999997
-4.301
-4.953
-5.708
-6.567
-7.551000000000002
-8.653
-9.838000000000001
-10.911000000000001
-11.610000000000003
-11.932000000000002
-12.031999999999998
-11.900000000000002
-11.440000000000001
-10.625999999999998
-9.572000000000001
-8.479000000000001
-7.462
-6.5329999999999995
-5.71
-4.982000000000001
-4.34
-3.7839999999999994
-3.297999999999999
-2.8840000000000003
-2.525000000000001
-2.217
-1.9510000000000003
-1.7230000000000005
-1.5240000000000005
-1.3530000000000004
-1.2080000000000002
-1.1840000000000004
-1.3310000000000004
-1.4940000000000002
-1.6790000000000005
-1.9110000000000005
-2.1670000000000003
-2.4720000000000004
-2.828
-3.247
-3.734
-4.314999999999999
-4.998
-5.800999999999999
-6.732999999999999
-7.8260000000000005
-9.130999999999998
-10.677
-12.110999999999999
-12.765
-12.801999999999998
-12.836999999999998
-12.829
-12.379000000000001
-11.269
-9.907000000000002
-8.643
-7.543999999999998
-6.585000000000001
-5.736999999999999
-4.991000000000001
-4.338
-3.775999999999999
-3.2889999999999997
-2.8689999999999998
-2.51
-2.2010000000000005
-1.9340000000000006
-1.7150000000000005
-1.5160000000000005
-1.3470000000000004
-1.1960000000000002
-1.1720000000000004
-1.3110000000000004
-1.477
-1.6700000000000002
-1.8900000000000001
-2.1470000000000002
-2.4520000000000004
-2.8140000000000005
-3.2310000000000008
-3.736999999999999
-4.340000000000001
-5.063999999999999
-5.936
-6.986
-8.281999999999998
-10.027000000000001
-12.672999999999998
-14.921
-14.141
-13.126000000000001
-12.860999999999999
-13.519
-13.593000000000004
-12.248000000000003
-10.555
-8.966999999999997
-7.701999999999998
-6.665000000000001
-5.779999999999999
-5.009999999999999
-4.343999999999999
-3.7649999999999992
-3.2739999999999996
-2.8530000000000006
-2.4929999999999994
-2.191
-1.9240000000000004
-1.7000000000000004
-1.5050000000000001
-1.3350000000000004
-1.1900000000000004
-1.1560000000000004
-1.2980000000000005
-1.4630000000000003
-1.6520000000000006
-1.8680000000000003
-2.1240000000000006
-2.426
-2.7860000000000005
-3.2100000000000004
-3.726
-4.3549999999999995
-5.121999999999999
-6.089999999999999
-7.324000000000001
-8.977999999999998
-11.503000000000002
-16.363999999999997
-19.403999999999996
9.544000000000002
-11.100999999999999
-9.950999999999999
-12.846
-15.352000000000002
-15.376000000000001
-13.138
-10.001000000000001
-8.056999999999999
-6.81
-5.840999999999998
-5.029
-4.332999999999999
-3.7419999999999987
-3.2489999999999988
-2.828
-2.4659999999999993
-2.1620000000000004
-1.9080000000000004
-1.6800000000000004
-1.4880000000000002
-1.3290000000000004
-1.1780000000000004
-1.1370000000000005
-1.2780000000000002
-1.436
-1.619
-1.8320000000000005
-2.0900000000000003
-2.384
-2.739
-3.1649999999999996
-3.6820000000000004
-4.327
-5.132999999999999
-6.1850000000000005
-7.606000000000002
-9.652000000000001
-12.818999999999999
-17.994
-22.747000000000003
-10.939000000000002
-1.3219999999999996
-3.077999999999998
-3.115999999999999
-6.6610000000000005
-13.322000000000001
-17.058
-11.332
-8.574999999999998
-7.054999999999999
-5.928999999999999
-5.042
-4.315999999999999
-3.7149999999999985
-3.214
-2.797
-2.44
-2.1350000000000007
-1.8810000000000002
-1.657
-1.471
-1.3090000000000002
-1.1670000000000003
-1.1210000000000004
-1.2540000000000004
-1.4080000000000004
-1.5930000000000006
-1.8000000000000005
-2.047
-2.345
-2.6879999999999997
-3.114
-3.6330000000000005
-4.278
-5.108
-6.212999999999998
-7.756999999999999
-10.046000000000001
-13.639
-19.417
-27.673
-35.933
-8.533000000000001
3.223999999999999
0.4489999999999997
-4.123999999999998
-18.043
-16.841999999999995
-12.145
-9.112999999999998
-7.254999999999999
-5.984
-5.029999999999999
-4.278
-3.6679999999999993
-3.1620000000000004
-2.7470000000000008
-2.4
-2.1019999999999994
-1.8490000000000004
-1.6330000000000002
-1.446
-1.2880000000000003
-1.1500000000000004
-1.1080000000000003
-1.2380000000000002
-1.3860000000000003
-1.5670000000000004
-1.7710000000000006
-2.0160000000000005
-2.3000000000000007
-2.6420000000000003
-3.056
-3.5650000000000004
-4.185
-4.999
-6.091
-7.595
-9.771
-13.036000000000001
-17.864
-23.813999999999997
-27.079
-26.119
-25.602
-27.869000000000003
-31.749000000000002
-23.845
-16.93
-12.337
-9.303999999999998
-7.321
-5.964999999999998
-4.968999999999999
-4.204
-3.5969999999999995
-3.1009999999999995
-2.6850000000000005
-2.3480000000000003
-2.0560000000000005
-1.812
-1.604
-1.4229999999999998
-1.2660000000000002
-1.128
-1.0880000000000003
-1.211
-1.357
-1.53
-1.7240000000000004
-1.9610000000000003
-2.2390000000000008
-2.568
-2.9660000000000006
-3.4510000000000005
-4.061000000000001
-4.83
-5.843
-7.194000000000001
-9.042
-11.55
-14.731000000000003
-18.007
-20.168
-20.974
-21.463000000000005
-22.468000000000004
-22.933000000000003
-20.143
-15.584999999999999
-11.74
-9.022999999999998
-7.147000000000001
-5.8180000000000005
-4.84
-4.094
-3.4990000000000006
-3.015
-2.62
-2.286
-2.004
-1.767
-1.565
-1.3870000000000002
-1.2399999999999998
-1.1119999999999999
-1.0620000000000003
-1.1830000000000003
-1.3219999999999998
-1.4869999999999999
-1.6800000000000004
-1.9030000000000005
-2.16
-2.4749999999999996
-2.847
-3.305000000000001
-3.8689999999999998
-4.564
-5.456
-6.590000000000001
-8.041
-9.842
-11.895
-13.907000000000002
-15.441
-16.37
-16.920000000000005
-17.205
-16.824
-15.222000000000003
-12.754000000000001
-10.281000000000002
-8.250000000000002
-6.694000000000001
-5.523
-4.629
-3.9280000000000004
-3.365
-2.911
-2.532
-2.2139999999999995
-1.9470000000000003
-1.7190000000000003
-1.5230000000000001
-1.3550000000000004
-1.212
-1.0850000000000002
-1.0350000000000001
-1.151
-1.29
-1.442
-1.6230000000000002
-1.8340000000000003
-2.076
-2.3720000000000003
-2.724
-3.1370000000000005
-3.6400000000000006
-4.259
-5.013
-5.937
-7.05
-8.342
-9.731
-11.057
-12.142
-12.873999999999997
-13.276000000000002
-13.321
-12.873000000000001
-11.831
-10.347999999999999
-8.762
-7.315000000000001
-6.102
-5.131
-4.349000000000001
-3.7219999999999995
-3.209
-2.782
-2.429000000000001
-2.136
-1.8840000000000001
-1.665
-1.4820000000000002
-1.32
-1.1820000000000002
-1.0579999999999998
-1.006
-1.1190000000000004
-1.2479999999999998
-1.396
-1.562
-1.7579999999999998
-1.993
-2.258
-2.5780000000000007
-2.951
-3.3939999999999997
-3.9270000000000005
-4.558000000000001
-5.2989999999999995
-6.15
-7.0969999999999995
-8.071
-8.987
-9.748
-10.277000000000001
-10.548
-10.527999999999999
-10.168000000000001
-9.463000000000001
-8.503
-7.436
-6.407000000000001
-5.484000000000001
-4.695
-4.037000000000001
-3.4889999999999994
-3.0309999999999997
-2.6449999999999996
-2.323
-2.046
-1.8160000000000003
-1.605
-1.4269999999999998
-1.2789999999999997
-1.1480000000000001
-1.034
-0.974
-1.0830000000000002
-1.2000000000000002
-1.339
-1.502
-1.6860000000000002
-1.8929999999999998
-2.144
-2.423
-2.758
-3.1430000000000002
-3.592
-4.116
-4.712
-5.368
-6.066999999999999
-6.771000000000001
-7.425000000000002
-7.963000000000003
-8.338999999999999
-8.527
-8.491
-8.219000000000001
-7.724
-7.075
-6.336000000000001
-5.5889999999999995
-4.882999999999998
-4.257
-3.7110000000000003
-3.2429999999999994
-2.8379999999999996
-2.4959999999999996
-2.2030000000000003
-1.946
-1.73
-1.543
-1.382
-1.232
-1.1119999999999999
-1.004
-0.9489999999999998
-1.0469999999999997
-1.1549999999999998
-1.2879999999999998
-1.433
-1.605
-1.7970000000000002
-2.017
-2.2649999999999997
-2.5580000000000003
-2.8949999999999996
-3.275
-3.704
-4.18
-4.686999999999999
-5.216
-5.739000000000001
-6.211
-6.600999999999999
-6.875
-7.001
-6.97
-6.767
-6.4190000000000005
-5.961
-5.423
-4.873000000000001
-4.332
-3.837
-3.39
-2.9879999999999995
-2.6439999999999992
-2.339
-2.078
-1.85
-1.6480000000000001
-1.4759999999999998
-1.324
-1.1909999999999998
-1.074
-0.9720000000000001
-0.9089999999999998
-1.001
-1.1119999999999999
-1.228
-1.364
-1.5180000000000002
-1.694
-1.8959999999999997
-2.113
-2.374
-2.6539999999999995
-2.9740000000000006
-3.3299999999999996
-3.711
-4.109
-4.514
-4.904000000000001
-5.261
-5.539
-5.738
-5.827000000000001
-5.800000000000001
-5.6579999999999995
-5.403000000000001
-5.063000000000001
-4.676
-4.260000000000001
-3.8369999999999993
-3.4469999999999996
-3.0799999999999996
-2.746
-2.4459999999999997
-2.1849999999999996
-1.9530000000000003
-1.746
-1.5679999999999996
-1.4100000000000001
-1.2669999999999997
-1.1430000000000002
-1.032
-0.939
