0.6550000000000091
0.7280000000000093
0.7810000000000077
0.8470000000000076
0.9390000000000075
1.0580000000000063
1.162000000000003
1.3260000000000085
1.4730000000000114
1.644000000000007
1.8250000000000093
2.039000000000008
2.2849999999999997
2.535999999999995
2.836999999999994
3.1000000000000094
3.395
3.6660000000000146
3.8639999999999852
4.013000000000006
4.067000000000028
4.057999999999995
3.9080000000000092
3.7230000000000016
3.5019999999999962
3.2050000000000027
2.9260000000000046
2.6329999999999933
2.374000000000007
2.1099999999999977
1.9209999999999992
1.7149999999999987
1.5420000000000027
1.3800000000000079
1.2220000000000026
1.1230000000000044
0.9750000000000082
0.8800000000000086
0.8170000000000089
0.740000000000011
0.676000000000007
0.6690000000000094
0.7560000000000076
0.8190000000000072
0.9170000000000064
1.0060000000000067
1.1090000000000093
1.2400000000000055
1.3980000000000132
1.557000000000011
1.7590000000000101
1.9900000000000084
2.2400000000000126
2.5139999999999967
2.8489999999999984
3.186000000000002
3.558999999999997
3.923000000000024
4.290000000000003
4.587000000000021
4.781000000000024
4.852000000000019
4.845000000000003
4.686000000000001
4.399999999999989
4.060000000000007
3.7100000000000075
3.306000000000013
2.964000000000013
2.6169999999999978
2.3429999999999978
2.0820000000000047
1.8490000000000004
1.6290000000000067
1.4840000000000007
1.3170000000000068
1.1610000000000067
1.0370000000000135
0.9460000000000056
0.8380000000000087
0.7660000000000099
0.6990000000000085
0.7040000000000063
0.7690000000000085
0.8700000000000085
0.9450000000000066
1.0470000000000066
1.1730000000000127
1.3360000000000047
1.4770000000000074
1.6780000000000053
1.8790000000000124
2.1470000000000153
2.431999999999997
2.760000000000008
3.165999999999989
3.5890000000000173
4.075000000000003
4.599999999999998
5.0810000000000155
5.509000000000013
5.813000000000045
5.929999999999986
5.876000000000035
5.64900000000004
5.2550000000000106
4.75699999999999
4.253000000000014
3.7519999999999993
3.307000000000016
2.8960000000000132
2.544000000000005
2.2439999999999976
1.9889999999999983
1.7489999999999994
1.5620000000000116
1.3700000000000148
1.2180000000000142
1.0900000000000087
0.9780000000000039
0.8570000000000089
0.8000000000000111
0.7180000000000077
0.7330000000000072
0.7950000000000066
0.8840000000000079
0.9740000000000103
1.093000000000008
1.2250000000000123
1.3920000000000046
1.577000000000005
1.7750000000000015
2.010000000000006
2.276000000000012
2.61099999999999
3.020999999999998
3.4750000000000014
4.038999999999993
4.657999999999993
5.375999999999998
6.1090000000000035
6.727999999999993
7.172999999999974
7.352999999999982
7.273999999999991
6.917000000000028
6.306000000000042
5.6049999999999915
4.891999999999996
4.2380000000000315
3.6600000000000077
3.159000000000023
2.7720000000000025
2.415999999999994
2.12600000000001
1.8600000000000056
1.6420000000000106
1.4700000000000153
1.2910000000000121
1.144000000000011
1.009000000000005
0.8820000000000081
0.8170000000000076
0.7660000000000089
0.7340000000000076
0.8160000000000082
0.9130000000000049
1.041000000000008
1.1530000000000087
1.297000000000016
1.4660000000000044
1.656000000000005
1.863999999999997
2.133999999999995
2.4339999999999993
2.7940000000000054
3.246000000000007
3.805999999999994
4.479999999999979
5.354999999999999
6.343000000000014
7.380999999999979
8.332999999999997
9.018999999999993
9.311999999999998
9.18900000000003
8.641000000000023
7.736000000000004
6.683999999999992
5.636999999999968
4.747999999999999
4.031000000000014
3.4470000000000103
2.9730000000000047
2.583000000000005
2.233000000000013
1.9570000000000116
1.7240000000000184
1.5230000000000128
1.3440000000000154
1.1930000000000118
1.059000000000012
0.9450000000000082
0.8310000000000055
0.7700000000000098
0.7630000000000059
0.8600000000000101
0.9480000000000053
1.05900000000001
1.2030000000000056
1.34800000000001
1.5350000000000015
1.7230000000000034
1.9769999999999908
2.2359999999999944
2.570000000000003
2.945000000000001
3.434999999999986
4.081000000000003
4.884000000000011
5.988000000000025
7.415000000000004
8.997000000000007
10.419999999999982
11.451999999999993
11.939000000000073
11.774999999999993
11.005999999999972
9.68899999999997
8.071999999999989
6.491999999999997
5.250000000000003
4.335000000000013
3.6599999999999957
3.1540000000000004
2.7390000000000003
2.357000000000011
2.0660000000000136
1.798000000000007
1.6030000000000015
1.4230000000000087
1.2430000000000099
1.0810000000000057
0.9780000000000064
0.8820000000000078
0.7870000000000079
0.79200000000001
0.8620000000000115
0.9730000000000109
1.1010000000000117
1.2360000000000135
1.3960000000000108
1.5950000000000104
1.787000000000005
2.046000000000003
2.346000000000014
2.6840000000000184
3.0820000000000114
3.590000000000003
4.234000000000015
5.170999999999979
6.603000000000006
8.623000000000005
11.028999999999979
13.207999999999958
14.78200000000008
15.597000000000039
15.436000000000027
14.496000000000121
12.84199999999997
10.312000000000037
7.65299999999999
5.792999999999999
4.638000000000013
3.8870000000000102
3.323000000000019
2.8680000000000074
2.4780000000000055
2.166000000000009
1.9150000000000005
1.6530000000000014
1.469000000000003
1.299000000000011
1.1340000000000066
0.9980000000000107
0.8940000000000087
0.7890000000000074
0.7960000000000113
0.9000000000000108
0.9970000000000154
1.1180000000000196
1.2740000000000156
1.4610000000000107
1.6450000000000011
1.880000000000004
2.1350000000000042
2.4230000000000187
2.8450000000000273
3.2720000000000127
3.776999999999997
4.462999999999995
5.551999999999995
7.435000000000008
10.487999999999984
14.251999999999995
17.770000000000095
19.92399999999999
21.869999999999997
22.272000000000034
20.218000000000046
18.617000000000008
15.302000000000056
9.968000000000039
6.658000000000006
5.0590000000000055
4.185000000000005
3.5290000000000106
3.0430000000000064
2.655000000000019
2.2820000000000134
1.98900000000001
1.7319999999999982
1.5260000000000016
1.360000000000007
1.186000000000007
1.0580000000000125
0.912000000000009
0.8220000000000116
0.8220000000000108
0.941000000000011
1.0510000000000113
1.1940000000000146
1.352000000000016
1.5460000000000085
1.7300000000000015
1.9930000000000088
2.2800000000000047
2.6120000000000188
2.990000000000013
3.4050000000000082
3.915999999999985
4.560000000000023
5.74099999999999
8.356000000000014
13.013000000000027
16.309999999999963
21.969000000000033
6.000000000000022
-4.870999999999977
3.2740000000000062
1.1419999999999972
27.685999999999964
23.23699999999997
12.774000000000061
7.572999999999998
5.504999999999994
4.459999999999996
3.7579999999999996
3.2070000000000065
2.760000000000003
2.382000000000022
2.0680000000000134
1.7880000000000047
1.5690000000000068
1.3910000000000058
1.236000000000004
1.0730000000000115
0.9540000000000106
0.8520000000000107
0.8630000000000103
0.9770000000000066
1.1000000000000134
1.2370000000000105
1.3860000000000148
1.58700000000001
1.8140000000000094
2.079000000000004
2.377000000000004
2.716000000000014
3.13399999999999
3.5690000000000115
4.083000000000012
4.778000000000035
6.11300000000001
9.781999999999975
18.212999999999955
22.032999999999962
-9.241999999999997
3.2659999999999996
1.1090000000000104
12.290000000000003
-25.343000000000018
11.109000000000036
26.25099999999988
14.1779999999999
8.336000000000013
5.760000000000007
4.678999999999986
3.9100000000000104
3.343000000000006
2.838000000000021
2.4310000000000085
2.1300000000000043
1.8519999999999979
1.5990000000000122
1.3930000000000167
1.238000000000005
1.099000000000008
0.9480000000000118
0.8490000000000113
0.8710000000000083
0.9580000000000093
1.0940000000000143
1.2450000000000134
1.4050000000000098
1.6230000000000095
1.848000000000005
2.128000000000012
2.4010000000000016
2.809000000000007
3.222999999999999
3.7039999999999917
4.258000000000038
4.984000000000016
6.432999999999998
10.311999999999967
19.316000000000006
19.268000000000022
-29.999999999999975
15.222999999999983
10.342000000000027
15.78300000000001
9.200999999999963
10.74100000000001
13.596000000000016
11.125999999999967
8.082999999999966
6.165999999999988
4.977999999999987
4.147000000000025
3.4959999999999862
2.9740000000000024
2.548000000000021
2.2020000000000146
1.918000000000011
1.6560000000000061
1.46400000000001
1.2670000000000152
1.1230000000000118
0.992000000000015
0.8930000000000105
0.889000000000006
1.004000000000014
1.144000000000013
1.2770000000000101
1.4430000000000127
1.6380000000000068
1.9040000000000057
2.193000000000007
2.5389999999999913
2.9390000000000027
3.4250000000000256
3.963999999999998
4.676000000000029
5.637000000000011
7.21700000000002
10.254000000000026
14.435000000000018
14.124000000000027
12.133000000000072
14.366999999999946
14.45500000000003
14.990999999999971
11.565000000000019
9.372999999999957
10.334000000000012
9.709999999999955
8.024
6.459999999999979
5.283000000000005
4.354999999999996
3.6530000000000067
3.0980000000000003
2.651000000000005
2.2899999999999925
1.9740000000000055
1.7120000000000068
1.487000000000011
1.2950000000000068
1.14700000000001
0.99400000000001
0.8990000000000056
0.8930000000000109
1.0260000000000107
1.1430000000000067
1.2930000000000117
1.4960000000000089
1.7340000000000064
1.979000000000002
2.2890000000000135
2.6480000000000232
3.1080000000000116
3.6220000000000008
4.270000000000002
5.09099999999999
6.175000000000011
7.775999999999976
9.954000000000036
12.087000000000033
12.704000000000038
13.145999999999972
14.611000000000065
15.169000000000018
15.137000000000052
13.874000000000013
12.081000000000035
10.928000000000024
9.695000000000011
8.172000000000034
6.734000000000015
5.520999999999974
4.586000000000016
3.819000000000004
3.2400000000000153
2.7589999999999937
2.3730000000000078
2.0230000000000183
1.75500000000001
1.5220000000000076
1.3450000000000133
1.163000000000009
1.0310000000000115
0.9130000000000087
0.9230000000000073
1.0430000000000097
1.1930000000000098
1.3280000000000114
1.5420000000000134
1.7780000000000085
2.0469999999999997
2.367999999999994
2.752000000000017
3.2250000000000196
3.8000000000000136
4.511000000000002
5.388000000000016
6.522000000000017
8.009000000000007
9.777000000000038
11.453000000000024
12.666999999999996
13.56900000000005
14.34600000000005
14.636999999999999
14.46000000000005
13.708999999999977
12.457000000000034
11.110999999999983
9.679999999999993
8.212000000000026
6.852000000000036
5.684000000000006
4.730999999999983
3.9530000000000167
3.3410000000000055
2.8280000000000047
2.430000000000006
2.084000000000014
1.807000000000009
1.5490000000000084
1.3430000000000115
1.1870000000000105
1.0550000000000144
0.9290000000000076
0.9320000000000072
1.0450000000000057
1.1790000000000067
1.3590000000000124
1.5610000000000173
1.8070000000000026
2.0960000000000027
2.4280000000000124
2.8549999999999907
3.346000000000018
3.9429999999999903
4.666999999999988
5.593000000000015
6.686000000000003
8.009999999999993
9.472999999999997
10.897000000000004
12.077999999999966
12.968999999999987
13.590000000000032
13.819999999999956
13.63599999999995
13.02000000000004
12.047000000000054
10.855999999999975
9.517000000000007
8.156000000000002
6.895999999999991
5.793999999999998
4.848999999999998
4.051000000000003
3.4390000000000005
2.9310000000000196
2.4980000000000167
2.1310000000000007
1.821000000000013
1.5790000000000233
1.3800000000000128
1.2080000000000082
1.0670000000000144
0.9380000000000112
0.941000000000011
1.0730000000000173
1.2140000000000106
1.4050000000000102
1.5850000000000188
1.8450000000000084
2.1400000000000063
2.4930000000000145
2.938
3.4290000000000007
4.06000000000001
4.8139999999999885
5.686000000000027
6.743000000000022
7.925999999999994
9.173000000000016
10.394000000000052
11.459999999999997
12.282000000000076
12.765000000000018
12.978999999999921
12.789999999999944
12.31599999999995
11.48499999999995
10.434000000000019
9.257999999999994
8.053000000000027
6.879999999999998
5.8199999999999985
4.911000000000035
4.154000000000009
3.496000000000011
2.9819999999999904
2.5470000000000153
2.190999999999999
1.8880000000000028
1.6170000000000138
1.4120000000000126
1.2170000000000176
1.0570000000000135
0.9620000000000078
0.9570000000000111
1.0710000000000133
1.2300000000000122
1.424000000000017
1.611000000000014
1.8850000000000173
2.1940000000000044
2.558000000000006
2.9849999999999945
3.511000000000007
4.157999999999994
4.8900000000000325
5.739000000000029
6.745000000000006
7.780999999999981
8.924000000000017
9.975000000000005
10.911999999999985
11.652000000000019
12.116000000000039
12.283999999999976
12.14799999999998
11.697999999999979
10.991999999999983
10.087
9.015000000000008
7.903999999999984
6.83999999999999
5.856000000000025
4.957000000000009
4.202000000000009
3.57500000000001
3.0370000000000044
2.5739999999999927
2.2100000000000177
1.905999999999997
1.639000000000008
1.426000000000012
1.2420000000000142
1.1110000000000109
0.9610000000000051
0.9790000000000043
1.1100000000000148
1.2590000000000046
1.4280000000000177
1.6670000000000118
1.9070000000000151
2.225999999999998
2.5909999999999966
3.0650000000000035
3.5799999999999965
4.209000000000021
4.935000000000026
5.778000000000006
6.702000000000017
7.691000000000045
8.695999999999989
9.688000000000006
10.55300000000005
11.227999999999971
11.65200000000002
11.792000000000028
11.669999999999963
11.261999999999974
10.620000000000006
9.773000000000007
8.793000000000022
7.78100000000002
6.797000000000047
5.814000000000056
4.976000000000015
4.233000000000014
3.625000000000001
3.0650000000000213
2.6150000000000015
2.242999999999999
1.919000000000009
1.6550000000000074
1.4310000000000187
1.2600000000000187
1.124000000000014
0.9680000000000055
0.9890000000000093
1.1070000000000082
1.2700000000000105
1.4650000000000165
1.6550000000000156
1.9470000000000058
2.2520000000000007
2.6429999999999945
3.087999999999993
3.6159999999999943
4.225999999999983
4.9620000000000095
5.784999999999992
6.6760000000000135
7.614999999999981
8.592000000000018
9.509000000000006
10.296000000000001
10.929999999999987
11.336999999999987
11.46900000000004
11.333000000000013
10.963999999999936
10.343999999999996
9.53499999999996
8.637
7.691000000000018
6.729000000000033
5.825000000000013
4.9969999999999954
4.262999999999999
3.6419999999999972
3.106999999999996
2.633999999999994
2.2640000000000007
1.9260000000000175
1.681000000000008
1.4480000000000135
1.265000000000021
1.116000000000012
0.9860000000000099
0.9960000000000138
1.1010000000000109
1.2590000000000128
1.4620000000000153
1.672000000000021
1.9520000000000044
2.2599999999999945
2.6629999999999967
3.096999999999984
3.6319999999999983
4.282000000000005
4.9769999999999985
5.783999999999971
6.6709999999999905
7.585999999999997
8.512000000000011
9.389000000000026
10.154999999999976
10.765000000000006
11.131999999999927
11.283000000000039
11.149999999999974
10.77300000000004
10.170000000000002
9.423000000000016
8.566000000000003
7.645000000000024
6.696000000000024
5.803999999999987
5.010000000000014
4.282000000000005
3.651999999999998
3.1169999999999822
2.6549999999999825
2.2719999999999954
1.947000000000004
1.6800000000000181
1.4520000000000157
1.2740000000000102
1.1260000000000092
0.9940000000000148
0.9810000000000121
1.1060000000000025
1.2740000000000076
1.467000000000017
1.6770000000000185
1.9430000000000058
2.2550000000000034
2.6709999999999994
3.115999999999987
3.6680000000000206
4.2660000000000124
4.984000000000016
5.805999999999978
6.660999999999967
7.582999999999987
8.522999999999989
9.399000000000006
10.130000000000015
10.709000000000007
11.079999999999897
11.194000000000011
11.082999999999952
10.719000000000019
10.129000000000044
9.37899999999996
8.517999999999999
7.606999999999985
6.658999999999984
5.8049999999999935
4.981000000000003
4.274999999999974
3.678999999999994
3.1039999999999943
2.660999999999993
2.25800000000001
1.944000000000007
1.6650000000000256
1.4670000000000143
1.2670000000000046
1.1129999999999964
0.9750000000000146
0.9960000000000138
1.1010000000000109
1.2590000000000128
1.4620000000000153
1.672000000000021
1.9520000000000044
2.2599999999999945
2.6629999999999967
3.096999999999984
3.6319999999999983
4.282000000000005
4.9769999999999985
5.783999999999971
6.6709999999999905
7.585999999999997
8.512000000000011
9.389000000000026
10.154999999999976
10.765000000000006
11.131999999999927
11.283000000000039
11.149999999999974
10.77300000000004
10.170000000000002
9.423000000000016
8.566000000000003
7.645000000000024
6.696000000000024
5.803999999999987
5.010000000000014
4.282000000000005
3.651999999999998
3.1169999999999822
2.6549999999999825
2.2719999999999954
1.947000000000004
1.6800000000000181
1.4520000000000157
1.2740000000000102
1.1260000000000092
0.9940000000000148
0.9890000000000093
1.1070000000000082
1.2700000000000105
1.4650000000000165
1.6550000000000156
1.9470000000000058
2.2520000000000007
2.6429999999999945
3.087999999999993
3.6159999999999943
4.225999999999983
4.9620000000000095
5.784999999999992
6.6760000000000135
7.614999999999981
8.592000000000018
9.509000000000006
10.296000000000001
10.929999999999987
11.336999999999987
11.46900000000004
11.333000000000013
10.963999999999936
10.343999999999996
9.53499999999996
8.637
7.691000000000018
6.729000000000033
5.825000000000013
4.9969999999999954
4.262999999999999
3.6419999999999972
3.106999999999996
2.633999999999994
2.2640000000000007
1.9260000000000175
1.681000000000008
1.4480000000000135
1.265000000000021
1.116000000000012
0.9860000000000099
0.9790000000000043
1.1100000000000148
1.2590000000000046
1.4280000000000177
1.6670000000000118
1.9070000000000151
2.225999999999998
2.5909999999999966
3.0650000000000035
3.5799999999999965
4.209000000000021
4.935000000000026
5.778000000000006
6.702000000000017
7.691000000000045
8.695999999999989
9.688000000000006
10.55300000000005
11.227999999999971
11.65200000000002
11.792000000000028
11.669999999999963
11.261999999999974
10.620000000000006
9.773000000000007
8.793000000000022
7.78100000000002
6.797000000000047
5.814000000000056
4.976000000000015
4.233000000000014
3.625000000000001
3.0650000000000213
2.6150000000000015
2.242999999999999
1.919000000000009
1.6550000000000074
1.4310000000000187
1.2600000000000187
1.124000000000014
0.9680000000000055
0.9570000000000111
1.0710000000000133
1.2300000000000122
1.424000000000017
1.611000000000014
1.8850000000000173
2.1940000000000044
2.558000000000006
2.9849999999999945
3.511000000000007
4.157999999999994
4.8900000000000325
5.739000000000029
6.745000000000006
7.780999999999981
8.924000000000017
9.975000000000005
10.911999999999985
11.652000000000019
12.116000000000039
12.283999999999976
12.14799999999998
11.697999999999979
10.991999999999983
10.087
9.015000000000008
7.903999999999984
6.83999999999999
5.856000000000025
4.957000000000009
4.202000000000009
3.57500000000001
3.0370000000000044
2.5739999999999927
2.2100000000000177
1.905999999999997
1.639000000000008
1.426000000000012
1.2420000000000142
1.1110000000000109
0.9610000000000051
0.941000000000011
1.0730000000000173
1.2140000000000106
1.4050000000000102
1.5850000000000188
1.8450000000000084
2.1400000000000063
2.4930000000000145
2.938
3.4290000000000007
4.06000000000001
4.8139999999999885
5.686000000000027
6.743000000000022
7.925999999999994
9.173000000000016
10.394000000000052
11.459999999999997
12.282000000000076
12.765000000000018
12.978999999999921
12.789999999999944
12.31599999999995
11.48499999999995
10.434000000000019
9.257999999999994
8.053000000000027
6.879999999999998
5.8199999999999985
4.911000000000035
4.154000000000009
3.496000000000011
2.9819999999999904
2.5470000000000153
2.190999999999999
1.8880000000000028
1.6170000000000138
1.4120000000000126
1.2170000000000176
1.0570000000000135
0.9620000000000078
0.9320000000000072
1.0450000000000057
1.1790000000000067
1.3590000000000124
1.5610000000000173
1.8070000000000026
2.0960000000000027
2.4280000000000124
2.8549999999999907
3.346000000000018
3.9429999999999903
4.666999999999988
5.593000000000015
6.686000000000003
8.009999999999993
9.472999999999997
10.897000000000004
12.077999999999966
12.968999999999987
13.590000000000032
13.819999999999956
13.63599999999995
13.02000000000004
12.047000000000054
10.855999999999975
9.517000000000007
8.156000000000002
6.895999999999991
5.793999999999998
4.848999999999998
4.051000000000003
3.4390000000000005
2.9310000000000196
2.4980000000000167
2.1310000000000007
1.821000000000013
1.5790000000000233
1.3800000000000128
1.2080000000000082
1.0670000000000144
0.9380000000000112
0.9230000000000073
1.0430000000000097
1.1930000000000098
1.3280000000000114
1.5420000000000134
1.7780000000000085
2.0469999999999997
2.367999999999994
2.752000000000017
3.2250000000000196
3.8000000000000136
4.511000000000002
5.388000000000016
6.522000000000017
8.009000000000007
9.777000000000038
11.453000000000024
12.666999999999996
13.56900000000005
14.34600000000005
14.636999999999999
14.46000000000005
13.708999999999977
12.457000000000034
11.110999999999983
9.679999999999993
8.212000000000026
6.852000000000036
5.684000000000006
4.730999999999983
3.9530000000000167
3.3410000000000055
2.8280000000000047
2.430000000000006
2.084000000000014
1.807000000000009
1.5490000000000084
1.3430000000000115
1.1870000000000105
1.0550000000000144
0.9290000000000076
0.8930000000000109
1.0260000000000107
1.1430000000000067
1.2930000000000117
1.4960000000000089
1.7340000000000064
1.979000000000002
2.2890000000000135
2.6480000000000232
3.1080000000000116
3.6220000000000008
4.270000000000002
5.09099999999999
6.175000000000011
7.775999999999976
9.954000000000036
12.087000000000033
12.704000000000038
13.145999999999972
14.611000000000065
15.169000000000018
15.137000000000052
13.874000000000013
12.081000000000035
10.928000000000024
9.695000000000011
8.172000000000034
6.734000000000015
5.520999999999974
4.586000000000016
3.819000000000004
3.2400000000000153
2.7589999999999937
2.3730000000000078
2.0230000000000183
1.75500000000001
1.5220000000000076
1.3450000000000133
1.163000000000009
1.0310000000000115
0.9130000000000087
0.889000000000006
1.004000000000014
1.144000000000013
1.2770000000000101
1.4430000000000127
1.6380000000000068
1.9040000000000057
2.193000000000007
2.5389999999999913
2.9390000000000027
3.4250000000000256
3.963999999999998
4.676000000000029
5.637000000000011
7.21700000000002
10.254000000000026
14.435000000000018
14.124000000000027
12.133000000000072
14.366999999999946
14.45500000000003
14.990999999999971
11.565000000000019
9.372999999999957
10.334000000000012
9.709999999999955
8.024
6.459999999999979
5.283000000000005
4.354999999999996
3.6530000000000067
3.0980000000000003
2.651000000000005
2.2899999999999925
1.9740000000000055
1.7120000000000068
1.487000000000011
1.2950000000000068
1.14700000000001
0.99400000000001
0.8990000000000056
0.8710000000000083
0.9580000000000093
1.0940000000000143
1.2450000000000134
1.4050000000000098
1.6230000000000095
1.848000000000005
2.128000000000012
2.4010000000000016
2.809000000000007
3.222999999999999
3.7039999999999917
4.258000000000038
4.984000000000016
6.432999999999998
10.311999999999967
19.316000000000006
19.268000000000022
-29.999999999999975
15.222999999999983
10.342000000000027
15.78300000000001
9.200999999999963
10.74100000000001
13.596000000000016
11.125999999999967
8.082999999999966
6.165999999999988
4.977999999999987
4.147000000000025
3.4959999999999862
2.9740000000000024
2.548000000000021
2.2020000000000146
1.918000000000011
1.6560000000000061
1.46400000000001
1.2670000000000152
1.1230000000000118
0.992000000000015
0.8930000000000105
0.8630000000000103
0.9770000000000066
1.1000000000000134
1.2370000000000105
1.3860000000000148
1.58700000000001
1.8140000000000094
2.079000000000004
2.377000000000004
2.716000000000014
3.13399999999999
3.5690000000000115
4.083000000000012
4.778000000000035
6.11300000000001
9.781999999999975
18.212999999999955
22.032999999999962
-9.241999999999997
3.2659999999999996
1.1090000000000104
12.290000000000003
-25.343000000000018
11.109000000000036
26.25099999999988
14.1779999999999
8.336000000000013
5.760000000000007
4.678999999999986
3.9100000000000104
3.343000000000006
2.838000000000021
2.4310000000000085
2.1300000000000043
1.8519999999999979
1.5990000000000122
1.3930000000000167
1.238000000000005
1.099000000000008
0.9480000000000118
0.8490000000000113
0.8220000000000108
0.941000000000011
1.0510000000000113
1.1940000000000146
1.352000000000016
1.5460000000000085
1.7300000000000015
1.9930000000000088
2.2800000000000047
2.6120000000000188
2.990000000000013
3.4050000000000082
3.915999999999985
4.560000000000023
5.74099999999999
8.356000000000014
13.013000000000027
16.309999999999963
21.969000000000033
6.000000000000022
-4.870999999999977
3.2740000000000062
1.1419999999999972
27.685999999999964
23.23699999999997
12.774000000000061
7.572999999999998
5.504999999999994
4.459999999999996
3.7579999999999996
3.2070000000000065
2.760000000000003
2.382000000000022
2.0680000000000134
1.7880000000000047
1.5690000000000068
1.3910000000000058
1.236000000000004
1.0730000000000115
0.9540000000000106
0.8520000000000107
0.7960000000000113
0.9000000000000108
0.9970000000000154
1.1180000000000196
1.2740000000000156
1.4610000000000107
1.6450000000000011
1.880000000000004
2.1350000000000042
2.4230000000000187
2.8450000000000273
3.2720000000000127
3.776999999999997
4.462999999999995
5.551999999999995
7.435000000000008
10.487999999999984
14.251999999999995
17.770000000000095
19.92399999999999
21.869999999999997
22.272000000000034
20.218000000000046
18.617000000000008
15.302000000000056
9.968000000000039
6.658000000000006
5.0590000000000055
4.185000000000005
3.5290000000000106
3.0430000000000064
2.655000000000019
2.2820000000000134
1.98900000000001
1.7319999999999982
1.5260000000000016
1.360000000000007
1.186000000000007
1.0580000000000125
0.912000000000009
0.8220000000000116
0.79200000000001
0.8620000000000115
0.9730000000000109
1.1010000000000117
1.2360000000000135
1.3960000000000108
1.5950000000000104
1.787000000000005
2.046000000000003
2.346000000000014
2.6840000000000184
3.0820000000000114
3.590000000000003
4.234000000000015
5.170999999999979
6.603000000000006
8.623000000000005
11.028999999999979
13.207999999999958
14.78200000000008
15.597000000000039
15.436000000000027
14.496000000000121
12.84199999999997
10.312000000000037
7.65299999999999
5.792999999999999
4.638000000000013
3.8870000000000102
3.323000000000019
2.8680000000000074
2.4780000000000055
2.166000000000009
1.9150000000000005
1.6530000000000014
1.469000000000003
1.299000000000011
1.1340000000000066
0.9980000000000107
0.8940000000000087
0.7890000000000074
0.7630000000000059
0.8600000000000101
0.9480000000000053
1.05900000000001
1.2030000000000056
1.34800000000001
1.5350000000000015
1.7230000000000034
1.9769999999999908
2.2359999999999944
2.570000000000003
2.945000000000001
3.434999999999986
4.081000000000003
4.884000000000011
5.988000000000025
7.415000000000004
8.997000000000007
10.419999999999982
11.451999999999993
11.939000000000073
11.774999999999993
11.005999999999972
9.68899999999997
8.071999999999989
6.491999999999997
5.250000000000003
4.335000000000013
3.6599999999999957
3.1540000000000004
2.7390000000000003
2.357000000000011
2.0660000000000136
1.798000000000007
1.6030000000000015
1.4230000000000087
1.2430000000000099
1.0810000000000057
0.9780000000000064
0.8820000000000078
0.7870000000000079
0.7340000000000076
0.8160000000000082
0.9130000000000049
1.041000000000008
1.1530000000000087
1.297000000000016
1.4660000000000044
1.656000000000005
1.863999999999997
2.133999999999995
2.4339999999999993
2.7940000000000054
3.246000000000007
3.805999999999994
4.479999999999979
5.354999999999999
6.343000000000014
7.380999999999979
8.332999999999997
9.018999999999993
9.311999999999998
9.18900000000003
8.641000000000023
7.736000000000004
6.683999999999992
5.636999999999968
4.747999999999999
4.031000000000014
3.4470000000000103
2.9730000000000047
2.583000000000005
2.233000000000013
1.9570000000000116
1.7240000000000184
1.5230000000000128
1.3440000000000154
1.1930000000000118
1.059000000000012
0.9450000000000082
0.8310000000000055
0.7700000000000098
0.7330000000000072
0.7950000000000066
0.8840000000000079
0.9740000000000103
1.093000000000008
1.2250000000000123
1.3920000000000046
1.577000000000005
1.7750000000000015
2.010000000000006
2.276000000000012
2.61099999999999
3.020999999999998
3.4750000000000014
4.038999999999993
4.657999999999993
5.375999999999998
6.1090000000000035
6.727999999999993
7.172999999999974
7.352999999999982
7.273999999999991
6.917000000000028
6.306000000000042
5.6049999999999915
4.891999999999996
4.2380000000000315
3.6600000000000077
3.159000000000023
2.7720000000000025
2.415999999999994
2.12600000000001
1.8600000000000056
1.6420000000000106
1.4700000000000153
1.2910000000000121
1.144000000000011
1.009000000000005
0.8820000000000081
0.8170000000000076
0.7660000000000089
0.7040000000000063
0.7690000000000085
0.8700000000000085
0.9450000000000066
1.0470000000000066
1.1730000000000127
1.3360000000000047
1.4770000000000074
1.6780000000000053
1.8790000000000124
2.1470000000000153
2.431999999999997
2.760000000000008
3.165999999999989
3.5890000000000173
4.075000000000003
4.599999999999998
5.0810000000000155
5.509000000000013
5.813000000000045
5.929999999999986
5.876000000000035
5.64900000000004
5.2550000000000106
4.75699999999999
4.253000000000014
3.7519999999999993
3.307000000000016
2.8960000000000132
2.544000000000005
2.2439999999999976
1.9889999999999983
1.7489999999999994
1.5620000000000116
1.3700000000000148
1.2180000000000142
1.0900000000000087
0.9780000000000039
0.8570000000000089
0.8000000000000111
0.7180000000000077
0.6690000000000094
0.7560000000000076
0.8190000000000072
0.9170000000000064
1.0060000000000067
1.1090000000000093
1.2400000000000055
1.3980000000000132
1.557000000000011
1.7590000000000101
1.9900000000000084
2.2400000000000126
2.5139999999999967
2.8489999999999984
3.186000000000002
3.558999999999997
3.923000000000024
4.290000000000003
4.587000000000021
4.781000000000024
4.852000000000019
4.845000000000003
4.686000000000001
4.399999999999989
4.060000000000007
3.7100000000000075
3.306000000000013
2.964000000000013
2.6169999999999978
2.3429999999999978
2.0820000000000047
1.8490000000000004
1.6290000000000067
1.4840000000000007
1.3170000000000068
1.1610000000000067
1.0370000000000135
0.9460000000000056
0.8380000000000087
0.7660000000000099
0.6990000000000085
0.6550000000000091
0.7280000000000093
0.7810000000000077
0.8470000000000076
0.9390000000000075
1.0580000000000063
1.162000000000003
1.3260000000000085
1.4730000000000114
1.644000000000007
1.8250000000000093
2.039000000000008
2.2849999999999997
2.535999999999995
2.836999999999994
3.1000000000000094
3.395
3.6660000000000146
3.8639999999999852
4.013000000000006
4.067000000000028
4.057999999999995
3.9080000000000092
3.7230000000000016
3.5019999999999962
3.2050000000000027
2.9260000000000046
2.6329999999999933
2.374000000000007
2.1099999999999977
1.9209999999999992
1.7149999999999987
1.5420000000000027
1.3800000000000079
1.2220000000000026
1.1230000000000044
0.9750000000000082
0.8800000000000086
0.8170000000000089
0.740000000000011
0.676000000000007
