-1.5170000000000003
-1.6150000000000009
-1.7150000000000012
-1.823000000000001
-1.9400000000000013
-2.0580000000000003
-2.1819999999999995
-2.316000000000001
-2.4499999999999993
-2.5839999999999983
-2.727
-2.8649999999999998
-3.006000000000001
-3.143
-3.2709999999999995
-3.391
-3.496999999999999
-3.5829999999999997
-3.644
-3.670000000000001
-3.6750000000000003
-3.647999999999998
-3.5950000000000006
-3.5139999999999985
-3.4219999999999984
-3.3080000000000003
-3.1880000000000006
-3.0620000000000007
-2.9339999999999993
-2.8030000000000004
-2.666
-2.534000000000001
-2.4030000000000005
-2.271
-2.149000000000001
-2.0259999999999994
-1.9080000000000001
-1.798
-1.6950000000000005
-1.5950000000000009
-1.4980000000000007
-1.652000000000001
-1.7660000000000007
-1.8840000000000008
-2.0150000000000023
-2.149000000000002
-2.2930000000000006
-2.447
-2.613000000000001
-2.7849999999999997
-2.9600000000000004
-3.15
-3.3429999999999995
-3.5440000000000014
-3.7390000000000008
-3.935000000000001
-4.130000000000001
-4.298
-4.439
-4.549999999999999
-4.618
-4.63
-4.598000000000001
-4.513
-4.391
-4.233999999999998
-4.050000000000001
-3.863
-3.666999999999999
-3.4710000000000005
-3.275000000000001
-3.0920000000000005
-2.9090000000000007
-2.737999999999999
-2.5700000000000007
-2.4140000000000006
-2.265000000000001
-2.120999999999999
-1.9869999999999992
-1.860999999999999
-1.749000000000001
-1.630000000000001
-1.7870000000000013
-1.923000000000001
-2.068000000000001
-2.2150000000000003
-2.381
-2.551
-2.7399999999999998
-2.9440000000000004
-3.1620000000000004
-3.3959999999999995
-3.6470000000000002
-3.907000000000002
-4.183000000000002
-4.478000000000001
-4.777000000000003
-5.079000000000003
-5.363000000000001
-5.607000000000003
-5.796999999999999
-5.9159999999999995
-5.965999999999999
-5.929000000000001
-5.8110000000000035
-5.6019999999999985
-5.332000000000001
-5.0299999999999985
-4.720999999999997
-4.417000000000001
-4.123
-3.8539999999999988
-3.593
-3.3469999999999986
-3.1270000000000002
-2.908999999999999
-2.7119999999999993
-2.5240000000000014
-2.3530000000000015
-2.189
-2.0430000000000006
-1.9049999999999998
-1.7750000000000001
-1.936000000000002
-2.0960000000000014
-2.253999999999999
-2.433
-2.629
-2.837000000000001
-3.065000000000001
-3.32
-3.5870000000000037
-3.886
-4.213999999999997
-4.57
-4.959000000000001
-5.385999999999998
-5.850000000000002
-6.326000000000001
-6.791
-7.192999999999999
-7.512000000000001
-7.727999999999997
-7.84
-7.827999999999998
-7.658
-7.327999999999998
-6.866999999999999
-6.344000000000001
-5.827000000000002
-5.353
-4.918000000000001
-4.5249999999999995
-4.174000000000004
-3.8530000000000033
-3.5569999999999995
-3.2900000000000023
-3.0389999999999993
-2.810000000000001
-2.607000000000002
-2.4130000000000016
-2.2340000000000013
-2.0760000000000005
-1.920999999999999
-2.103
-2.2730000000000015
-2.459
-2.6660000000000004
-2.8939999999999992
-3.143000000000001
-3.4189999999999996
-3.724000000000002
-4.060000000000003
-4.438
-4.857
-5.337
-5.880999999999998
-6.499999999999999
-7.206000000000003
-7.972
-8.733
-9.387000000000002
-9.859000000000002
-10.168000000000003
-10.389999999999999
-10.497
-10.344000000000001
-9.838000000000003
-9.042000000000002
-8.126000000000003
-7.256000000000004
-6.506999999999997
-5.867999999999997
-5.3180000000000005
-4.84
-4.417999999999998
-4.043000000000001
-3.701
-3.4000000000000017
-3.1270000000000002
-2.8749999999999996
-2.6510000000000002
-2.441000000000002
-2.2560000000000002
-2.0830000000000006
-2.2640000000000016
-2.4600000000000004
-2.674000000000001
-2.9089999999999994
-3.1770000000000005
-3.467000000000002
-3.8009999999999997
-4.163999999999999
-4.581000000000002
-5.050000000000001
-5.586000000000001
-6.211
-6.951000000000002
-7.8370000000000015
-8.909999999999997
-10.147999999999996
-11.393999999999998
-12.366999999999999
-12.861000000000002
-13.051
-13.383000000000004
-13.862999999999998
-13.977
-13.386
-12.101000000000004
-10.509999999999996
-9.068
-7.8999999999999995
-6.9780000000000015
-6.223
-5.586
-5.045000000000001
-4.572999999999998
-4.1560000000000015
-3.7849999999999997
-3.4549999999999996
-3.1610000000000014
-2.8980000000000006
-2.663
-2.4410000000000007
-2.249000000000001
-2.4260000000000006
-2.647
-2.8910000000000005
-3.1680000000000015
-3.469000000000001
-3.8139999999999996
-4.2
-4.638999999999998
-5.134999999999999
-5.707999999999998
-6.375999999999997
-7.169999999999999
-8.148999999999997
-9.379000000000001
-10.968
-12.934
-14.918
-16.054000000000002
-15.863
-14.997000000000002
-15.125000000000004
-16.452
-17.192999999999994
-17.503
-16.138999999999992
-13.533
-11.223999999999997
-9.514999999999999
-8.229000000000003
-7.227000000000002
-6.410000000000001
-5.725
-5.139
-4.641000000000002
-4.197999999999999
-3.8050000000000006
-3.4649999999999994
-3.157000000000001
-2.881000000000002
-2.6340000000000003
-2.418
-2.599000000000001
-2.8450000000000006
-3.1209999999999978
-3.4269999999999996
-3.7739999999999996
-4.164999999999999
-4.619999999999999
-5.128
-5.719000000000001
-6.400999999999999
-7.275999999999995
-8.274
-9.535000000000002
-11.184999999999999
-13.454000000000002
-16.479000000000006
-19.355999999999995
-19.014999999999997
-15.612000000000004
-12.160000000000002
-11.516
-13.579
-12.55
-21.35500000000001
-21.363999999999997
-16.938999999999997
-13.546999999999997
-11.225000000000009
-9.554000000000002
-8.281999999999993
-7.266999999999998
-6.432999999999997
-5.7330000000000005
-5.131000000000001
-4.615000000000001
-4.164999999999999
-3.7669999999999995
-3.4170000000000003
-3.107
-2.8289999999999997
-2.5829999999999997
-2.779000000000001
-3.052999999999998
-3.362
-3.7099999999999986
-4.109
-4.557999999999999
-5.072000000000001
-5.665000000000002
-6.356000000000003
-7.169000000000001
-8.136000000000003
-9.322999999999993
-10.828999999999999
-12.843000000000002
-15.695000000000004
-19.83300000000001
-24.339
-19.708000000000006
-3.863999999999997
-7.461
-9.586999999999996
-16.197000000000006
-18.935999999999993
-34.85300000000002
-26.987999999999996
-20.215000000000007
-15.908000000000008
-13.003
-10.932000000000002
-9.385
-8.164999999999996
-7.172000000000005
-6.345000000000004
-5.6519999999999975
-5.048999999999999
-4.536
-4.082
-3.685999999999999
-3.3369999999999997
-3.032
-2.754999999999999
-2.9479999999999995
-3.250000000000003
-3.590000000000001
-3.981999999999998
-4.418
-4.919999999999996
-5.499999999999999
-6.167
-6.956000000000002
-7.8800000000000034
-8.984
-10.340999999999996
-12.045
-14.302000000000008
-17.455
-22.130000000000003
-29.33199999999999
-33.715999999999994
-4.481999999999998
-17.319999999999997
-17.938999999999997
-21.056000000000008
6.812000000000003
-19.011000000000003
-29.180999999999987
-23.058000000000014
-18.094999999999995
-14.729999999999988
-12.294
-10.484000000000002
-9.067999999999998
-7.922999999999998
-6.969000000000002
-6.176
-5.493999999999998
-4.912000000000002
-4.403999999999998
-3.9629999999999983
-3.571
-3.2349999999999994
-2.9359999999999995
-3.099000000000001
-3.4280000000000026
-3.7970000000000033
-4.213999999999999
-4.697999999999997
-5.250000000000002
-5.886000000000001
-6.623999999999994
-7.487000000000001
-8.507999999999996
-9.718999999999987
-11.19
-13.013999999999992
-15.350999999999996
-18.450000000000006
-22.740000000000006
-28.42600000000001
-27.543999999999993
0.5399999999999978
-21.286000000000012
-24.24599999999999
-23.420999999999996
-20.24799999999999
-27.626000000000015
-29.392999999999983
-24.729000000000013
-19.74900000000001
-16.106000000000005
-13.471000000000009
-11.479000000000005
-9.902000000000001
-8.627000000000002
-7.568000000000006
-6.680999999999996
-5.922
-5.274000000000001
-4.708999999999999
-4.222000000000002
-3.7959999999999976
-3.427999999999999
-3.098000000000001
-3.2570000000000006
-3.6080000000000014
-4.0100000000000025
-4.465000000000001
-4.9879999999999995
-5.590999999999997
-6.282
-7.094999999999994
-8.041000000000002
-9.150999999999994
-10.471
-12.052999999999999
-13.990999999999998
-16.39600000000002
-19.483000000000004
-23.51400000000001
-28.072999999999993
-29.679999999999993
-29.883000000000006
-33.591
-34.86100000000002
-33.34799999999999
-30.41200000000002
-29.696000000000016
-28.399999999999988
-24.62100000000001
-20.478
-17.082000000000004
-14.432
-12.347000000000001
-10.669
-9.281999999999995
-8.126000000000003
-7.152999999999999
-6.329999999999998
-5.619999999999999
-5.004999999999999
-4.4769999999999985
-4.018
-3.609999999999998
-3.2590000000000003
-3.409000000000002
-3.7859999999999987
-4.211000000000002
-4.705000000000003
-5.268999999999999
-5.916
-6.666999999999998
-7.538
-8.558
-9.748999999999997
-11.158000000000003
-12.825999999999997
-14.823000000000002
-17.248999999999995
-20.214000000000013
-23.79699999999999
-27.643000000000015
-30.863999999999983
-34.37300000000002
-38.16800000000002
-39.31999999999998
-37.66900000000002
-34.219
-30.719999999999988
-27.63100000000001
-24.25
-20.81300000000001
-17.756999999999994
-15.197000000000003
-13.08900000000001
-11.334999999999997
-9.874999999999998
-8.644
-7.601000000000001
-6.708999999999999
-5.9430000000000005
-5.282999999999997
-4.716999999999999
-4.222000000000001
-3.7880000000000003
-3.407999999999999
-3.5449999999999986
-3.946999999999999
-4.402999999999999
-4.923
-5.521999999999998
-6.2139999999999995
-7.010000000000002
-7.936999999999998
-9.013000000000003
-10.270000000000001
-11.741
-13.462000000000009
-15.48299999999999
-17.867000000000004
-20.65900000000001
-23.828999999999986
-27.217999999999982
-30.663000000000004
-34.281000000000006
-37.380000000000024
-38.524000000000015
-37.358000000000004
-34.489
-30.976999999999997
-27.52300000000002
-24.212999999999997
-21.080999999999996
-18.252999999999993
-15.787999999999997
-13.688000000000006
-11.903999999999995
-10.388999999999996
-9.1
-7.995000000000008
-7.058000000000003
-6.240999999999997
-5.542000000000002
-4.935999999999999
-4.409999999999999
-3.9509999999999983
-3.5500000000000016
-3.6709999999999976
-4.0889999999999995
-4.566999999999999
-5.117000000000003
-5.751999999999998
-6.476999999999995
-7.315
-8.290999999999997
-9.409999999999998
-10.713000000000003
-12.225
-13.975999999999985
-15.989999999999997
-18.306999999999995
-20.92799999999999
-23.811999999999994
-26.866999999999983
-29.988
-32.977000000000004
-35.285999999999994
-36.197
-35.429000000000045
-33.28100000000001
-30.373999999999977
-27.24600000000001
-24.175000000000015
-21.268999999999988
-18.613999999999997
-16.240000000000006
-14.167000000000002
-12.368000000000002
-10.824999999999998
-9.487000000000002
-8.343000000000002
-7.357999999999996
-6.505000000000008
-5.769999999999999
-5.134999999999998
-4.575
-4.092999999999999
-3.6749999999999985
-3.777000000000002
-4.218000000000001
-4.714999999999999
-5.285
-5.948999999999997
-6.704999999999999
-7.582000000000004
-8.581000000000003
-9.745
-11.081000000000003
-12.616999999999994
-14.376999999999997
-16.366000000000003
-18.601999999999993
-21.063000000000017
-23.705999999999985
-26.443000000000005
-29.126
-31.519000000000005
-33.255999999999986
-33.93699999999999
-33.40100000000002
-31.789000000000005
-29.449999999999985
-26.775999999999993
-24.025000000000002
-21.35000000000001
-18.84999999999999
-16.569000000000006
-14.535
-12.742000000000006
-11.175
-9.816
-8.634000000000004
-7.614000000000001
-6.731
-5.969000000000002
-5.303
-4.724999999999997
-4.2189999999999985
-3.7870000000000004
-3.8719999999999986
-4.324
-4.838000000000002
-5.428000000000001
-6.115999999999998
-6.897000000000009
-7.793999999999998
-8.832
-10.02
-11.376000000000001
-12.924999999999999
-14.679000000000006
-16.632999999999996
-18.796999999999993
-21.121999999999993
-23.554999999999996
-26.002000000000013
-28.314000000000014
-30.278
-31.637000000000018
-32.16
-31.749000000000013
-30.480999999999995
-28.558999999999994
-26.264000000000003
-23.804
-21.343
-18.991
-16.794
-14.806
-13.03
-11.458999999999998
-10.080000000000004
-8.876000000000001
-7.830000000000001
-6.919999999999998
-6.132
-5.447
-4.844
-4.331000000000001
-3.874000000000001
-3.946999999999998
-4.408999999999998
-4.938999999999997
-5.545
-6.244
-7.048999999999999
-7.966999999999999
-9.023
-10.226
-11.605999999999993
-13.161999999999997
-14.901000000000002
-16.82399999999999
-18.91400000000001
-21.126000000000012
-23.401999999999994
-25.623999999999995
-27.662999999999997
-29.343000000000014
-30.46900000000001
-30.888999999999964
-30.543
-29.477
-27.842000000000013
-25.815999999999992
-23.577
-21.29799999999999
-19.057000000000002
-16.943
-14.997000000000005
-13.235000000000001
-11.664000000000003
-10.277000000000001
-9.058000000000002
-7.991999999999998
-7.062999999999999
-6.259000000000001
-5.554000000000001
-4.944999999999999
-4.4120000000000035
-3.950000000000002
-3.998999999999999
-4.471999999999999
-5.006999999999999
-5.630000000000001
-6.3400000000000025
-7.154999999999999
-8.091
-9.158000000000003
-10.377
-11.763000000000002
-13.31899999999999
-15.052999999999999
-16.94400000000001
-18.982000000000003
-21.119
-23.271000000000022
-25.345000000000013
-27.20600000000001
-28.706000000000003
-29.693000000000005
-30.052000000000014
-29.737
-28.78999999999999
-27.31700000000001
-25.460999999999995
-23.39299999999999
-21.228
-19.080000000000002
-17.027
-15.116
-13.371000000000002
-11.808000000000002
-10.413000000000002
-9.184999999999997
-8.110000000000001
-7.172000000000001
-6.348999999999999
-5.636999999999997
-5.01
-4.4750000000000005
-4.0020000000000024
-4.0299999999999985
-4.505000000000001
-5.054
-5.675000000000004
-6.399999999999998
-7.225000000000002
-8.168000000000003
-9.243999999999996
-10.473
-11.862999999999996
-13.419999999999995
-15.144
-17.022999999999996
-19.034000000000013
-21.11400000000001
-23.199000000000012
-25.183999999999983
-26.941
-28.347000000000016
-29.252000000000024
-29.57200000000002
-29.275000000000002
-28.384999999999994
-26.995999999999988
-25.244999999999997
-23.25799999999998
-21.164000000000005
-19.079999999999995
-17.064
-15.183000000000009
-13.447000000000005
-11.88199999999999
-10.495000000000001
-9.259000000000004
-8.177000000000001
-7.2319999999999975
-6.408000000000002
-5.684000000000001
-5.057999999999999
-4.509
-4.030000000000002
-4.039000000000001
-4.518
-5.070000000000002
-5.694
-6.419000000000003
-7.245999999999997
-8.193000000000003
-9.280999999999997
-10.507999999999994
-11.902000000000003
-13.457999999999998
-15.185000000000011
-17.059000000000005
-19.061000000000014
-21.13
-23.191999999999986
-25.145999999999997
-26.876
-28.239
-29.120000000000005
-29.41600000000001
-29.121000000000002
-28.239000000000004
-26.876
-25.149999999999995
-23.191999999999997
-21.131
-19.066
-17.061999999999994
-15.187999999999995
-13.462999999999994
-11.902999999999995
-10.513000000000002
-9.278999999999998
-8.194999999999993
-7.248999999999999
-6.419999999999999
-5.699
-5.068000000000001
-4.524000000000001
-4.043000000000001
-4.0299999999999985
-4.505000000000001
-5.054
-5.675000000000004
-6.399999999999998
-7.225000000000002
-8.168000000000003
-9.243999999999996
-10.473
-11.862999999999996
-13.419999999999995
-15.144
-17.022999999999996
-19.034000000000013
-21.11400000000001
-23.199000000000012
-25.183999999999983
-26.941
-28.347000000000016
-29.252000000000024
-29.57200000000002
-29.275000000000002
-28.384999999999994
-26.995999999999988
-25.244999999999997
-23.25799999999998
-21.164000000000005
-19.079999999999995
-17.064
-15.183000000000009
-13.447000000000005
-11.88199999999999
-10.495000000000001
-9.259000000000004
-8.177000000000001
-7.2319999999999975
-6.408000000000002
-5.684000000000001
-5.057999999999999
-4.509
-4.030000000000002
-3.998999999999999
-4.471999999999999
-5.006999999999999
-5.630000000000001
-6.3400000000000025
-7.154999999999999
-8.091
-9.158000000000003
-10.377
-11.763000000000002
-13.31899999999999
-15.052999999999999
-16.94400000000001
-18.982000000000003
-21.119
-23.271000000000022
-25.345000000000013
-27.20600000000001
-28.706000000000003
-29.693000000000005
-30.052000000000014
-29.737
-28.78999999999999
-27.31700000000001
-25.460999999999995
-23.39299999999999
-21.228
-19.080000000000002
-17.027
-15.116
-13.371000000000002
-11.808000000000002
-10.413000000000002
-9.184999999999997
-8.110000000000001
-7.172000000000001
-6.348999999999999
-5.636999999999997
-5.01
-4.4750000000000005
-4.0020000000000024
-3.946999999999998
-4.408999999999998
-4.938999999999997
-5.545
-6.244
-7.048999999999999
-7.966999999999999
-9.023
-10.226
-11.605999999999993
-13.161999999999997
-14.901000000000002
-16.82399999999999
-18.91400000000001
-21.126000000000012
-23.401999999999994
-25.623999999999995
-27.662999999999997
-29.343000000000014
-30.46900000000001
-30.888999999999964
-30.543
-29.477
-27.842000000000013
-25.815999999999992
-23.577
-21.29799999999999
-19.057000000000002
-16.943
-14.997000000000005
-13.235000000000001
-11.664000000000003
-10.277000000000001
-9.058000000000002
-7.991999999999998
-7.062999999999999
-6.259000000000001
-5.554000000000001
-4.944999999999999
-4.4120000000000035
-3.950000000000002
-3.8719999999999986
-4.324
-4.838000000000002
-5.428000000000001
-6.115999999999998
-6.897000000000009
-7.793999999999998
-8.832
-10.02
-11.376000000000001
-12.924999999999999
-14.679000000000006
-16.632999999999996
-18.796999999999993
-21.121999999999993
-23.554999999999996
-26.002000000000013
-28.314000000000014
-30.278
-31.637000000000018
-32.16
-31.749000000000013
-30.480999999999995
-28.558999999999994
-26.264000000000003
-23.804
-21.343
-18.991
-16.794
-14.806
-13.03
-11.458999999999998
-10.080000000000004
-8.876000000000001
-7.830000000000001
-6.919999999999998
-6.132
-5.447
-4.844
-4.331000000000001
-3.874000000000001
-3.777000000000002
-4.218000000000001
-4.714999999999999
-5.285
-5.948999999999997
-6.704999999999999
-7.582000000000004
-8.581000000000003
-9.745
-11.081000000000003
-12.616999999999994
-14.376999999999997
-16.366000000000003
-18.601999999999993
-21.063000000000017
-23.705999999999985
-26.443000000000005
-29.126
-31.519000000000005
-33.255999999999986
-33.93699999999999
-33.40100000000002
-31.789000000000005
-29.449999999999985
-26.775999999999993
-24.025000000000002
-21.35000000000001
-18.84999999999999
-16.569000000000006
-14.535
-12.742000000000006
-11.175
-9.816
-8.634000000000004
-7.614000000000001
-6.731
-5.969000000000002
-5.303
-4.724999999999997
-4.2189999999999985
-3.7870000000000004
-3.6709999999999976
-4.0889999999999995
-4.566999999999999
-5.117000000000003
-5.751999999999998
-6.476999999999995
-7.315
-8.290999999999997
-9.409999999999998
-10.713000000000003
-12.225
-13.975999999999985
-15.989999999999997
-18.306999999999995
-20.92799999999999
-23.811999999999994
-26.866999999999983
-29.988
-32.977000000000004
-35.285999999999994
-36.197
-35.429000000000045
-33.28100000000001
-30.373999999999977
-27.24600000000001
-24.175000000000015
-21.268999999999988
-18.613999999999997
-16.240000000000006
-14.167000000000002
-12.368000000000002
-10.824999999999998
-9.487000000000002
-8.343000000000002
-7.357999999999996
-6.505000000000008
-5.769999999999999
-5.134999999999998
-4.575
-4.092999999999999
-3.6749999999999985
-3.5449999999999986
-3.946999999999999
-4.402999999999999
-4.923
-5.521999999999998
-6.2139999999999995
-7.010000000000002
-7.936999999999998
-9.013000000000003
-10.270000000000001
-11.741
-13.462000000000009
-15.48299999999999
-17.867000000000004
-20.65900000000001
-23.828999999999986
-27.217999999999982
-30.663000000000004
-34.281000000000006
-37.380000000000024
-38.524000000000015
-37.358000000000004
-34.489
-30.976999999999997
-27.52300000000002
-24.212999999999997
-21.080999999999996
-18.252999999999993
-15.787999999999997
-13.688000000000006
-11.903999999999995
-10.388999999999996
-9.1
-7.995000000000008
-7.058000000000003
-6.240999999999997
-5.542000000000002
-4.935999999999999
-4.409999999999999
-3.9509999999999983
-3.5500000000000016
-3.409000000000002
-3.7859999999999987
-4.211000000000002
-4.705000000000003
-5.268999999999999
-5.916
-6.666999999999998
-7.538
-8.558
-9.748999999999997
-11.158000000000003
-12.825999999999997
-14.823000000000002
-17.248999999999995
-20.214000000000013
-23.79699999999999
-27.643000000000015
-30.863999999999983
-34.37300000000002
-38.16800000000002
-39.31999999999998
-37.66900000000002
-34.219
-30.719999999999988
-27.63100000000001
-24.25
-20.81300000000001
-17.756999999999994
-15.197000000000003
-13.08900000000001
-11.334999999999997
-9.874999999999998
-8.644
-7.601000000000001
-6.708999999999999
-5.9430000000000005
-5.282999999999997
-4.716999999999999
-4.222000000000001
-3.7880000000000003
-3.407999999999999
-3.2570000000000006
-3.6080000000000014
-4.0100000000000025
-4.465000000000001
-4.9879999999999995
-5.590999999999997
-6.282
-7.094999999999994
-8.041000000000002
-9.150999999999994
-10.471
-12.052999999999999
-13.990999999999998
-16.39600000000002
-19.483000000000004
-23.51400000000001
-28.072999999999993
-29.679999999999993
-29.883000000000006
-33.591
-34.86100000000002
-33.34799999999999
-30.41200000000002
-29.696000000000016
-28.399999999999988
-24.62100000000001
-20.478
-17.082000000000004
-14.432
-12.347000000000001
-10.669
-9.281999999999995
-8.126000000000003
-7.152999999999999
-6.329999999999998
-5.619999999999999
-5.004999999999999
-4.4769999999999985
-4.018
-3.609999999999998
-3.2590000000000003
-3.099000000000001
-3.4280000000000026
-3.7970000000000033
-4.213999999999999
-4.697999999999997
-5.250000000000002
-5.886000000000001
-6.623999999999994
-7.487000000000001
-8.507999999999996
-9.718999999999987
-11.19
-13.013999999999992
-15.350999999999996
-18.450000000000006
-22.740000000000006
-28.42600000000001
-27.543999999999993
0.5399999999999978
-21.286000000000012
-24.24599999999999
-23.420999999999996
-20.24799999999999
-27.626000000000015
-29.392999999999983
-24.729000000000013
-19.74900000000001
-16.106000000000005
-13.471000000000009
-11.479000000000005
-9.902000000000001
-8.627000000000002
-7.568000000000006
-6.680999999999996
-5.922
-5.274000000000001
-4.708999999999999
-4.222000000000002
-3.7959999999999976
-3.427999999999999
-3.098000000000001
-2.9479999999999995
-3.250000000000003
-3.590000000000001
-3.981999999999998
-4.418
-4.919999999999996
-5.499999999999999
-6.167
-6.956000000000002
-7.8800000000000034
-8.984
-10.340999999999996
-12.045
-14.302000000000008
-17.455
-22.130000000000003
-29.33199999999999
-33.715999999999994
-4.481999999999998
-17.319999999999997
-17.938999999999997
-21.056000000000008
6.812000000000003
-19.011000000000003
-29.180999999999987
-23.058000000000014
-18.094999999999995
-14.729999999999988
-12.294
-10.484000000000002
-9.067999999999998
-7.922999999999998
-6.969000000000002
-6.176
-5.493999999999998
-4.912000000000002
-4.403999999999998
-3.9629999999999983
-3.571
-3.2349999999999994
-2.9359999999999995
-2.779000000000001
-3.052999999999998
-3.362
-3.7099999999999986
-4.109
-4.557999999999999
-5.072000000000001
-5.665000000000002
-6.356000000000003
-7.169000000000001
-8.136000000000003
-9.322999999999993
-10.828999999999999
-12.843000000000002
-15.695000000000004
-19.83300000000001
-24.339
-19.708000000000006
-3.863999999999997
-7.461
-9.586999999999996
-16.197000000000006
-18.935999999999993
-34.85300000000002
-26.987999999999996
-20.215000000000007
-15.908000000000008
-13.003
-10.932000000000002
-9.385
-8.164999999999996
-7.172000000000005
-6.345000000000004
-5.6519999999999975
-5.048999999999999
-4.536
-4.082
-3.685999999999999
-3.3369999999999997
-3.032
-2.754999999999999
-2.599000000000001
-2.8450000000000006
-3.1209999999999978
-3.4269999999999996
-3.7739999999999996
-4.164999999999999
-4.619999999999999
-5.128
-5.719000000000001
-6.400999999999999
-7.275999999999995
-8.274
-9.535000000000002
-11.184999999999999
-13.454000000000002
-16.479000000000006
-19.355999999999995
-19.014999999999997
-15.612000000000004
-12.160000000000002
-11.516
-13.579
-12.55
-21.35500000000001
-21.363999999999997
-16.938999999999997
-13.546999999999997
-11.225000000000009
-9.554000000000002
-8.281999999999993
-7.266999999999998
-6.432999999999997
-5.7330000000000005
-5.131000000000001
-4.615000000000001
-4.164999999999999
-3.7669999999999995
-3.4170000000000003
-3.107
-2.8289999999999997
-2.5829999999999997
-2.4260000000000006
-2.647
-2.8910000000000005
-3.1680000000000015
-3.469000000000001
-3.8139999999999996
-4.2
-4.638999999999998
-5.134999999999999
-5.707999999999998
-6.375999999999997
-7.169999999999999
-8.148999999999997
-9.379000000000001
-10.968
-12.934
-14.918
-16.054000000000002
-15.863
-14.997000000000002
-15.125000000000004
-16.452
-17.192999999999994
-17.503
-16.138999999999992
-13.533
-11.223999999999997
-9.514999999999999
-8.229000000000003
-7.227000000000002
-6.410000000000001
-5.725
-5.139
-4.641000000000002
-4.197999999999999
-3.8050000000000006
-3.4649999999999994
-3.157000000000001
-2.881000000000002
-2.6340000000000003
-2.418
-2.2640000000000016
-2.4600000000000004
-2.674000000000001
-2.9089999999999994
-3.1770000000000005
-3.467000000000002
-3.8009999999999997
-4.163999999999999
-4.581000000000002
-5.050000000000001
-5.586000000000001
-6.211
-6.951000000000002
-7.8370000000000015
-8.909999999999997
-10.147999999999996
-11.393999999999998
-12.366999999999999
-12.861000000000002
-13.051
-13.383000000000004
-13.862999999999998
-13.977
-13.386
-12.101000000000004
-10.509999999999996
-9.068
-7.8999999999999995
-6.9780000000000015
-6.223
-5.586
-5.045000000000001
-4.572999999999998
-4.1560000000000015
-3.7849999999999997
-3.4549999999999996
-3.1610000000000014
-2.8980000000000006
-2.663
-2.4410000000000007
-2.249000000000001
-2.103
-2.2730000000000015
-2.459
-2.6660000000000004
-2.8939999999999992
-3.143000000000001
-3.4189999999999996
-3.724000000000002
-4.060000000000003
-4.438
-4.857
-5.337
-5.880999999999998
-6.499999999999999
-7.206000000000003
-7.972
-8.733
-9.387000000000002
-9.859000000000002
-10.168000000000003
-10.389999999999999
-10.497
-10.344000000000001
-9.838000000000003
-9.042000000000002
-8.126000000000003
-7.256000000000004
-6.506999999999997
-5.867999999999997
-5.3180000000000005
-4.84
-4.417999999999998
-4.043000000000001
-3.701
-3.4000000000000017
-3.1270000000000002
-2.8749999999999996
-2.6510000000000002
-2.441000000000002
-2.2560000000000002
-2.0830000000000006
-1.936000000000002
-2.0960000000000014
-2.253999999999999
-2.433
-2.629
-2.837000000000001
-3.065000000000001
-3.32
-3.5870000000000037
-3.886
-4.213999999999997
-4.57
-4.959000000000001
-5.385999999999998
-5.850000000000002
-6.326000000000001
-6.791
-7.192999999999999
-7.512000000000001
-7.727999999999997
-7.84
-7.827999999999998
-7.658
-7.327999999999998
-6.866999999999999
-6.344000000000001
-5.827000000000002
-5.353
-4.918000000000001
-4.5249999999999995
-4.174000000000004
-3.8530000000000033
-3.5569999999999995
-3.2900000000000023
-3.0389999999999993
-2.810000000000001
-2.607000000000002
-2.4130000000000016
-2.2340000000000013
-2.0760000000000005
-1.920999999999999
-1.7870000000000013
-1.923000000000001
-2.068000000000001
-2.2150000000000003
-2.381
-2.551
-2.7399999999999998
-2.9440000000000004
-3.1620000000000004
-3.3959999999999995
-3.6470000000000002
-3.907000000000002
-4.183000000000002
-4.478000000000001
-4.777000000000003
-5.079000000000003
-5.363000000000001
-5.607000000000003
-5.796999999999999
-5.9159999999999995
-5.965999999999999
-5.929000000000001
-5.8110000000000035
-5.6019999999999985
-5.332000000000001
-5.0299999999999985
-4.720999999999997
-4.417000000000001
-4.123
-3.8539999999999988
-3.593
-3.3469999999999986
-3.1270000000000002
-2.908999999999999
-2.7119999999999993
-2.5240000000000014
-2.3530000000000015
-2.189
-2.0430000000000006
-1.9049999999999998
-1.7750000000000001
-1.652000000000001
-1.7660000000000007
-1.8840000000000008
-2.0150000000000023
-2.149000000000002
-2.2930000000000006
-2.447
-2.613000000000001
-2.7849999999999997
-2.9600000000000004
-3.15
-3.3429999999999995
-3.5440000000000014
-3.7390000000000008
-3.935000000000001
-4.130000000000001
-4.298
-4.439
-4.549999999999999
-4.618
-4.63
-4.598000000000001
-4.513
-4.391
-4.233999999999998
-4.050000000000001
-3.863
-3.666999999999999
-3.4710000000000005
-3.275000000000001
-3.0920000000000005
-2.9090000000000007
-2.737999999999999
-2.5700000000000007
-2.4140000000000006
-2.265000000000001
-2.120999999999999
-1.9869999999999992
-1.860999999999999
-1.749000000000001
-1.630000000000001
-1.5170000000000003
-1.6150000000000009
-1.7150000000000012
-1.823000000000001
-1.9400000000000013
-2.0580000000000003
-2.1819999999999995
-2.316000000000001
-2.4499999999999993
-2.5839999999999983
-2.727
-2.8649999999999998
-3.006000000000001
-3.143
-3.2709999999999995
-3.391
-3.496999999999999
-3.5829999999999997
-3.644
-3.670000000000001
-3.6750000000000003
-3.647999999999998
-3.5950000000000006
-3.5139999999999985
-3.4219999999999984
-3.3080000000000003
-3.1880000000000006
-3.0620000000000007
-2.9339999999999993
-2.8030000000000004
-2.666
-2.534000000000001
-2.4030000000000005
-2.271
-2.149000000000001
-2.0259999999999994
-1.9080000000000001
-1.798
-1.6950000000000005
-1.5950000000000009
-1.4980000000000007
