-1.783
-1.908
-2.042
-2.187
-2.343
-2.511
-2.692
-2.886
-3.093
-3.315
-3.549
-3.795
-4.049
-4.306
-4.558
-4.796
-5.009
-5.189
-5.327
-5.409
-5.442
-5.418
-5.335
-5.195
-5.006
-4.778
-4.526
-4.263
-4.001
-3.745
-3.5
-3.269
-3.052
-2.849
-2.659
-2.482
-2.318
-2.165
-2.022
-1.89
-1.767
-1.924
-2.067
-2.222
-2.39
-2.573
-2.772
-2.989
-3.224
-3.481
-3.759
-4.06
-4.383
-4.725
-5.08
-5.437
-5.783
-6.096
-6.357
-6.567
-6.702
-6.76
-6.737
-6.622
-6.417
-6.134
-5.791
-5.419
-5.041
-4.675
-4.328
-4.006
-3.71
-3.437
-3.186
-2.955
-2.743
-2.548
-2.368
-2.203
-2.05
-1.909
-2.074
-2.236
-2.413
-2.608
-2.821
-3.055
-3.313
-3.598
-3.913
-4.262
-4.648
-5.072
-5.536
-6.032
-6.548
-7.058
-7.53
-7.933
-8.243
-8.452
-8.558
-8.55
-8.401
-8.096
-7.654
-7.121
-6.556
-6.002
-5.484
-5.013
-4.59
-4.209
-3.867
-3.559
-3.28
-3.027
-2.797
-2.587
-2.395
-2.22
-2.06
-2.23
-2.413
-2.616
-2.839
-3.086
-3.36
-3.665
-4.008
-4.392
-4.826
-5.317
-5.875
-6.505
-7.205
-7.961
-8.734
-9.462
-10.074
-10.53
-10.839
-11.032
-11.087
-10.926
-10.473
-9.757
-8.892
-8.006
-7.18
-6.446
-5.807
-5.252
-4.768
-4.343
-3.967
-3.632
-3.332
-3.063
-2.819
-2.599
-2.399
-2.217
-2.392
-2.598
-2.827
-3.081
-3.365
-3.683
-4.042
-4.448
-4.912
-5.447
-6.068
-6.794
-7.647
-8.64
-9.768
-10.972
-12.125
-13.057
-13.668
-14.043
-14.362
-14.637
-14.59
-13.932
-12.713
-11.252
-9.837
-8.601
-7.566
-6.707
-5.989
-5.382
-4.861
-4.408
-4.013
-3.66
-3.346
-3.065
-2.814
-2.587
-2.381
-2.559
-2.79
-3.047
-3.335
-3.658
-4.024
-4.44
-4.917
-5.47
-6.118
-6.89
-7.823
-8.965
-10.368
-12.064
-13.988
-15.881
-17.284
-17.879
-17.977
-18.372
-19.289
-19.796
-18.911
-16.787
-14.303
-12.074
-10.263
-8.835
-7.706
-6.797
-6.048
-5.418
-4.879
-4.412
-4.003
-3.641
-3.321
-3.035
-2.779
-2.55
-2.729
-2.985
-3.271
-3.594
-3.959
-4.374
-4.851
-5.403
-6.049
-6.819
-7.755
-8.92
-10.405
-12.334
-14.832
-17.892
-21.043
-23.05
-22.811
-21.174
-21.004
-23.478
-25.637
-24.812
-21.411
-17.606
-14.456
-12.015
-10.162
-8.746
-7.636
-6.74
-5.996
-5.367
-4.826
-4.357
-3.945
-3.583
-3.262
-2.976
-2.722
-2.9
-3.181
-3.498
-3.856
-4.263
-4.73
-5.268
-5.895
-6.635
-7.528
-8.605
-9.997
-11.826
-14.302
-17.679
-22.078
-26.744
-28.583
-24.916
-18.368
-15.241
-19.189
-24.087
-26.57
-22.999
-19.295
-16.187
-13.484
-11.345
-9.704
-8.425
-7.398
-6.549
-5.836
-5.225
-4.698
-4.238
-3.835
-3.479
-3.165
-2.885
-3.065
-3.371
-3.717
-4.11
-4.559
-5.074
-5.67
-6.368
-7.196
-8.196
-9.435
-11.022
-13.132
-16.028
-19.995
-25.125
-30.741
-31.061
-17.831
-9.985
-11.216
-12.464
-21.918
-25.195
-20.599
-19.591
-17.435
-14.766
-12.464
-10.656
-9.23
-8.079
-7.128
-6.328
-5.645
-5.057
-4.546
-4.1
-3.708
-3.362
-3.056
-3.231
-3.564
-3.94
-4.367
-4.857
-5.421
-6.073
-6.838
-7.744
-8.836
-10.183
-11.893
-14.137
-17.135
-20.973
-25.158
-29.118
-34.421
-24.661
-15.371
-19.936
-11.874
-25.189
-21.224
-19.985
-20.209
-18.307
-16.008
-13.561
-11.616
-10.06
-8.79
-7.736
-6.847
-6.089
-5.437
-4.872
-4.38
-3.95
-3.571
-3.237
-3.398
-3.756
-4.163
-4.626
-5.156
-5.766
-6.474
-7.3
-8.274
-9.441
-10.86
-12.622
-14.853
-17.678
-20.983
-23.944
-25.475
-27.668
-19.921
-17.179
-23.844
-20.492
-26.382
-32.256
-28.936
-23.594
-19.741
-16.747
-14.325
-12.357
-10.741
-9.396
-8.266
-7.306
-6.486
-5.778
-5.166
-4.634
-4.168
-3.76
-3.4
-3.552
-3.933
-4.367
-4.862
-5.428
-6.08
-6.834
-7.71
-8.739
-9.952
-11.399
-13.143
-15.252
-17.762
-20.538
-23.274
-26.311
-30.471
-31.889
-32.359
-33.277
-31.886
-32.437
-32.575
-28.63
-23.87
-20.15
-17.281
-14.941
-12.99
-11.341
-9.944
-8.753
-7.734
-6.857
-6.101
-5.444
-4.874
-4.376
-3.939
-3.556
-3.696
-4.1
-4.558
-5.082
-5.682
-6.37
-7.164
-8.082
-9.15
-10.395
-11.852
-13.554
-15.539
-17.799
-20.273
-22.963
-26.232
-30.287
-33.983
-36.359
-36.978
-35.358
-32.736
-29.912
-26.606
-23.19
-20.177
-17.61
-15.401
-13.495
-11.841
-10.414
-9.179
-8.114
-7.191
-6.393
-5.699
-5.095
-4.567
-4.106
-3.699
-3.828
-4.251
-4.733
-5.283
-5.912
-6.633
-7.461
-8.415
-9.513
-10.78
-12.236
-13.907
-15.801
-17.907
-20.206
-22.723
-25.601
-28.898
-32.309
-34.965
-35.909
-34.801
-32.235
-29.143
-25.985
-23.013
-20.327
-17.937
-15.814
-13.937
-12.281
-10.829
-9.561
-8.457
-7.496
-6.66
-5.933
-5.299
-4.745
-4.259
-3.833
-3.947
-4.388
-4.891
-5.463
-6.118
-6.867
-7.724
-8.705
-9.827
-11.107
-12.566
-14.21
-16.044
-18.06
-20.251
-22.633
-25.24
-28.029
-30.743
-32.816
-33.604
-32.895
-30.97
-28.366
-25.592
-22.922
-20.445
-18.187
-16.136
-14.288
-12.639
-11.176
-9.883
-8.751
-7.76
-6.896
-6.14
-5.48
-4.902
-4.396
-3.952
-4.05
-4.506
-5.026
-5.619
-6.294
-7.066
-7.945
-8.949
-10.09
-11.384
-12.834
-14.458
-16.251
-18.2
-20.297
-22.531
-24.866
-27.22
-29.353
-30.933
-31.549
-31.059
-29.605
-27.524
-25.18
-22.79
-20.505
-18.36
-16.376
-14.563
-12.926
-11.456
-10.151
-8.998
-7.984
-7.096
-6.318
-5.636
-5.038
-4.514
-4.055
-4.136
-4.606
-5.141
-5.75
-6.443
-7.233
-8.133
-9.153
-10.308
-11.605
-13.054
-14.662
-16.417
-18.314
-20.327
-22.418
-24.53
-26.547
-28.277
-29.485
-29.963
-29.593
-28.459
-26.754
-24.744
-22.62
-20.499
-18.461
-16.543
-14.768
-13.142
-11.675
-10.365
-9.198
-8.167
-7.259
-6.462
-5.763
-5.151
-4.613
-4.141
-4.204
-4.685
-5.231
-5.853
-6.56
-7.364
-8.277
-9.311
-10.475
-11.778
-13.226
-14.818
-16.546
-18.388
-20.322
-22.298
-24.218
-25.991
-27.459
-28.452
-28.826
-28.514
-27.576
-26.134
-24.373
-22.438
-20.453
-18.504
-16.649
-14.9
-13.298
-11.833
-10.519
-9.347
-8.305
-7.385
-6.574
-5.863
-5.239
-4.691
-4.209
-4.255
-4.743
-5.298
-5.929
-6.646
-7.461
-8.383
-9.425
-10.595
-11.901
-13.349
-14.931
-16.636
-18.437
-20.314
-22.187
-23.984
-25.601
-26.908
-27.76
-28.086
-27.807
-26.977
-25.69
-24.087
-22.281
-20.398
-18.514
-16.703
-14.985
-13.397
-11.942
-10.627
-9.449
-8.402
-7.474
-6.656
-5.936
-5.303
-4.747
-4.258
-4.286
-4.779
-5.339
-5.975
-6.698
-7.52
-8.447
-9.495
-10.67
-11.981
-13.426
-14.999
-16.688
-18.469
-20.299
-22.12
-23.85
-25.389
-26.594
-27.376
-27.659
-27.399
-26.631
-25.43
-23.895
-22.168
-20.343
-18.509
-16.727
-15.027
-13.45
-12.001
-10.687
-9.508
-8.457
-7.525
-6.704
-5.979
-5.34
-4.78
-4.287
-4.296
-4.791
-5.355
-5.991
-6.717
-7.543
-8.474
-9.522
-10.7
-12.012
-13.459
-15.034
-16.72
-18.496
-20.302
-22.108
-23.814
-25.325
-26.5
-27.279
-27.524
-27.279
-26.505
-25.319
-23.813
-22.112
-20.302
-18.494
-16.72
-15.033
-13.459
-12.011
-10.699
-9.523
-8.474
-7.542
-6.717
-5.991
-5.354
-4.792
-4.296
-4.286
-4.779
-5.339
-5.975
-6.698
-7.52
-8.447
-9.495
-10.67
-11.981
-13.426
-14.999
-16.688
-18.469
-20.299
-22.12
-23.85
-25.389
-26.594
-27.376
-27.659
-27.399
-26.631
-25.43
-23.895
-22.168
-20.343
-18.509
-16.727
-15.027
-13.45
-12.001
-10.687
-9.508
-8.457
-7.525
-6.704
-5.979
-5.34
-4.78
-4.287
-4.255
-4.743
-5.298
-5.929
-6.646
-7.461
-8.383
-9.425
-10.595
-11.901
-13.349
-14.931
-16.636
-18.437
-20.314
-22.187
-23.984
-25.601
-26.908
-27.76
-28.086
-27.807
-26.977
-25.69
-24.087
-22.281
-20.398
-18.514
-16.703
-14.985
-13.397
-11.942
-10.627
-9.449
-8.402
-7.474
-6.656
-5.936
-5.303
-4.747
-4.258
-4.204
-4.685
-5.231
-5.853
-6.56
-7.364
-8.277
-9.311
-10.475
-11.778
-13.226
-14.818
-16.546
-18.388
-20.322
-22.298
-24.218
-25.991
-27.459
-28.452
-28.826
-28.514
-27.576
-26.134
-24.373
-22.438
-20.453
-18.504
-16.649
-14.9
-13.298
-11.833
-10.519
-9.347
-8.305
-7.385
-6.574
-5.863
-5.239
-4.691
-4.209
-4.136
-4.606
-5.141
-5.75
-6.443
-7.233
-8.133
-9.153
-10.308
-11.605
-13.054
-14.662
-16.417
-18.314
-20.327
-22.418
-24.53
-26.547
-28.277
-29.485
-29.963
-29.593
-28.459
-26.754
-24.744
-22.62
-20.499
-18.461
-16.543
-14.768
-13.142
-11.675
-10.365
-9.198
-8.167
-7.259
-6.462
-5.763
-5.151
-4.613
-4.141
-4.05
-4.506
-5.026
-5.619
-6.294
-7.066
-7.945
-8.949
-10.09
-11.384
-12.834
-14.458
-16.251
-18.2
-20.297
-22.531
-24.866
-27.22
-29.353
-30.933
-31.549
-31.059
-29.605
-27.524
-25.18
-22.79
-20.505
-18.36
-16.376
-14.563
-12.926
-11.456
-10.151
-8.998
-7.984
-7.096
-6.318
-5.636
-5.038
-4.514
-4.055
-3.947
-4.388
-4.891
-5.463
-6.118
-6.867
-7.724
-8.705
-9.827
-11.107
-12.566
-14.21
-16.044
-18.06
-20.251
-22.633
-25.24
-28.029
-30.743
-32.816
-33.604
-32.895
-30.97
-28.366
-25.592
-22.922
-20.445
-18.187
-16.136
-14.288
-12.639
-11.176
-9.883
-8.751
-7.76
-6.896
-6.14
-5.48
-4.902
-4.396
-3.952
-3.828
-4.251
-4.733
-5.283
-5.912
-6.633
-7.461
-8.415
-9.513
-10.78
-12.236
-13.907
-15.801
-17.907
-20.206
-22.723
-25.601
-28.898
-32.309
-34.965
-35.909
-34.801
-32.235
-29.143
-25.985
-23.013
-20.327
-17.937
-15.814
-13.937
-12.281
-10.829
-9.561
-8.457
-7.496
-6.66
-5.933
-5.299
-4.745
-4.259
-3.833
-3.696
-4.1
-4.558
-5.082
-5.682
-6.37
-7.164
-8.082
-9.15
-10.395
-11.852
-13.554
-15.539
-17.799
-20.273
-22.963
-26.232
-30.287
-33.983
-36.359
-36.978
-35.358
-32.736
-29.912
-26.606
-23.19
-20.177
-17.61
-15.401
-13.495
-11.841
-10.414
-9.179
-8.114
-7.191
-6.393
-5.699
-5.095
-4.567
-4.106
-3.699
-3.552
-3.933
-4.367
-4.862
-5.428
-6.08
-6.834
-7.71
-8.739
-9.952
-11.399
-13.143
-15.252
-17.762
-20.538
-23.274
-26.311
-30.471
-31.889
-32.359
-33.277
-31.886
-32.437
-32.575
-28.63
-23.87
-20.15
-17.281
-14.941
-12.99
-11.341
-9.944
-8.753
-7.734
-6.857
-6.101
-5.444
-4.874
-4.376
-3.939
-3.556
-3.398
-3.756
-4.163
-4.626
-5.156
-5.766
-6.474
-7.3
-8.274
-9.441
-10.86
-12.622
-14.853
-17.678
-20.983
-23.944
-25.475
-27.668
-19.921
-17.179
-23.844
-20.492
-26.382
-32.256
-28.936
-23.594
-19.741
-16.747
-14.325
-12.357
-10.741
-9.396
-8.266
-7.306
-6.486
-5.778
-5.166
-4.634
-4.168
-3.76
-3.4
-3.231
-3.564
-3.94
-4.367
-4.857
-5.421
-6.073
-6.838
-7.744
-8.836
-10.183
-11.893
-14.137
-17.135
-20.973
-25.158
-29.118
-34.421
-24.661
-15.371
-19.936
-11.874
-25.189
-21.224
-19.985
-20.209
-18.307
-16.008
-13.561
-11.616
-10.06
-8.79
-7.736
-6.847
-6.089
-5.437
-4.872
-4.38
-3.95
-3.571
-3.237
-3.065
-3.371
-3.717
-4.11
-4.559
-5.074
-5.67
-6.368
-7.196
-8.196
-9.435
-11.022
-13.132
-16.028
-19.995
-25.125
-30.741
-31.061
-17.831
-9.985
-11.216
-12.464
-21.918
-25.195
-20.599
-19.591
-17.435
-14.766
-12.464
-10.656
-9.23
-8.079
-7.128
-6.328
-5.645
-5.057
-4.546
-4.1
-3.708
-3.362
-3.056
-2.9
-3.181
-3.498
-3.856
-4.263
-4.73
-5.268
-5.895
-6.635
-7.528
-8.605
-9.997
-11.826
-14.302
-17.679
-22.078
-26.744
-28.583
-24.916
-18.368
-15.241
-19.189
-24.087
-26.57
-22.999
-19.295
-16.187
-13.484
-11.345
-9.704
-8.425
-7.398
-6.549
-5.836
-5.225
-4.698
-4.238
-3.835
-3.479
-3.165
-2.885
-2.729
-2.985
-3.271
-3.594
-3.959
-4.374
-4.851
-5.403
-6.049
-6.819
-7.755
-8.92
-10.405
-12.334
-14.832
-17.892
-21.043
-23.05
-22.811
-21.174
-21.004
-23.478
-25.637
-24.812
-21.411
-17.606
-14.456
-12.015
-10.162
-8.746
-7.636
-6.74
-5.996
-5.367
-4.826
-4.357
-3.945
-3.583
-3.262
-2.976
-2.722
-2.559
-2.79
-3.047
-3.335
-3.658
-4.024
-4.44
-4.917
-5.47
-6.118
-6.89
-7.823
-8.965
-10.368
-12.064
-13.988
-15.881
-17.284
-17.879
-17.977
-18.372
-19.289
-19.796
-18.911
-16.787
-14.303
-12.074
-10.263
-8.835
-7.706
-6.797
-6.048
-5.418
-4.879
-4.412
-4.003
-3.641
-3.321
-3.035
-2.779
-2.55
-2.392
-2.598
-2.827
-3.081
-3.365
-3.683
-4.042
-4.448
-4.912
-5.447
-6.068
-6.794
-7.647
-8.64
-9.768
-10.972
-12.125
-13.057
-13.668
-14.043
-14.362
-14.637
-14.59
-13.932
-12.713
-11.252
-9.837
-8.601
-7.566
-6.707
-5.989
-5.382
-4.861
-4.408
-4.013
-3.66
-3.346
-3.065
-2.814
-2.587
-2.381
-2.23
-2.413
-2.616
-2.839
-3.086
-3.36
-3.665
-4.008
-4.392
-4.826
-5.317
-5.875
-6.505
-7.205
-7.961
-8.734
-9.462
-10.074
-10.53
-10.839
-11.032
-11.087
-10.926
-10.473
-9.757
-8.892
-8.006
-7.18
-6.446
-5.807
-5.252
-4.768
-4.343
-3.967
-3.632
-3.332
-3.063
-2.819
-2.599
-2.399
-2.217
-2.074
-2.236
-2.413
-2.608
-2.821
-3.055
-3.313
-3.598
-3.913
-4.262
-4.648
-5.072
-5.536
-6.032
-6.548
-7.058
-7.53
-7.933
-8.243
-8.452
-8.558
-8.55
-8.401
-8.096
-7.654
-7.121
-6.556
-6.002
-5.484
-5.013
-4.59
-4.209
-3.867
-3.559
-3.28
-3.027
-2.797
-2.587
-2.395
-2.22
-2.06
-1.924
-2.067
-2.222
-2.39
-2.573
-2.772
-2.989
-3.224
-3.481
-3.759
-4.06
-4.383
-4.725
-5.08
-5.437
-5.783
-6.096
-6.357
-6.567
-6.702
-6.76
-6.737
-6.622
-6.417
-6.134
-5.791
-5.419
-5.041
-4.675
-4.328
-4.006
-3.71
-3.437
-3.186
-2.955
-2.743
-2.548
-2.368
-2.203
-2.05
-1.909
-1.783
-1.908
-2.042
-2.187
-2.343
-2.511
-2.692
-2.886
-3.093
-3.315
-3.549
-3.795
-4.049
-4.306
-4.558
-4.796
-5.009
-5.189
-5.327
-5.409
-5.442
-5.418
-5.335
-5.195
-5.006
-4.778
-4.526
-4.263
-4.001
-3.745
-3.5
-3.269
-3.052
-2.849
-2.659
-2.482
-2.318
-2.165
-2.022
-1.89
-1.767
