0.023003309964418014
0.02500333371395573
0.03200321313637933
0.03500345740416713
0.031004255070825985
0.03900445943210831
0.04200500004429968
0.05200564285586702
0.06800592707685162
0.09100553804453142
0.11300646392461801
0.15000658296733935
0.19700658475152935
0.25300731252378983
0.321007125914627
0.3970071651126918
0.47400686287067917
0.5460067724958163
0.6030069332928889
0.6360062456293489
0.6410066125672029
0.6130074616542945
0.5610075300990017
0.483008259629624
0.4010084703904385
0.31100833711167897
0.2300079904612176
0.16500724405286185
0.11800701806676524
0.08300685158990352
0.061005938054634376
0.04400571021543838
0.03400547478098421
0.030004428082249287
0.024004291227301307
0.021004055216505623
0.019003730612312253
0.02200333331603561
0.021002852779404887
0.019003185325153035
0.01800266997097443
0.026003025800761425
0.029003033804801612
0.026003881076949155
0.02500467258235938
0.03200477034683483
0.032005367346094556
0.03700563535191525
0.04700626632592571
0.06200629020457727
0.08100729988401795
0.1040080757923318
0.1490080527138767
0.20100894344293074
0.2700091799334489
0.3530093229977315
0.454010242378509
0.5650096355308033
0.6650077076888835
0.7480091493886122
0.8000087304596275
0.8130094298634322
0.7810102738371664
0.7010116008982865
0.5940121899769434
0.46401250419619416
0.3400118344735744
0.2310113281767644
0.1490105680224846
0.09400944437055189
0.056008545480083945
0.03200947062943657
0.02200823172680203
0.016006652217588083
0.017005584280896914
0.014005135796570454
0.021003812504082117
0.01500437481504488
0.017003698830490497
0.018003468698178385
0.01600363549189831
0.0190026389592425
0.025003361018578616
0.025003812039311093
0.02400448362199849
0.02500491783651001
0.023005735442712567
0.031005963199503207
0.026006879404715886
0.036007475797157976
0.047008376537346915
0.06400886740301572
0.08601201951934404
0.13001381112537652
0.1850119874030175
0.27401276823417386
0.3890137692635173
0.5330134749302423
0.6870134070161182
0.8360129853493544
0.9530125392977162
1.029012294203946
1.0570124176875009
1.0150146506585027
0.9070168154035129
0.7430181479466889
0.5400185540800904
0.35201767509251003
0.20201603402251583
0.10301443106502343
0.04601228589621378
0.013011309769001285
0.0020096338219047997
-0.009990443635218577
-0.002992119452168237
-0.003992535027892002
0.007005752046671667
0.009005421083480602
0.014004700846747337
0.01000476763874429
0.017003926085631026
0.017003423374755893
0.017003439549374673
0.02700348753327193
0.023004547193923072
0.024005020584744432
0.022005719690141215
0.02100602136572271
0.018007351821944004
0.019007925663653072
0.021008740649468716
0.030009571894285873
0.037010960183355
0.05401252531074369
0.09601359392770933
0.1630147839256925
0.26701663192708874
0.4110183616608388
0.6120189499218814
0.8370197722829854
1.0540185215985491
1.221017010649693
1.3290152551820178
1.3720167512501276
1.3280210216596695
1.175026221142535
0.9150290051495742
0.6070286117651218
0.33002583622767034
0.13502217996138627
0.021018930191011042
-0.03398344202672281
-0.05198584116950686
-0.0499872009207011
-0.038988976529404765
-0.03498984926755466
-0.016991366870076883
-0.010992494054367424
6.592195367520193e-06
0.0030063854432090353
0.005005352347168593
0.010005140800027786
0.01700398862329606
0.017003502338172063
0.023004239102720803
0.02000570887530583
0.021005444573844463
0.014006682103768308
0.015007165426805816
0.009008447461975549
0.007009324485457392
0.0040109811044173145
0.0020113050105858726
-0.0019865153367762765
0.010015573413027843
0.038017059429837685
0.10001952222506699
0.21602200519848386
0.4100245416913122
0.6860271045200177
1.0080288443425596
1.315027829058699
1.53702282175117
1.6520182322999803
1.7200193721954815
1.6970299074961313
1.5010419784184204
1.0970484321168994
0.6110463738630189
0.20703844420150813
-0.023969663888869494
-0.13097562539212393
-0.1539794271615733
-0.13698236541456008
-0.11098438445990885
-0.07898664760337452
-0.05598851345821977
-0.03598975910515913
-0.01799152781583869
-0.006992264388055949
0.0010071686682538617
0.009005769825188687
0.009005501922800394
0.017004729886992073
0.016005032027315014
0.024004984959814176
0.022006013801388707
0.01600730318482253
0.014007529869636852
0.007008801823717601
0.0020093642416719533
-0.002989101930355207
-0.014988210188681845
-0.02798621996616462
-0.043983680347193944
-0.04698195277764544
-0.04497893366694424
0.0010239994827402816
0.10602826944364857
0.3140336901800803
0.669039164211979
1.1230433736380352
1.5360424620264734
1.7610320740748404
1.814015116743898
1.8410140472040037
1.8330409811858075
1.5450715089386926
0.9390857393619265
0.27508095393216
-0.17394294371033583
-0.35396157194974104
-0.3729701241835033
-0.3119752803696693
-0.2449786028473709
-0.1749814856903476
-0.12898321687626862
-0.08398540500743817
-0.05598768922345628
-0.03298882321176408
-0.01099148133888664
-0.00099193440741677
0.010006420197161492
0.011006538949729274
0.017005334363043252
0.023004461450902285
0.022006562299869376
0.021006738073358285
0.019006871524908067
0.012008576342616479
0.005009376473860022
-0.0029892417324274946
-0.01198782954377273
-0.03598605557956269
-0.059982867085367986
-0.08698292236550013
-0.11897916784031778
-0.14297651556354443
-0.15297244661566375
-0.10696642936950773
0.05004403004611851
0.3800608661936943
0.8420764980336052
1.1970718132518021
1.2400437790665753
1.0659960788582703
0.8809793281729572
0.5500375041599782
-0.20690143270542605
-0.8668012435863219
-1.1288120825954993
-1.1159290885710569
-0.9349695651548818
-0.7059726377193748
-0.5079731153944016
-0.3519752628313893
-0.2419776256542841
-0.1639806521414168
-0.10298438588689872
-0.06698547284334083
-0.036987667597917814
-0.014989905780267087
-0.004990308786382182
0.008007906859826901
0.014007349326414674
0.01700691850414046
0.019005937822458296
0.026006088341928395
0.021007854200754825
0.020008102264521512
0.014009446705692196
0.00601018428109568
-0.000988391861215401
-0.018986401761294642
-0.04698443700959867
-0.08298188039551264
-0.1289800235601547
-0.18597640441386737
-0.26497243961556916
-0.3569684903947633
-0.4549609088500501
-0.5259442270371161
-0.5918937029669455
-0.8898332309672801
-1.7559172161230865
-2.4079492674101237
-2.36804285120164
-2.87095961029313
-4.768518979576241
-7.815461186795794
-7.169454555496469
-4.508466475160086
-2.7340447904732743
-1.6790443882019186
-1.0549938307192297
-0.6779769462774795
-0.4429738009704909
-0.291975059042675
-0.18297865423238965
-0.11698036176781076
-0.0749832055205254
-0.0389852950008323
-0.015987517477608057
0.0030103551931602076
0.013008534111281925
0.016007484415872315
0.022007097396865145
0.02700430238170881
0.033006471851673255
0.02700830348950743
0.024009089487093918
0.024009900656292875
0.01701105698466952
0.0020128810672491956
-0.019984566017033325
-0.052981792932904295
-0.09297902650686163
-0.1569773585796781
-0.24397514572619647
-0.37397249501596996
-0.573970474087564
-0.8719716266488784
-1.3929667146786036
-2.448845466787946
-5.028300453743755
-10.173661072032127
-12.468862478804796
-9.883078789848659
-9.441099446082413
-13.065775582682187
-18.663372369914242
-15.121717683788514
-8.152491227876155
-4.080340451522688
-2.1371583605587468
-1.211021928153443
-0.7329823394193448
-0.4609721624176065
-0.2929719072014304
-0.18397482087838582
-0.11297940753189475
-0.06398153516227792
-0.033984006160080744
-0.009986185032171956
0.006011876049329763
0.020009957880996913
0.024008804519821975
0.02400818693680952
0.029005226719002238
0.0340080856561479
0.03400873895141279
0.03100922663482304
0.030010100786498586
0.02001209787589682
0.013013498558207465
-0.011984396531524546
-0.044981343332138414
-0.09098073131070729
-0.15597712667370778
-0.26197496230620293
-0.43197395766358765
-0.697978404583334
-1.1689941012289717
-2.064040757684631
-3.994020726325634
-8.380286579476913
-16.30305702651967
-19.868054051412546
-15.930054659172775
-14.064020938578576
-16.140732157777705
-21.139163168499753
-19.017407891138145
-9.042949060695078
-3.7461442342716356
-1.803137731335806
-1.0120190900391943
-0.6179781179807237
-0.3949666316502843
-0.24896739836040593
-0.15097145552177862
-0.08997340451791275
-0.043979698749853406
-0.014981511360552185
0.006015042348187165
0.021012224043988764
0.03300992102634218
0.03700782127407671
0.03400830357556721
0.036005439694771324
0.04300691526375851
0.0440084981684457
0.03701037291389496
0.04001047470416215
0.036012164730362006
0.022014087252756182
0.002017021692250427
-0.026981120120224793
-0.06897709028026848
-0.13397658501800117
-0.24097524424137742
-0.4009763570948797
-0.6779830962803775
-1.1350061274803382
-2.001055676098944
-3.7701039982194304
-7.876247031198362
-16.535781718457578
-21.612719465128393
-15.34973057052649
-11.965769379121628
-12.030951554941215
-14.534804298423976
-11.897669713344277
-4.680977932795376
-1.5950337790824018
-0.8060496923900494
-0.5470006834884653
-0.3839698767140577
-0.26396111925500376
-0.16596319536993964
-0.0989668600837117
-0.04597184944222065
-0.015976093763775644
0.00802037383687469
0.02501587317262124
0.03301467130890727
0.04301154864922468
0.043009009380041645
0.044007370827848766
0.04500561640135752
0.048008992887434244
0.048009413173902775
0.04801090762470994
0.05401070591402952
0.05101288662318808
0.04101486157322228
0.031016595399187986
0.009019064410491957
-0.027979152202589553
-0.07797693368660376
-0.16397495598262446
-0.2899759789527113
-0.47598351001350675
-0.7789994616028959
-1.2200093306323845
-1.9569678884587698
-3.571962526789232
-6.759003623114521
-8.755658778813713
-6.20672004323366
-4.703711689417848
-3.8227254927247323
-2.804675622183579
-1.1619128374940708
0.2699098553301724
0.42901019908815846
0.13700881412742413
-0.05397070818057661
-0.10795795293057849
-0.09295581471330595
-0.060958413633557605
-0.02196424906594989
0.005030551173150902
0.02202638964508487
0.03702128254058824
0.048017791799978504
0.05201574967629035
0.0560122690071189
0.05701053337586086
0.053007096105983524
0.051007467291622144
0.05900863819878435
0.06600830895153843
0.061011440000224786
0.0710101081459145
0.07001304541900821
0.06901525263240303
0.06301827680562805
0.05501878028292197
0.03102389162489941
2.4916544350193153e-05
-0.04397362709102019
-0.11497249003488155
-0.1989751519136324
-0.2859823978778266
-0.31298526685880834
-0.15596468669183147
0.21405012273413707
0.5710717441452375
0.8462806557422442
0.9162842945227022
0.7182642659251072
0.9502735986097235
1.6262587342686883
2.052043444762643
1.8227887912783531
1.19388712275333
0.6310486163919197
0.28705345058596277
0.1290533011066954
0.0680510631227864
0.05404581426925781
0.05904295633872255
0.06503519063789014
0.07103000100563052
0.07402374299950461
0.07102111802059943
0.07201872186881503
0.07301509581309336
0.06601222429097381
0.061009852007268196
0.060010183700554325
0.06700824335764274
0.07400998996382332
0.08001177639951497
0.08201337161715172
0.0950124942626324
0.09601611764836557
0.10101807982456298
0.10401989424561457
0.10102190208949942
0.09102581201179305
0.09102699621493943
0.07903023396675339
0.07603313345429388
0.1350357496711286
0.3160428231219255
0.7470597694817794
1.4655975775451289
2.3001376378167
2.804243569159178
2.7692646496156677
2.4622630728125245
2.308258319926989
2.3122302429433303
2.1901168604287706
1.793377293442796
1.25568167463715
0.7940567309240001
0.4840620517714935
0.3050585729244357
0.21005434891843727
0.16804838142651576
0.14004349343945371
0.128036808284831
0.11703181917350974
0.11502483742376594
0.10102466303802252
0.09701963217620821
0.08901782709099654
0.08201473155381973
0.0720144251671074
0.06401243914751827
0.07401099124610654
0.08700845002231967
0.09401153638739165
0.10601119802110005
0.11501418102944855
0.12301704569870778
0.1390180567569004
0.1570196744500879
0.16702232017220417
0.18902496881813083
0.2130278429303891
0.24503263660837785
0.3090389491900055
0.43304804829389687
0.6640608910421562
1.0639589427601328
1.620978683949703
2.2091600228346713
2.6072231703741657
2.686247212317992
2.5472519280614825
2.346246146274213
2.1492218737426465
1.8901641117736478
1.55061639988135
1.1779859893686946
0.8500698305318561
0.6050652720254649
0.44405985898682726
0.33505581208569307
0.26505018724211454
0.21704624644461365
0.1900381338318241
0.16703233277945947
0.14702718515088145
0.12802720569107068
0.11702137724253646
0.1060183910348835
0.08901793472286164
0.08101622126539387
0.07500812697143153
0.08101232973866315
0.09200929078882389
0.110007987431325
0.12101247805629639
0.1400131361163384
0.1540167781368513
0.18001571265808822
0.2080158383679951
0.23602090011035742
0.2710239072838107
0.31702874394766073
0.3870340319158182
0.4820418316097955
0.62405290549962
0.8450620430095799
1.15171983927749
1.5290779778348296
1.9141685761870846
2.196207920729692
2.305229776174062
2.261238274098481
2.11723327379353
1.9112137497929036
1.672181275978728
1.3995765312975637
1.1330915864284874
0.8900791758301144
0.6920669861323494
0.5450602309860223
0.43205628491315556
0.3530530480359774
0.29104719493107334
0.2510383178363946
0.21003635457803274
0.1810267339709878
0.1540303606990397
0.14101841330359297
0.12102013693886259
0.10601753601926595
0.0940131257221303
0.0860112178453596
0.09101227064589217
0.102011282355972
0.11901208655875496
0.13801216387236723
0.1560188227384132
0.1810188360986466
0.2100194957032469
0.2500172481047319
0.2900209969475
0.34202384767522337
0.4080298374290824
0.4920342545138462
0.5990420535498566
0.7420536189314703
0.9330614567172713
1.1685607942654064
1.4411172854334051
1.6971665817979251
1.8881963953446845
1.9932161950981866
1.9902250433358355
1.8972204920314435
1.7432006988181967
1.547168587623815
1.3351167497904597
1.1231047756677444
0.9290809440457525
0.761066905937881
0.6230619359278124
0.5090592890769078
0.419051149858107
0.35304009884768156
0.2930448075667802
0.25103333582649057
0.21103298991120667
0.18102726484275625
0.1540267416135317
0.13302710231343037
0.11901926428125822
0.10202484983395617
0.09102018185826116
0.10099452947475376
0.11201429688968796
0.12801147750196204
0.14801226249779212
0.17301839945953473
0.207012557202745
0.23801771148877157
0.28002080664145246
0.3310244944152483
0.3930202098214025
0.4660216635222947
0.56003500397271
0.6760427084588432
0.8130529481023215
0.9780600817216175
1.1682581864290993
1.3671278827258126
1.5491610391798531
1.6961869368579907
1.7812058356436504
1.7942136886157773
1.735207954111406
1.620186217101361
1.4900024373898328
1.3147460429165985
1.129103671803029
0.9690801048952425
0.8150651684861289
0.6830565335957601
0.5690500902011962
0.47404985237088804
0.39704723814532017
0.3340403053192686
0.28003603509356617
0.23703616081624307
0.20003417531591433
0.17102674421158834
0.1480249770483329
0.12901720915654485
0.11201354209807585
0.09900008979486478
0.1059727532666655
0.12100716138433142
0.13800524332925843
0.15801519548625786
0.18701832172080468
0.22200884836852833
0.26101354374606517
0.3050187041460126
0.36402397936765934
0.4310251442358993
0.5130306687603293
0.6090337481835703
0.7240417192962076
0.8570542309432286
1.0010594955612686
1.1550321372675663
1.3161291809432567
1.4611576155285055
1.5731817337309344
1.6432003281744225
1.658212197100518
1.6302011480741463
1.5481756302827312
1.4331315016671944
1.2939151711436978
1.1381026116973436
0.9940789103972506
0.8490676158682463
0.7210606947151587
0.6110518884689256
0.5130521492952252
0.4320417911515785
0.3610355226699955
0.30701362619578204
0.25703429926410243
0.21803862068848454
0.18602845545699276
0.1580263697944041
0.1350291269870185
0.11999662848638404
0.10301584851338845
0.10887120471136323
0.12591575886774536
0.14292744002685462
0.1670341819041906
0.19304362639738198
0.22900846152674453
0.2719951580820772
0.31904054715422875
0.38101190326540546
0.4490193270776368
0.5350360136747969
0.6340400768558154
0.7490372543687938
0.8760416464774091
1.0070721935206155
1.1417909318776231
1.288129033469073
1.4131538611032384
1.5081788247885801
1.5701955454764978
1.59320293251455
1.5661970142873178
1.507174354864182
1.4081288664309055
1.282772882348898
1.1481004766221243
1.0120692514364844
0.8750691746363418
0.7480623055173098
0.6380416791166061
0.5380393719451897
0.4510491444971789
0.37801964003030136
0.32004506478576583
0.27099516655034867
0.22702434291242146
0.19599519752717817
0.1659619316703549
0.14497814345603313
0.12890140796776542
0.10699700167876675
0.10899697213136333
0.12569927454470345
0.14429071914850605
0.16870367602665326
0.19557353814250958
0.22842216437884197
0.2712793733060037
0.3269959027806285
0.3869979035270751
0.4608836700896551
0.5460072178781705
0.6420168356718896
0.7553824447685041
0.8779342763049846
1.0150724214568412
1.1473669771947523
1.2819069281366384
1.3941569681071542
1.4838285129849265
1.5503405035497082
1.5773553369011897
1.5518834545628606
1.48719342813422
1.3963748060567047
1.2806429364167808
1.1478276183051168
1.0100091665355015
0.8787067725765101
0.7583153918337221
0.6448594346777234
0.5449825962116193
0.4572978768641444
0.3903483861747438
0.3276469652117546
0.27664950291729423
0.23202228018405263
0.1983346573970872
0.16833214624943427
0.14199614324357868
0.12232780694154889
0.10866819643407157
0.10887120471136323
0.12591575886774536
0.14292744002685462
0.1670341819041906
0.19304362639738198
0.22900846152674453
0.2719951580820772
0.31904054715422875
0.38101190326540546
0.4490193270776368
0.5350360136747969
0.6340400768558154
0.7490372543687938
0.8760416464774091
1.0070721935206155
1.1417909318776231
1.288129033469073
1.4131538611032384
1.5081788247885801
1.5701955454764978
1.59320293251455
1.5661970142873178
1.507174354864182
1.4081288664309055
1.282772882348898
1.1481004766221243
1.0120692514364844
0.8750691746363418
0.7480623055173098
0.6380416791166061
0.5380393719451897
0.4510491444971789
0.37801964003030136
0.32004506478576583
0.27099516655034867
0.22702434291242146
0.19599519752717817
0.1659619316703549
0.14497814345603313
0.12890140796776542
0.10699700167876675
0.1059727532666655
0.12100716138433142
0.13800524332925843
0.15801519548625786
0.18701832172080468
0.22200884836852833
0.26101354374606517
0.3050187041460126
0.36402397936765934
0.4310251442358993
0.5130306687603293
0.6090337481835703
0.7240417192962076
0.8570542309432286
1.0010594955612686
1.1550321372675663
1.3161291809432567
1.4611576155285055
1.5731817337309344
1.6432003281744225
1.658212197100518
1.6302011480741463
1.5481756302827312
1.4331315016671944
1.2939151711436978
1.1381026116973436
0.9940789103972506
0.8490676158682463
0.7210606947151587
0.6110518884689256
0.5130521492952252
0.4320417911515785
0.3610355226699955
0.30701362619578204
0.25703429926410243
0.21803862068848454
0.18602845545699276
0.1580263697944041
0.1350291269870185
0.11999662848638404
0.10301584851338845
0.10099452947475376
0.11201429688968796
0.12801147750196204
0.14801226249779212
0.17301839945953473
0.207012557202745
0.23801771148877157
0.28002080664145246
0.3310244944152483
0.3930202098214025
0.4660216635222947
0.56003500397271
0.6760427084588432
0.8130529481023215
0.9780600817216175
1.1682581864290993
1.3671278827258126
1.5491610391798531
1.6961869368579907
1.7812058356436504
1.7942136886157773
1.735207954111406
1.620186217101361
1.4900024373898328
1.3147460429165985
1.129103671803029
0.9690801048952425
0.8150651684861289
0.6830565335957601
0.5690500902011962
0.47404985237088804
0.39704723814532017
0.3340403053192686
0.28003603509356617
0.23703616081624307
0.20003417531591433
0.17102674421158834
0.1480249770483329
0.12901720915654485
0.11201354209807585
0.09900008979486478
0.09101227064589217
0.102011282355972
0.11901208655875496
0.13801216387236723
0.1560188227384132
0.1810188360986466
0.2100194957032469
0.2500172481047319
0.2900209969475
0.34202384767522337
0.4080298374290824
0.4920342545138462
0.5990420535498566
0.7420536189314703
0.9330614567172713
1.1685607942654064
1.4411172854334051
1.6971665817979251
1.8881963953446845
1.9932161950981866
1.9902250433358355
1.8972204920314435
1.7432006988181967
1.547168587623815
1.3351167497904597
1.1231047756677444
0.9290809440457525
0.761066905937881
0.6230619359278124
0.5090592890769078
0.419051149858107
0.35304009884768156
0.2930448075667802
0.25103333582649057
0.21103298991120667
0.18102726484275625
0.1540267416135317
0.13302710231343037
0.11901926428125822
0.10202484983395617
0.09102018185826116
0.08101232973866315
0.09200929078882389
0.110007987431325
0.12101247805629639
0.1400131361163384
0.1540167781368513
0.18001571265808822
0.2080158383679951
0.23602090011035742
0.2710239072838107
0.31702874394766073
0.3870340319158182
0.4820418316097955
0.62405290549962
0.8450620430095799
1.15171983927749
1.5290779778348296
1.9141685761870846
2.196207920729692
2.305229776174062
2.261238274098481
2.11723327379353
1.9112137497929036
1.672181275978728
1.3995765312975637
1.1330915864284874
0.8900791758301144
0.6920669861323494
0.5450602309860223
0.43205628491315556
0.3530530480359774
0.29104719493107334
0.2510383178363946
0.21003635457803274
0.1810267339709878
0.1540303606990397
0.14101841330359297
0.12102013693886259
0.10601753601926595
0.0940131257221303
0.0860112178453596
0.07401099124610654
0.08700845002231967
0.09401153638739165
0.10601119802110005
0.11501418102944855
0.12301704569870778
0.1390180567569004
0.1570196744500879
0.16702232017220417
0.18902496881813083
0.2130278429303891
0.24503263660837785
0.3090389491900055
0.43304804829389687
0.6640608910421562
1.0639589427601328
1.620978683949703
2.2091600228346713
2.6072231703741657
2.686247212317992
2.5472519280614825
2.346246146274213
2.1492218737426465
1.8901641117736478
1.55061639988135
1.1779859893686946
0.8500698305318561
0.6050652720254649
0.44405985898682726
0.33505581208569307
0.26505018724211454
0.21704624644461365
0.1900381338318241
0.16703233277945947
0.14702718515088145
0.12802720569107068
0.11702137724253646
0.1060183910348835
0.08901793472286164
0.08101622126539387
0.07500812697143153
0.06700824335764274
0.07400998996382332
0.08001177639951497
0.08201337161715172
0.0950124942626324
0.09601611764836557
0.10101807982456298
0.10401989424561457
0.10102190208949942
0.09102581201179305
0.09102699621493943
0.07903023396675339
0.07603313345429388
0.1350357496711286
0.3160428231219255
0.7470597694817794
1.4655975775451289
2.3001376378167
2.804243569159178
2.7692646496156677
2.4622630728125245
2.308258319926989
2.3122302429433303
2.1901168604287706
1.793377293442796
1.25568167463715
0.7940567309240001
0.4840620517714935
0.3050585729244357
0.21005434891843727
0.16804838142651576
0.14004349343945371
0.128036808284831
0.11703181917350974
0.11502483742376594
0.10102466303802252
0.09701963217620821
0.08901782709099654
0.08201473155381973
0.0720144251671074
0.06401243914751827
0.05900863819878435
0.06600830895153843
0.061011440000224786
0.0710101081459145
0.07001304541900821
0.06901525263240303
0.06301827680562805
0.05501878028292197
0.03102389162489941
2.4916544350193153e-05
-0.04397362709102019
-0.11497249003488155
-0.1989751519136324
-0.2859823978778266
-0.31298526685880834
-0.15596468669183147
0.21405012273413707
0.5710717441452375
0.8462806557422442
0.9162842945227022
0.7182642659251072
0.9502735986097235
1.6262587342686883
2.052043444762643
1.8227887912783531
1.19388712275333
0.6310486163919197
0.28705345058596277
0.1290533011066954
0.0680510631227864
0.05404581426925781
0.05904295633872255
0.06503519063789014
0.07103000100563052
0.07402374299950461
0.07102111802059943
0.07201872186881503
0.07301509581309336
0.06601222429097381
0.061009852007268196
0.060010183700554325
0.048008992887434244
0.048009413173902775
0.04801090762470994
0.05401070591402952
0.05101288662318808
0.04101486157322228
0.031016595399187986
0.009019064410491957
-0.027979152202589553
-0.07797693368660376
-0.16397495598262446
-0.2899759789527113
-0.47598351001350675
-0.7789994616028959
-1.2200093306323845
-1.9569678884587698
-3.571962526789232
-6.759003623114521
-8.755658778813713
-6.20672004323366
-4.703711689417848
-3.8227254927247323
-2.804675622183579
-1.1619128374940708
0.2699098553301724
0.42901019908815846
0.13700881412742413
-0.05397070818057661
-0.10795795293057849
-0.09295581471330595
-0.060958413633557605
-0.02196424906594989
0.005030551173150902
0.02202638964508487
0.03702128254058824
0.048017791799978504
0.05201574967629035
0.0560122690071189
0.05701053337586086
0.053007096105983524
0.051007467291622144
0.04300691526375851
0.0440084981684457
0.03701037291389496
0.04001047470416215
0.036012164730362006
0.022014087252756182
0.002017021692250427
-0.026981120120224793
-0.06897709028026848
-0.13397658501800117
-0.24097524424137742
-0.4009763570948797
-0.6779830962803775
-1.1350061274803382
-2.001055676098944
-3.7701039982194304
-7.876247031198362
-16.535781718457578
-21.612719465128393
-15.34973057052649
-11.965769379121628
-12.030951554941215
-14.534804298423976
-11.897669713344277
-4.680977932795376
-1.5950337790824018
-0.8060496923900494
-0.5470006834884653
-0.3839698767140577
-0.26396111925500376
-0.16596319536993964
-0.0989668600837117
-0.04597184944222065
-0.015976093763775644
0.00802037383687469
0.02501587317262124
0.03301467130890727
0.04301154864922468
0.043009009380041645
0.044007370827848766
0.04500561640135752
0.0340080856561479
0.03400873895141279
0.03100922663482304
0.030010100786498586
0.02001209787589682
0.013013498558207465
-0.011984396531524546
-0.044981343332138414
-0.09098073131070729
-0.15597712667370778
-0.26197496230620293
-0.43197395766358765
-0.697978404583334
-1.1689941012289717
-2.064040757684631
-3.994020726325634
-8.380286579476913
-16.30305702651967
-19.868054051412546
-15.930054659172775
-14.064020938578576
-16.140732157777705
-21.139163168499753
-19.017407891138145
-9.042949060695078
-3.7461442342716356
-1.803137731335806
-1.0120190900391943
-0.6179781179807237
-0.3949666316502843
-0.24896739836040593
-0.15097145552177862
-0.08997340451791275
-0.043979698749853406
-0.014981511360552185
0.006015042348187165
0.021012224043988764
0.03300992102634218
0.03700782127407671
0.03400830357556721
0.036005439694771324
0.033006471851673255
0.02700830348950743
0.024009089487093918
0.024009900656292875
0.01701105698466952
0.0020128810672491956
-0.019984566017033325
-0.052981792932904295
-0.09297902650686163
-0.1569773585796781
-0.24397514572619647
-0.37397249501596996
-0.573970474087564
-0.8719716266488784
-1.3929667146786036
-2.448845466787946
-5.028300453743755
-10.173661072032127
-12.468862478804796
-9.883078789848659
-9.441099446082413
-13.065775582682187
-18.663372369914242
-15.121717683788514
-8.152491227876155
-4.080340451522688
-2.1371583605587468
-1.211021928153443
-0.7329823394193448
-0.4609721624176065
-0.2929719072014304
-0.18397482087838582
-0.11297940753189475
-0.06398153516227792
-0.033984006160080744
-0.009986185032171956
0.006011876049329763
0.020009957880996913
0.024008804519821975
0.02400818693680952
0.029005226719002238
0.026006088341928395
0.021007854200754825
0.020008102264521512
0.014009446705692196
0.00601018428109568
-0.000988391861215401
-0.018986401761294642
-0.04698443700959867
-0.08298188039551264
-0.1289800235601547
-0.18597640441386737
-0.26497243961556916
-0.3569684903947633
-0.4549609088500501
-0.5259442270371161
-0.5918937029669455
-0.8898332309672801
-1.7559172161230865
-2.4079492674101237
-2.36804285120164
-2.87095961029313
-4.768518979576241
-7.815461186795794
-7.169454555496469
-4.508466475160086
-2.7340447904732743
-1.6790443882019186
-1.0549938307192297
-0.6779769462774795
-0.4429738009704909
-0.291975059042675
-0.18297865423238965
-0.11698036176781076
-0.0749832055205254
-0.0389852950008323
-0.015987517477608057
0.0030103551931602076
0.013008534111281925
0.016007484415872315
0.022007097396865145
0.02700430238170881
0.022006562299869376
0.021006738073358285
0.019006871524908067
0.012008576342616479
0.005009376473860022
-0.0029892417324274946
-0.01198782954377273
-0.03598605557956269
-0.059982867085367986
-0.08698292236550013
-0.11897916784031778
-0.14297651556354443
-0.15297244661566375
-0.10696642936950773
0.05004403004611851
0.3800608661936943
0.8420764980336052
1.1970718132518021
1.2400437790665753
1.0659960788582703
0.8809793281729572
0.5500375041599782
-0.20690143270542605
-0.8668012435863219
-1.1288120825954993
-1.1159290885710569
-0.9349695651548818
-0.7059726377193748
-0.5079731153944016
-0.3519752628313893
-0.2419776256542841
-0.1639806521414168
-0.10298438588689872
-0.06698547284334083
-0.036987667597917814
-0.014989905780267087
-0.004990308786382182
0.008007906859826901
0.014007349326414674
0.01700691850414046
0.019005937822458296
0.024004984959814176
0.022006013801388707
0.01600730318482253
0.014007529869636852
0.007008801823717601
0.0020093642416719533
-0.002989101930355207
-0.014988210188681845
-0.02798621996616462
-0.043983680347193944
-0.04698195277764544
-0.04497893366694424
0.0010239994827402816
0.10602826944364857
0.3140336901800803
0.669039164211979
1.1230433736380352
1.5360424620264734
1.7610320740748404
1.814015116743898
1.8410140472040037
1.8330409811858075
1.5450715089386926
0.9390857393619265
0.27508095393216
-0.17394294371033583
-0.35396157194974104
-0.3729701241835033
-0.3119752803696693
-0.2449786028473709
-0.1749814856903476
-0.12898321687626862
-0.08398540500743817
-0.05598768922345628
-0.03298882321176408
-0.01099148133888664
-0.00099193440741677
0.010006420197161492
0.011006538949729274
0.017005334363043252
0.023004461450902285
0.023004239102720803
0.02000570887530583
0.021005444573844463
0.014006682103768308
0.015007165426805816
0.009008447461975549
0.007009324485457392
0.0040109811044173145
0.0020113050105858726
-0.0019865153367762765
0.010015573413027843
0.038017059429837685
0.10001952222506699
0.21602200519848386
0.4100245416913122
0.6860271045200177
1.0080288443425596
1.315027829058699
1.53702282175117
1.6520182322999803
1.7200193721954815
1.6970299074961313
1.5010419784184204
1.0970484321168994
0.6110463738630189
0.20703844420150813
-0.023969663888869494
-0.13097562539212393
-0.1539794271615733
-0.13698236541456008
-0.11098438445990885
-0.07898664760337452
-0.05598851345821977
-0.03598975910515913
-0.01799152781583869
-0.006992264388055949
0.0010071686682538617
0.009005769825188687
0.009005501922800394
0.017004729886992073
0.016005032027315014
0.02700348753327193
0.023004547193923072
0.024005020584744432
0.022005719690141215
0.02100602136572271
0.018007351821944004
0.019007925663653072
0.021008740649468716
0.030009571894285873
0.037010960183355
0.05401252531074369
0.09601359392770933
0.1630147839256925
0.26701663192708874
0.4110183616608388
0.6120189499218814
0.8370197722829854
1.0540185215985491
1.221017010649693
1.3290152551820178
1.3720167512501276
1.3280210216596695
1.175026221142535
0.9150290051495742
0.6070286117651218
0.33002583622767034
0.13502217996138627
0.021018930191011042
-0.03398344202672281
-0.05198584116950686
-0.0499872009207011
-0.038988976529404765
-0.03498984926755466
-0.016991366870076883
-0.010992494054367424
6.592195367520193e-06
0.0030063854432090353
0.005005352347168593
0.010005140800027786
0.01700398862329606
0.017003502338172063
0.025003361018578616
0.025003812039311093
0.02400448362199849
0.02500491783651001
0.023005735442712567
0.031005963199503207
0.026006879404715886
0.036007475797157976
0.047008376537346915
0.06400886740301572
0.08601201951934404
0.13001381112537652
0.1850119874030175
0.27401276823417386
0.3890137692635173
0.5330134749302423
0.6870134070161182
0.8360129853493544
0.9530125392977162
1.029012294203946
1.0570124176875009
1.0150146506585027
0.9070168154035129
0.7430181479466889
0.5400185540800904
0.35201767509251003
0.20201603402251583
0.10301443106502343
0.04601228589621378
0.013011309769001285
0.0020096338219047997
-0.009990443635218577
-0.002992119452168237
-0.003992535027892002
0.007005752046671667
0.009005421083480602
0.014004700846747337
0.01000476763874429
0.017003926085631026
0.017003423374755893
0.017003439549374673
0.026003025800761425
0.029003033804801612
0.026003881076949155
0.02500467258235938
0.03200477034683483
0.032005367346094556
0.03700563535191525
0.04700626632592571
0.06200629020457727
0.08100729988401795
0.1040080757923318
0.1490080527138767
0.20100894344293074
0.2700091799334489
0.3530093229977315
0.454010242378509
0.5650096355308033
0.6650077076888835
0.7480091493886122
0.8000087304596275
0.8130094298634322
0.7810102738371664
0.7010116008982865
0.5940121899769434
0.46401250419619416
0.3400118344735744
0.2310113281767644
0.1490105680224846
0.09400944437055189
0.056008545480083945
0.03200947062943657
0.02200823172680203
0.016006652217588083
0.017005584280896914
0.014005135796570454
0.021003812504082117
0.01500437481504488
0.017003698830490497
0.018003468698178385
0.01600363549189831
0.0190026389592425
0.023003309964418014
0.02500333371395573
0.03200321313637933
0.03500345740416713
0.031004255070825985
0.03900445943210831
0.04200500004429968
0.05200564285586702
0.06800592707685162
0.09100553804453142
0.11300646392461801
0.15000658296733935
0.19700658475152935
0.25300731252378983
0.321007125914627
0.3970071651126918
0.47400686287067917
0.5460067724958163
0.6030069332928889
0.6360062456293489
0.6410066125672029
0.6130074616542945
0.5610075300990017
0.483008259629624
0.4010084703904385
0.31100833711167897
0.2300079904612176
0.16500724405286185
0.11800701806676524
0.08300685158990352
0.061005938054634376
0.04400571021543838
0.03400547478098421
0.030004428082249287
0.024004291227301307
0.021004055216505623
0.019003730612312253
0.02200333331603561
0.021002852779404887
0.019003185325153035
0.01800266997097443
