0.1250028489992751
0.13700324947582285
0.15200362931952757
0.16800419624022256
0.18800471738376348
0.21200529117753905
0.24200589819537713
0.27800657079048297
0.32400723892766287
0.3800081487269306
0.4500086922585287
0.5370095481680075
0.6420103963008148
0.7650120288788521
0.9030121553074635
1.051012376181919
1.1950129340500522
1.3290135514155892
1.4400148286774237
1.4980130399684013
1.5200134527160052
1.4880131601510442
1.4080131435599124
1.2870128639131906
1.1380123040788803
0.9780113378921219
0.8240098941668903
0.6860081027931422
0.5710074852040349
0.47600695144689525
0.40200540528207485
0.34400447721925825
0.29700380798989107
0.2610031600610091
0.23100264618524088
0.20600218675486776
0.18600175999964325
0.16900138639239148
0.15300120078930476
0.1400008957740362
0.12900059114031864
0.12400334476765136
0.13600387272428108
0.15000435038031656
0.16600496695617029
0.18500568090913824
0.2080065628986293
0.2370073106018239
0.2740081952500782
0.3210092210333783
0.3810102698471265
0.45901134843267166
0.5590126335670437
0.6840145788423548
0.8390152232855291
1.0200149929128692
1.219017296043423
1.4170179891403167
1.5940159404607106
1.7540185550617873
1.851018317415892
1.8830185742991492
1.8450189240034607
1.7310193560149894
1.554019319818978
1.3400184531596737
1.1150167721483315
0.9050146702950514
0.7270127224094035
0.5850107524096197
0.47700897336302134
0.3950096979389336
0.33500716021983734
0.28900504778908176
0.2540043533743932
0.22600348912128038
0.20200304520994744
0.1830024904983375
0.16700194155042547
0.15200168194312474
0.14000125534237629
0.12800103616247613
0.1230039054863057
0.13400457404325242
0.14700524129035344
0.16200599188550724
0.17900696659110357
0.20100825592636246
0.22800914477148596
0.2630102181512687
0.30901218322134105
0.37101284515187055
0.4520182371566649
0.5630230154871241
0.7150187303292845
0.9070207394578113
1.1440226464435674
1.4170243914558107
1.6990260817505147
1.9660266904484598
2.178026521410784
2.32002623787064
2.372026845334305
2.3250278061147407
2.1660295644775207
1.9070299310015861
1.590028551144384
1.261025338504795
0.9720215729219475
0.7430178075973171
0.5750145135964301
0.45601196211830164
0.37301005726992476
0.31500820302179394
0.27300673428749045
0.24100566145435814
0.2160047436066449
0.19600390177657573
0.17800330880056794
0.1630026921383587
0.15000225142339396
0.13800182337714842
0.12800143179320572
0.12200455595393597
0.13200536852701783
0.14300624268940196
0.15700710301112375
0.1720082194023872
0.19100938740777268
0.2140108846674311
0.24501250931790602
0.28701497134491866
0.3460162524639252
0.4300181980017465
0.5500207756264632
0.7220237796302756
0.9580270350919934
1.27003063617951
1.6470341717929273
2.051037079710433
2.432038652404359
2.740037768340744
2.938036923866396
3.020038266589598
2.9720417356901536
2.7580463372302377
2.3720479954057634
1.8830455521926523
1.3950390961762915
0.9960314437069231
0.7110246528117968
0.5220196128481962
0.4040158462215085
0.33001297746645
0.28101131812050945
0.24800882421433632
0.2230077048272354
0.20300612785678848
0.18700499242295684
0.1730041688349562
0.16000343523013122
0.1480028024014474
0.13700235996721688
0.12700178315113167
0.12000535158974679
0.12900619397665405
0.1390071529656968
0.15000836993227187
0.16300963090804538
0.17801103144697533
0.19601320330143934
0.22001576201276313
0.25401715634831495
0.30301980782262755
0.3790230226363677
0.49802614126173006
0.6840301804183176
0.9650352653011122
1.368041348091755
1.8900483693350556
2.482054135105172
3.0360567624460186
3.450054796730159
3.7070503866639255
3.826052325667093
3.7920637595778803
3.502078512167607
2.9230855152596322
2.160079323224479
1.4380625396759847
0.9110449988807917
0.586032922859732
0.40702534391018497
0.31302027375204283
0.2630164447120806
0.23401376531055632
0.21501120359353343
0.20000935372074502
0.18900786731681998
0.1770064445099925
0.16600527329528322
0.1560042912584785
0.14600354441244978
0.1360029363494829
0.1270022681052002
0.11900602865298175
0.12700704687578596
0.13500812635180218
0.1440095051920495
0.15301093600940968
0.16201289582585215
0.17401493339387802
0.18801660169171075
0.20902007262241387
0.24202380180901575
0.2980267528515343
0.39803120926388597
0.5740369842630975
0.8790449454790906
1.372055552522475
2.078068671125888
2.922080500142335
3.695086410187419
4.218080363497048
4.468063794958915
4.57106312493561
4.514099585827229
4.084143462288276
3.202165401018445
2.0891555111186726
1.136103908345706
0.5660597106064414
0.3060393617153257
0.20903034785980276
0.1810246634567893
0.17602029182322884
0.17701681615951875
0.17801443780398535
0.17601159688080462
0.17200969237687827
0.16700792845461057
0.1600064391902666
0.15200538031678706
0.14300451022254348
0.13500353544511884
0.12600291067001057
0.11800675223914021
0.1250078551137199
0.13100923170303688
0.13801065594653827
0.1430125244491959
0.1470146520330094
0.15001763009745425
0.1530193304487074
0.15602548284946588
0.164023714959896
0.1850302109881884
0.23803524166095708
0.361041950683922
0.6250528546336163
1.1300732858779297
1.9471091425827411
2.954148069352397
3.7971524477959915
4.272121243209589
4.370065275411375
4.210045024073785
3.629128675338586
2.361244793937243
1.1524780593890784
0.257482348428879
-0.2578290126659597
-0.31696325427327976
-0.19797359888957322
-0.07497123898883047
0.015027323099716185
0.07602391047433356
0.11502022612173615
0.1390156043027839
0.15201401787918836
0.15701136860862447
0.1570096734885307
0.1540079052784216
0.14900643874650066
0.14200533330198098
0.13400438397999814
0.12600360828924578
0.11800756693871475
0.12400879853719406
0.1290102575057307
0.13301194012186676
0.13501386036631632
0.13401633572380015
0.12901857789361915
0.11802152445742028
0.10102515924432788
0.07802844400305822
0.04103466433396493
0.012039951977868947
0.005046617382850836
0.06705869706473053
0.268096221235269
0.6142214870674149
0.7013785037897912
-0.05879345300426768
-0.2258100378019526
0.6260969097451143
0.05436330258002047
-3.7529750030888387
-10.592331821524526
-11.268238019282757
-7.231977271664396
-4.018903349590687
-1.91616441421933
-0.8520430770700669
-0.36999118643798556
-0.1349779718478757
-0.006976900955024526
0.06602086885346446
0.11001934053093158
0.13401519935122846
0.14701288885333272
0.15201034927312884
0.15100872691306877
0.1480069330950805
0.142005745723858
0.1350046387574059
0.12700388299644474
0.11800852737402368
0.12400971698856433
0.12801148235060378
0.13001341686388887
0.12901557585009696
0.12301825918942022
0.11002151538571316
0.08702406859004083
0.05002985536609548
-0.006968970861400888
-0.09296578863111511
-0.22096393571835235
-0.41696623732765054
-0.750976567635076
-1.4389609811004367
-3.1224984290802085
-7.659686326805969
-17.65683594385537
-20.993770388181577
-12.964359540743011
-11.34906576591315
-22.246923541524378
-46.882664543670494
-42.75690016532648
-20.46975011266157
-8.71025891717314
-3.362423197764209
-1.3201204074778004
-0.5580105747222553
-0.22998050469173334
-0.06197482692219173
0.034023850510109394
0.0900190380545218
0.12301764925557727
0.14101436379497045
0.14901225239215027
0.15101009456894018
0.14800833635433117
0.14300682735487466
0.13700536613741085
0.12900448234982262
0.12100893480546604
0.12601049318841265
0.13001219939022787
0.13101423332178264
0.12901638603288104
0.12001904330507204
0.10202112998008808
0.07202466306854413
0.020024746144313717
-0.06096982213132565
-0.1919689139059344
-0.40597280489978815
-0.7839909418404335
-1.5590489130380711
-3.473163015829656
-8.472716995494068
-21.07238022175528
-50.00187000432726
-60.13531791132206
-32.840723358947464
-23.669895827135573
-34.47880080153085
-62.79730097023147
-53.78774826162679
-22.113812002624613
-8.194102331051202
-3.0003034937061717
-1.1910925508756989
-0.5369997737802985
-0.2409724519770148
-0.0779683019177165
0.021029074941664505
0.08102718983029474
0.11702017669829998
0.13701784873188044
0.14701440928282009
0.15001166980790565
0.14800966069134655
0.14300776683137525
0.13700618022534736
0.1290050386498749
0.12900937409213553
0.13501080638445195
0.14001239638515683
0.1430141229335281
0.14101611643419867
0.13301827790781232
0.11502140037304816
0.08402287194642005
0.030028403781094268
-0.05797442317045518
-0.20097615146752493
-0.4389847345080256
-0.8660125481703917
-1.7430863453821244
-3.8701839557007713
-9.161958909702708
-20.82733462891027
-43.45734470207052
-52.40189795031587
-31.57068972364039
-22.275058837706236
-23.41206914416601
-28.437554792375604
-21.68941710884458
-8.752958712163275
-3.0790265367349563
-1.242108077620956
-0.6110442973516943
-0.32898771891269935
-0.15596781666610984
-0.03796477379362694
0.043032437156986306
0.09602899855665172
0.12802384239093872
0.14601975266267253
0.15501615338503866
0.15601340899183405
0.1540107114580574
0.1480087152871607
0.1410069303955109
0.13300571949115805
0.13400972240218073
0.14101107834439056
0.1470126962182315
0.15101454632820074
0.15101631814039818
0.14401834570289393
0.1290196780397599
0.10002197173476456
0.049020814107801715
-0.032977061484479014
-0.16398033817556815
-0.3729902577431359
-0.7160148026235627
-1.3230595094774729
-2.504048666479376
-4.7338026439997325
-8.35587905625404
-13.412965820064679
-15.700237218064428
-12.082229502049682
-9.81821872822032
-8.224262337327486
-6.009326069006342
-2.975855367926781
-0.52858680562394
0.12101826808937997
0.006993329676620706
-0.1029874819923636
-0.09896808012016074
-0.03896067930492335
0.02903917909077735
0.0850357098763407
0.12403027074601597
0.1490266044317583
0.16202172221275266
0.16701790633918173
0.16601488856842062
0.16201188676651399
0.15500963865818723
0.14600780385590384
0.13700642258606993
0.14001006767509486
0.14901143931090785
0.15701266667448494
0.1570149760200386
0.15901680013456979
0.155018656532857
0.14402110173923385
0.12002219600722845
0.07902588839708012
0.01202275158387857
-0.08897968348015058
-0.2369859657669035
-0.4409988265068521
-0.7000167437606024
-0.9740081613338549
-1.1079369312878975
-0.9289034482984998
-0.7208911057343351
-0.7965467248322251
-1.2514669412839001
-1.7604484512878333
-1.2094528730564893
0.16145050133302313
1.1620908367871234
1.2984038347021574
0.8748872691571553
0.41506444552449423
0.1570555708039722
0.07305194399360915
0.07604993401689158
0.10804623481352238
0.14104531260255745
0.16503582333967767
0.18003095170055866
0.18602499780610737
0.18602081534474865
0.18101743858790473
0.17401400235319817
0.16501160849235433
0.1550090924350705
0.14400778331445863
0.14401009267712966
0.15401178972750157
0.16301350238787365
0.17101511757523621
0.17701655402835678
0.17801834678899528
0.1740193306545277
0.16102094429452246
0.13502038755488163
0.09402061725893353
0.03301869422265326
-0.04498450001970336
-0.12498814300962886
-0.16498805181250606
-0.06697277046962141
0.30505932137835423
0.9761613316433888
1.6381795141658861
1.8083530064470936
1.3544223965498812
0.7774509563504931
0.6984388893050654
1.025368717131435
1.2231924728334527
1.0733322477037963
0.734789136833143
0.43209426305075227
0.2530755658518116
0.18206231611356563
0.1700554976814142
0.18105040993416807
0.19604438029298346
0.20603891482309272
0.21103254581639175
0.21002704912274325
0.20402277675793276
0.19501922016652198
0.18501542912838606
0.17301288915412616
0.16200995933167261
0.15000821691921454
0.15101028639672867
0.16301183182512344
0.1750133357676296
0.18601517942782797
0.19601673461447114
0.2040178691917143
0.20801819012242756
0.20601973963006373
0.19701794364308178
0.18001838291929922
0.15501723560068267
0.129016523167243
0.12001831538144875
0.16702577071435565
0.32703649966060067
0.6517629139956375
1.1118818657515812
1.5212070201014078
1.6543124449781939
1.4553666779768213
1.1363892005874594
0.9443805138072167
0.8983347743065941
0.8502447656155454
0.7187200568090041
0.5460956172160507
0.39610823285379343
0.30408204483316986
0.262067160125443
0.24805944123390206
0.24805262925240967
0.24904722811180793
0.248041304034298
0.24303292069145985
0.23402922369018467
0.2230247054609661
0.21002068939816151
0.19601719138186455
0.18201376175788195
0.16901098335088421
0.15500944773889241
0.1590104286252495
0.17201247428799732
0.18701352878427657
0.20201462790474617
0.2160161004153348
0.230017534232867
0.2410170196200199
0.25101497493120023
0.25601732369951935
0.25901608070768756
0.25901496716157574
0.26501649143590966
0.28802066611279503
0.3510295464392476
0.479030527420127
0.6832007873644719
0.9370618862282877
1.1492212194478204
1.2292881097933637
1.153329279523116
0.9903485036923374
0.8373418091228584
0.7273090343015453
0.6382547800227695
0.5488807527933737
0.4651438769379697
0.39910530228745816
0.3550806607991526
0.3310676725117539
0.31706136685645603
0.30806029848540506
0.29904907083857035
0.28804175403620924
0.274037095951978
0.259031179642437
0.24202624367743197
0.2250219879212146
0.2080181485945457
0.19201433598311368
0.176011049933865
0.16100984885565017
0.16501179085809956
0.18101213705884853
0.19801321653280507
0.21601433766450948
0.23401570376186337
0.2530166024486147
0.27201733702834635
0.2900166373276122
0.3070129755127283
0.3230149267834563
0.3400165056661354
0.361016428593202
0.39402106822258876
0.4480301587324772
0.533029200430252
0.6458781685608892
0.7761374425488237
0.8772201001953153
0.9172690474261037
0.8853038996508923
0.8033203858698866
0.7083135800254878
0.6232824678445357
0.555233594972347
0.5021827813570322
0.4611320951914557
0.4300971332778748
0.40807672420391394
0.39106672868402736
0.37506519406453603
0.36005413491177357
0.3420450401873455
0.3230450690136874
0.3030386070381203
0.28103290947747134
0.2600275636015218
0.23902227659727016
0.21901879262550958
0.20001494098524197
0.1820127020438349
0.1660110106097763
0.17100966236242704
0.18801189698438137
0.20701416688341573
0.22701591774429394
0.24901564096565665
0.2720170815054472
0.2970156274328707
0.3210144296766424
0.34701547356075146
0.3710062181089575
0.3960015721736198
0.4240151625638917
0.45602067727661305
0.4950306715181617
0.5460299386061774
0.600265430545835
0.6611575266319346
0.703210975189086
0.7172536869185939
0.7002859474561512
0.6612997565106341
0.6122905035042404
0.5662567217605119
0.5360742196961923
0.49928570624726776
0.4841231400661584
0.4650890633422417
0.45607048974522735
0.43906063642250504
0.42105334835049346
0.40205537931599933
0.37705106424373136
0.3520460431154086
0.3260406300340638
0.30003396999705334
0.2750286601525415
0.25102285153464776
0.22801948919640758
0.20701697337592637
0.18801302061910652
0.1710106288807298
0.17501360827522217
0.1930138428857638
0.2140125906409793
0.2360139330508674
0.26101300604094796
0.2870159122412253
0.3150157877651314
0.34401578147903694
0.3740146910201729
0.4050130403436232
0.4340127066454412
0.46201315371611357
0.49002166593018387
0.5170300020028297
0.5420276882463456
0.5558675533336461
0.5841603578769635
0.5952057509225838
0.5942448878245895
0.5832756888338261
0.5622935347794132
0.5472781131562835
0.5332392278424856
0.5191944927832177
0.5123422898041559
0.5081187796383242
0.502086070316166
0.4920701714802938
0.4770625003399324
0.45605996342665567
0.4320544320722016
0.4040511110943834
0.37404686366723683
0.3440399024372788
0.3150330553849725
0.2860293459039065
0.2600226113144652
0.23501857684755031
0.2130127537929995
0.1920168818675573
0.17400816392062737
0.17798923018574656
0.1970142779808193
0.21800805310714974
0.24200195583533257
0.2670282673544609
0.2960170399155423
0.3260180370088908
0.3580165826344016
0.39001385423681845
0.42301475792331095
0.45401659079146195
0.48201676852385394
0.5070151425497563
0.5240315961232482
0.5360260167713481
0.5312416748926104
0.5401608193513117
0.536200662871128
0.5272404958709624
0.5202674843882495
0.5142798878745831
0.5102695030310982
0.5122393782604153
0.5161890509732273
0.5215213437333471
0.5251157606659502
0.5230845327736682
0.515070171822663
0.5000585670425981
0.47805880205503365
0.4510507179144352
0.42004919769550836
0.3880479623110117
0.3550457138567303
0.32402820786686326
0.29402096288454593
0.26502724194309535
0.2400164032049176
0.2160210745143107
0.19502541134948134
0.17600937457951546
0.17798920060186257
0.1979873069644657
0.21898511450718608
0.24298258896146058
0.2689798306793373
0.2979769456338158
0.32897417734087253
0.36097205017868234
0.3949712608503196
0.4279728802622994
0.45926973005388694
0.48729051320168654
0.5100085417370925
0.5254075383252625
0.5330718225199136
0.5331146667010707
0.52616153917161
0.5172063795851934
0.5072434201920685
0.4992692802633762
0.497277791684214
0.49895595279471744
0.5052434545420831
0.5152060472188492
0.5251616061398006
0.5311144804899555
0.5310717787746924
0.5230359001065608
0.5090085622483571
0.48598979729585057
0.4579784988780904
0.42632474306457147
0.39332195265255016
0.35997214719478826
0.32697428991134425
0.29597704605641045
0.26797991948283095
0.24198265007055553
0.21798516749407917
0.19598736671409125
0.1769892403997566
0.17798923018574656
0.1970142779808193
0.21800805310714974
0.24200195583533257
0.2670282673544609
0.2960170399155423
0.3260180370088908
0.3580165826344016
0.39001385423681845
0.42301475792331095
0.45401659079146195
0.48201676852385394
0.5070151425497563
0.5240315961232482
0.5360260167713481
0.5312416748926104
0.5401608193513117
0.536200662871128
0.5272404958709624
0.5202674843882495
0.5142798878745831
0.5102695030310982
0.5122393782604153
0.5161890509732273
0.5215213437333471
0.5251157606659502
0.5230845327736682
0.515070171822663
0.5000585670425981
0.47805880205503365
0.4510507179144352
0.42004919769550836
0.3880479623110117
0.3550457138567303
0.32402820786686326
0.29402096288454593
0.26502724194309535
0.2400164032049176
0.2160210745143107
0.19502541134948134
0.17600937457951546
0.17501360827522217
0.1930138428857638
0.2140125906409793
0.2360139330508674
0.26101300604094796
0.2870159122412253
0.3150157877651314
0.34401578147903694
0.3740146910201729
0.4050130403436232
0.4340127066454412
0.46201315371611357
0.49002166593018387
0.5170300020028297
0.5420276882463456
0.5558675533336461
0.5841603578769635
0.5952057509225838
0.5942448878245895
0.5832756888338261
0.5622935347794132
0.5472781131562835
0.5332392278424856
0.5191944927832177
0.5123422898041559
0.5081187796383242
0.502086070316166
0.4920701714802938
0.4770625003399324
0.45605996342665567
0.4320544320722016
0.4040511110943834
0.37404686366723683
0.3440399024372788
0.3150330553849725
0.2860293459039065
0.2600226113144652
0.23501857684755031
0.2130127537929995
0.1920168818675573
0.17400816392062737
0.17100966236242704
0.18801189698438137
0.20701416688341573
0.22701591774429394
0.24901564096565665
0.2720170815054472
0.2970156274328707
0.3210144296766424
0.34701547356075146
0.3710062181089575
0.3960015721736198
0.4240151625638917
0.45602067727661305
0.4950306715181617
0.5460299386061774
0.600265430545835
0.6611575266319346
0.703210975189086
0.7172536869185939
0.7002859474561512
0.6612997565106341
0.6122905035042404
0.5662567217605119
0.5360742196961923
0.49928570624726776
0.4841231400661584
0.4650890633422417
0.45607048974522735
0.43906063642250504
0.42105334835049346
0.40205537931599933
0.37705106424373136
0.3520460431154086
0.3260406300340638
0.30003396999705334
0.2750286601525415
0.25102285153464776
0.22801948919640758
0.20701697337592637
0.18801302061910652
0.1710106288807298
0.16501179085809956
0.18101213705884853
0.19801321653280507
0.21601433766450948
0.23401570376186337
0.2530166024486147
0.27201733702834635
0.2900166373276122
0.3070129755127283
0.3230149267834563
0.3400165056661354
0.361016428593202
0.39402106822258876
0.4480301587324772
0.533029200430252
0.6458781685608892
0.7761374425488237
0.8772201001953153
0.9172690474261037
0.8853038996508923
0.8033203858698866
0.7083135800254878
0.6232824678445357
0.555233594972347
0.5021827813570322
0.4611320951914557
0.4300971332778748
0.40807672420391394
0.39106672868402736
0.37506519406453603
0.36005413491177357
0.3420450401873455
0.3230450690136874
0.3030386070381203
0.28103290947747134
0.2600275636015218
0.23902227659727016
0.21901879262550958
0.20001494098524197
0.1820127020438349
0.1660110106097763
0.1590104286252495
0.17201247428799732
0.18701352878427657
0.20201462790474617
0.2160161004153348
0.230017534232867
0.2410170196200199
0.25101497493120023
0.25601732369951935
0.25901608070768756
0.25901496716157574
0.26501649143590966
0.28802066611279503
0.3510295464392476
0.479030527420127
0.6832007873644719
0.9370618862282877
1.1492212194478204
1.2292881097933637
1.153329279523116
0.9903485036923374
0.8373418091228584
0.7273090343015453
0.6382547800227695
0.5488807527933737
0.4651438769379697
0.39910530228745816
0.3550806607991526
0.3310676725117539
0.31706136685645603
0.30806029848540506
0.29904907083857035
0.28804175403620924
0.274037095951978
0.259031179642437
0.24202624367743197
0.2250219879212146
0.2080181485945457
0.19201433598311368
0.176011049933865
0.16100984885565017
0.15101028639672867
0.16301183182512344
0.1750133357676296
0.18601517942782797
0.19601673461447114
0.2040178691917143
0.20801819012242756
0.20601973963006373
0.19701794364308178
0.18001838291929922
0.15501723560068267
0.129016523167243
0.12001831538144875
0.16702577071435565
0.32703649966060067
0.6517629139956375
1.1118818657515812
1.5212070201014078
1.6543124449781939
1.4553666779768213
1.1363892005874594
0.9443805138072167
0.8983347743065941
0.8502447656155454
0.7187200568090041
0.5460956172160507
0.39610823285379343
0.30408204483316986
0.262067160125443
0.24805944123390206
0.24805262925240967
0.24904722811180793
0.248041304034298
0.24303292069145985
0.23402922369018467
0.2230247054609661
0.21002068939816151
0.19601719138186455
0.18201376175788195
0.16901098335088421
0.15500944773889241
0.14401009267712966
0.15401178972750157
0.16301350238787365
0.17101511757523621
0.17701655402835678
0.17801834678899528
0.1740193306545277
0.16102094429452246
0.13502038755488163
0.09402061725893353
0.03301869422265326
-0.04498450001970336
-0.12498814300962886
-0.16498805181250606
-0.06697277046962141
0.30505932137835423
0.9761613316433888
1.6381795141658861
1.8083530064470936
1.3544223965498812
0.7774509563504931
0.6984388893050654
1.025368717131435
1.2231924728334527
1.0733322477037963
0.734789136833143
0.43209426305075227
0.2530755658518116
0.18206231611356563
0.1700554976814142
0.18105040993416807
0.19604438029298346
0.20603891482309272
0.21103254581639175
0.21002704912274325
0.20402277675793276
0.19501922016652198
0.18501542912838606
0.17301288915412616
0.16200995933167261
0.15000821691921454
0.14001006767509486
0.14901143931090785
0.15701266667448494
0.1570149760200386
0.15901680013456979
0.155018656532857
0.14402110173923385
0.12002219600722845
0.07902588839708012
0.01202275158387857
-0.08897968348015058
-0.2369859657669035
-0.4409988265068521
-0.7000167437606024
-0.9740081613338549
-1.1079369312878975
-0.9289034482984998
-0.7208911057343351
-0.7965467248322251
-1.2514669412839001
-1.7604484512878333
-1.2094528730564893
0.16145050133302313
1.1620908367871234
1.2984038347021574
0.8748872691571553
0.41506444552449423
0.1570555708039722
0.07305194399360915
0.07604993401689158
0.10804623481352238
0.14104531260255745
0.16503582333967767
0.18003095170055866
0.18602499780610737
0.18602081534474865
0.18101743858790473
0.17401400235319817
0.16501160849235433
0.1550090924350705
0.14400778331445863
0.13400972240218073
0.14101107834439056
0.1470126962182315
0.15101454632820074
0.15101631814039818
0.14401834570289393
0.1290196780397599
0.10002197173476456
0.049020814107801715
-0.032977061484479014
-0.16398033817556815
-0.3729902577431359
-0.7160148026235627
-1.3230595094774729
-2.504048666479376
-4.7338026439997325
-8.35587905625404
-13.412965820064679
-15.700237218064428
-12.082229502049682
-9.81821872822032
-8.224262337327486
-6.009326069006342
-2.975855367926781
-0.52858680562394
0.12101826808937997
0.006993329676620706
-0.1029874819923636
-0.09896808012016074
-0.03896067930492335
0.02903917909077735
0.0850357098763407
0.12403027074601597
0.1490266044317583
0.16202172221275266
0.16701790633918173
0.16601488856842062
0.16201188676651399
0.15500963865818723
0.14600780385590384
0.13700642258606993
0.12900937409213553
0.13501080638445195
0.14001239638515683
0.1430141229335281
0.14101611643419867
0.13301827790781232
0.11502140037304816
0.08402287194642005
0.030028403781094268
-0.05797442317045518
-0.20097615146752493
-0.4389847345080256
-0.8660125481703917
-1.7430863453821244
-3.8701839557007713
-9.161958909702708
-20.82733462891027
-43.45734470207052
-52.40189795031587
-31.57068972364039
-22.275058837706236
-23.41206914416601
-28.437554792375604
-21.68941710884458
-8.752958712163275
-3.0790265367349563
-1.242108077620956
-0.6110442973516943
-0.32898771891269935
-0.15596781666610984
-0.03796477379362694
0.043032437156986306
0.09602899855665172
0.12802384239093872
0.14601975266267253
0.15501615338503866
0.15601340899183405
0.1540107114580574
0.1480087152871607
0.1410069303955109
0.13300571949115805
0.12100893480546604
0.12601049318841265
0.13001219939022787
0.13101423332178264
0.12901638603288104
0.12001904330507204
0.10202112998008808
0.07202466306854413
0.020024746144313717
-0.06096982213132565
-0.1919689139059344
-0.40597280489978815
-0.7839909418404335
-1.5590489130380711
-3.473163015829656
-8.472716995494068
-21.07238022175528
-50.00187000432726
-60.13531791132206
-32.840723358947464
-23.669895827135573
-34.47880080153085
-62.79730097023147
-53.78774826162679
-22.113812002624613
-8.194102331051202
-3.0003034937061717
-1.1910925508756989
-0.5369997737802985
-0.2409724519770148
-0.0779683019177165
0.021029074941664505
0.08102718983029474
0.11702017669829998
0.13701784873188044
0.14701440928282009
0.15001166980790565
0.14800966069134655
0.14300776683137525
0.13700618022534736
0.1290050386498749
0.11800852737402368
0.12400971698856433
0.12801148235060378
0.13001341686388887
0.12901557585009696
0.12301825918942022
0.11002151538571316
0.08702406859004083
0.05002985536609548
-0.006968970861400888
-0.09296578863111511
-0.22096393571835235
-0.41696623732765054
-0.750976567635076
-1.4389609811004367
-3.1224984290802085
-7.659686326805969
-17.65683594385537
-20.993770388181577
-12.964359540743011
-11.34906576591315
-22.246923541524378
-46.882664543670494
-42.75690016532648
-20.46975011266157
-8.71025891717314
-3.362423197764209
-1.3201204074778004
-0.5580105747222553
-0.22998050469173334
-0.06197482692219173
0.034023850510109394
0.0900190380545218
0.12301764925557727
0.14101436379497045
0.14901225239215027
0.15101009456894018
0.14800833635433117
0.14300682735487466
0.13700536613741085
0.12900448234982262
0.11800756693871475
0.12400879853719406
0.1290102575057307
0.13301194012186676
0.13501386036631632
0.13401633572380015
0.12901857789361915
0.11802152445742028
0.10102515924432788
0.07802844400305822
0.04103466433396493
0.012039951977868947
0.005046617382850836
0.06705869706473053
0.268096221235269
0.6142214870674149
0.7013785037897912
-0.05879345300426768
-0.2258100378019526
0.6260969097451143
0.05436330258002047
-3.7529750030888387
-10.592331821524526
-11.268238019282757
-7.231977271664396
-4.018903349590687
-1.91616441421933
-0.8520430770700669
-0.36999118643798556
-0.1349779718478757
-0.006976900955024526
0.06602086885346446
0.11001934053093158
0.13401519935122846
0.14701288885333272
0.15201034927312884
0.15100872691306877
0.1480069330950805
0.142005745723858
0.1350046387574059
0.12700388299644474
0.11800675223914021
0.1250078551137199
0.13100923170303688
0.13801065594653827
0.1430125244491959
0.1470146520330094
0.15001763009745425
0.1530193304487074
0.15602548284946588
0.164023714959896
0.1850302109881884
0.23803524166095708
0.361041950683922
0.6250528546336163
1.1300732858779297
1.9471091425827411
2.954148069352397
3.7971524477959915
4.272121243209589
4.370065275411375
4.210045024073785
3.629128675338586
2.361244793937243
1.1524780593890784
0.257482348428879
-0.2578290126659597
-0.31696325427327976
-0.19797359888957322
-0.07497123898883047
0.015027323099716185
0.07602391047433356
0.11502022612173615
0.1390156043027839
0.15201401787918836
0.15701136860862447
0.1570096734885307
0.1540079052784216
0.14900643874650066
0.14200533330198098
0.13400438397999814
0.12600360828924578
0.11900602865298175
0.12700704687578596
0.13500812635180218
0.1440095051920495
0.15301093600940968
0.16201289582585215
0.17401493339387802
0.18801660169171075
0.20902007262241387
0.24202380180901575
0.2980267528515343
0.39803120926388597
0.5740369842630975
0.8790449454790906
1.372055552522475
2.078068671125888
2.922080500142335
3.695086410187419
4.218080363497048
4.468063794958915
4.57106312493561
4.514099585827229
4.084143462288276
3.202165401018445
2.0891555111186726
1.136103908345706
0.5660597106064414
0.3060393617153257
0.20903034785980276
0.1810246634567893
0.17602029182322884
0.17701681615951875
0.17801443780398535
0.17601159688080462
0.17200969237687827
0.16700792845461057
0.1600064391902666
0.15200538031678706
0.14300451022254348
0.13500353544511884
0.12600291067001057
0.12000535158974679
0.12900619397665405
0.1390071529656968
0.15000836993227187
0.16300963090804538
0.17801103144697533
0.19601320330143934
0.22001576201276313
0.25401715634831495
0.30301980782262755
0.3790230226363677
0.49802614126173006
0.6840301804183176
0.9650352653011122
1.368041348091755
1.8900483693350556
2.482054135105172
3.0360567624460186
3.450054796730159
3.7070503866639255
3.826052325667093
3.7920637595778803
3.502078512167607
2.9230855152596322
2.160079323224479
1.4380625396759847
0.9110449988807917
0.586032922859732
0.40702534391018497
0.31302027375204283
0.2630164447120806
0.23401376531055632
0.21501120359353343
0.20000935372074502
0.18900786731681998
0.1770064445099925
0.16600527329528322
0.1560042912584785
0.14600354441244978
0.1360029363494829
0.1270022681052002
0.12200455595393597
0.13200536852701783
0.14300624268940196
0.15700710301112375
0.1720082194023872
0.19100938740777268
0.2140108846674311
0.24501250931790602
0.28701497134491866
0.3460162524639252
0.4300181980017465
0.5500207756264632
0.7220237796302756
0.9580270350919934
1.27003063617951
1.6470341717929273
2.051037079710433
2.432038652404359
2.740037768340744
2.938036923866396
3.020038266589598
2.9720417356901536
2.7580463372302377
2.3720479954057634
1.8830455521926523
1.3950390961762915
0.9960314437069231
0.7110246528117968
0.5220196128481962
0.4040158462215085
0.33001297746645
0.28101131812050945
0.24800882421433632
0.2230077048272354
0.20300612785678848
0.18700499242295684
0.1730041688349562
0.16000343523013122
0.1480028024014474
0.13700235996721688
0.12700178315113167
0.1230039054863057
0.13400457404325242
0.14700524129035344
0.16200599188550724
0.17900696659110357
0.20100825592636246
0.22800914477148596
0.2630102181512687
0.30901218322134105
0.37101284515187055
0.4520182371566649
0.5630230154871241
0.7150187303292845
0.9070207394578113
1.1440226464435674
1.4170243914558107
1.6990260817505147
1.9660266904484598
2.178026521410784
2.32002623787064
2.372026845334305
2.3250278061147407
2.1660295644775207
1.9070299310015861
1.590028551144384
1.261025338504795
0.9720215729219475
0.7430178075973171
0.5750145135964301
0.45601196211830164
0.37301005726992476
0.31500820302179394
0.27300673428749045
0.24100566145435814
0.2160047436066449
0.19600390177657573
0.17800330880056794
0.1630026921383587
0.15000225142339396
0.13800182337714842
0.12800143179320572
0.12400334476765136
0.13600387272428108
0.15000435038031656
0.16600496695617029
0.18500568090913824
0.2080065628986293
0.2370073106018239
0.2740081952500782
0.3210092210333783
0.3810102698471265
0.45901134843267166
0.5590126335670437
0.6840145788423548
0.8390152232855291
1.0200149929128692
1.219017296043423
1.4170179891403167
1.5940159404607106
1.7540185550617873
1.851018317415892
1.8830185742991492
1.8450189240034607
1.7310193560149894
1.554019319818978
1.3400184531596737
1.1150167721483315
0.9050146702950514
0.7270127224094035
0.5850107524096197
0.47700897336302134
0.3950096979389336
0.33500716021983734
0.28900504778908176
0.2540043533743932
0.22600348912128038
0.20200304520994744
0.1830024904983375
0.16700194155042547
0.15200168194312474
0.14000125534237629
0.12800103616247613
0.1250028489992751
0.13700324947582285
0.15200362931952757
0.16800419624022256
0.18800471738376348
0.21200529117753905
0.24200589819537713
0.27800657079048297
0.32400723892766287
0.3800081487269306
0.4500086922585287
0.5370095481680075
0.6420103963008148
0.7650120288788521
0.9030121553074635
1.051012376181919
1.1950129340500522
1.3290135514155892
1.4400148286774237
1.4980130399684013
1.5200134527160052
1.4880131601510442
1.4080131435599124
1.2870128639131906
1.1380123040788803
0.9780113378921219
0.8240098941668903
0.6860081027931422
0.5710074852040349
0.47600695144689525
0.40200540528207485
0.34400447721925825
0.29700380798989107
0.2610031600610091
0.23100264618524088
0.20600218675486776
0.18600175999964325
0.16900138639239148
0.15300120078930476
0.1400008957740362
0.12900059114031864
