0.08600072567973015
0.10300068483852026
0.1060014470724942
0.12199998699568274
0.1399999318479192
0.15600064651705062
0.17300012393001155
0.21299910886296824
0.2549989747973329
0.28200099615356555
0.31600350997176874
0.3940019833835978
0.4480033952392669
0.49200543741456776
0.5770039510632479
0.6320059933120725
0.6990063816784273
0.7790071980700699
0.8260076342311463
0.8530062477132107
0.8790050489985017
0.8620036955008534
0.8390043719739821
0.7880049730776338
0.7110046787055055
0.6460035040481559
0.5650027865167059
0.5100001587259914
0.4439987658602895
0.38799853094233144
0.33699806158652584
0.27600025006639867
0.25699830850803185
0.22599927158731944
0.18900010289802252
0.1699992317789508
0.16299889507285992
0.14499867037357544
0.1339974723620783
0.12299792441421543
0.10999923433021758
0.08499994098820363
0.09900170108354762
0.10700161417522994
0.11000224451140492
0.12800128776282801
0.13400278918678293
0.17500250286561828
0.2130008616234551
0.24400114389045408
0.3070015165175106
0.34700521069645895
0.4100043210807476
0.4820063822628508
0.5600060371705337
0.6630049839871749
0.7520073768448529
0.8390071917432538
0.93200657343851
0.9760110380946652
1.0300092358313804
1.0420090255185173
1.0420084699605083
0.9960090550549107
0.9280072775176262
0.8550071230209463
0.7440053034282845
0.6500038226780309
0.5760001938185975
0.4860004319458476
0.40599868473998063
0.3530002309443686
0.30699950186416275
0.25699977746925634
0.22499851687702657
0.19499981504410424
0.16900017026321276
0.15300051321686353
0.14099844158622896
0.13499754006647377
0.12999592136764013
0.11699740598258275
0.08899967264526733
0.08700134630639386
0.09500267022730538
0.11200281257037314
0.12400353397170157
0.150002699549091
0.1800022020699654
0.20300438761436732
0.2540031409578782
0.2920048501469483
0.37100433260042726
0.41200997117386945
0.5140072120830917
0.6040098150482665
0.7310095160710474
0.8670110276058527
0.9940123976082827
1.0960137331576092
1.210013841852285
1.255015072186918
1.2710142520666887
1.2690135142733567
1.2060137947578646
1.1370109774398278
1.0190106895933024
0.8730082670507214
0.7450059362046032
0.6230029146308611
0.5290002655022826
0.4260005014492909
0.3600008931078762
0.3219999079595332
0.2729989024669725
0.22500001165131062
0.22399573944740728
0.17699967767551772
0.15999952733679876
0.14300036745670203
0.12000034058968025
0.12399638519207153
0.1119975367326981
0.07800220095228955
0.08700327472837688
0.0880051250946876
0.10800358462447704
0.1330029647588607
0.1440035701606486
0.1850024794432644
0.20300336084689236
0.2510039454996133
0.29000507895124616
0.38200486845820647
0.4600048550191143
0.5510078074237971
0.6720082718580485
0.8410123097906149
1.0060147421216663
1.1790177821056533
1.3340202047278258
1.4820210561152947
1.5910196194853137
1.5930222660047035
1.6140195326144702
1.5430198415078606
1.4100201675938182
1.2260176177782536
1.038013397121906
0.8290096090105061
0.6690054085290178
0.5340022251044704
0.45000107187084093
0.3740006056682335
0.32699920137816674
0.28099924169069174
0.2579966123338982
0.2189967252290663
0.1889961530111276
0.1539987550065997
0.13599964468942471
0.10700230545575581
0.1130007971279824
0.09300055451412684
0.07100604239428326
0.08900502653304787
0.10100323748262936
0.1190027548753723
0.14200181886695498
0.14100420712740985
0.17300482218930813
0.1950054567914808
0.2410051901962767
0.2990054031268712
0.35300804471153885
0.4600081696912573
0.5680099317874171
0.736011500180115
0.931015999027207
1.1890190645935423
1.4420248948532415
1.6670295980390968
1.8870298050122727
1.9930317935503814
2.05203322733402
2.056032359268652
1.9650356311349926
1.7860356977697087
1.5380309698051668
1.1920246323303607
0.9020155494625387
0.7030081938556823
0.5500035803440457
0.45500142767392293
0.3600013208190559
0.3179996069624347
0.26800026990040415
0.24300006553272313
0.22899736616414304
0.16899817795418276
0.14899840034135847
0.13499901295499805
0.12199886125249818
0.10700053739065442
0.10999695304881783
0.08300423422733273
0.09700526938332064
0.10800254668216089
0.11100568146197877
0.13300391529943514
0.1440039697532477
0.15900521478895846
0.19500429877607756
0.2200064358800297
0.28100681353645784
0.34300765028771224
0.4180100230552528
0.5580124903972847
0.7620166924626651
1.0240222112641806
1.3800289487236947
1.7530362827818975
2.1200430238604757
2.3980483145905365
2.58604884518088
2.661049162705064
2.6300576395371187
2.4860700073093547
2.2250764470667677
1.7750738209711139
1.2900461075998428
0.8850223357590071
0.6400109306351408
0.5110048294444357
0.41000292911414893
0.3340012754556802
0.2809998212333408
0.25400039318450585
0.21900044151721784
0.2049980163982513
0.15600235753363068
0.14599985507902008
0.14699652046225845
0.12899661462131987
0.10599924866704553
0.12099643496974061
0.09600114571001607
0.09300521834820412
0.12300165844214195
0.1250031875915987
0.13500266478882814
0.13500561907658828
0.1480070151015303
0.1760048787664971
0.1960100224739286
0.24300721320827412
0.2960090811647271
0.38700937757241577
0.4920141985175737
0.701019145833514
1.0580280515912348
1.552046974848675
2.0620699079833185
2.52107994488426
2.97107650766809
3.2330695929514834
3.2770651914976194
3.0160898567518712
2.526141889055513
1.9782713992799463
1.3402900296690567
0.8091030601332402
0.5930081552338758
0.47700040538412264
0.4040027516712586
0.3420036320348274
0.31200115611936624
0.25000293059885725
0.22799960351176293
0.184002540489179
0.17500065515592655
0.15800054957710527
0.1449991287999252
0.13699583726435882
0.11299877414690737
0.11499475009743515
0.10699808929096107
0.10000343123980039
0.09600472072034938
0.11100244244584204
0.11800359156742199
0.1370010952183108
0.15000287538386411
0.1400072318555209
0.15600807084631513
0.1710099257048316
0.2030086610837627
0.21101048444723378
0.26501273571599204
0.33801632725452196
0.5100194681891991
0.7700408612673827
1.1631139281495624
1.5452074687865023
1.665119728665732
2.143135497607381
2.967137223650684
2.9060774836894696
1.022369811241306
-2.699968540476656
-4.03882491240814
-2.757532808820652
-1.339836478463281
-0.28710734489955697
0.16095446280725728
0.26898658584266066
0.28399590036862205
0.2509999717495381
0.23899863649457576
0.21499962018585414
0.19299874332012687
0.14900232946097797
0.1629975909469951
0.1439979854837908
0.11699901262936742
0.10299738019546151
0.09999677675502328
0.08699642960016438
0.07900779442200466
0.07500641110877752
0.10700360407424597
0.11400030897820486
0.1290024051955988
0.13200378288955703
0.1310051628043491
0.13400629946303477
0.12301020954807705
0.14000726428336596
0.13600838530714027
0.13600976674129628
0.12800560276136072
0.10099657803500883
-0.07998915913619145
-0.7076505657681317
-2.647423403653786
-7.2822187521762745
-8.220107922312318
-2.967324357150094
-1.7999652848557752
-8.930178110613005
-26.92268931735562
-26.582481072964733
-12.232942747079496
-4.683866275531013
-1.280243604263986
-0.1460920183320706
0.14597452311335252
0.20599236228372209
0.23099552267998819
0.21099871126461675
0.18999691652331094
0.17399958169038174
0.1460013618832934
0.13000148123454539
0.13399657832470727
0.10700090778502162
0.09099983198600889
0.1019942314036767
0.08499465801810663
0.0720115933160805
0.08000648358462945
0.08700462897138214
0.08200607309917265
0.10200472986941872
0.10600669236131637
0.10100736144699249
0.08300861779960657
0.08400672563208418
0.08300868698068203
0.06400612702631782
0.03300117358351377
-0.10401120762354148
-0.4180505166838027
-1.436109858811736
-4.493676197728611
-12.5521557880508
-32.161601417780616
-38.06252045181714
-16.47172180085229
-9.335875076581987
-17.895126807693117
-39.448233624177114
-33.00699152986082
-12.906976207483671
-4.459947174588223
-1.2371527819961716
-0.22306877787353918
0.061980586542968556
0.12399731405407506
0.15700045858339937
0.16800078975434668
0.15600281906566305
0.15799919600406068
0.13799867188642811
0.11700242942313643
0.12699505850454537
0.10700259824381814
0.10199886480082579
0.08999484549668935
0.07099654509657755
0.07401069385301101
0.0910046374352662
0.09900303106756456
0.09300431858512903
0.12499869415257928
0.10400280931260052
0.10500307037057072
0.10400433960343439
0.08700640922774357
0.05900462221881316
0.031998572945445794
-0.05200683238545741
-0.2100270358633624
-0.62107742843385
-1.9091175006393104
-5.414835832806365
-12.835087518460627
-25.855040802937083
-29.220917281153454
-15.83802584189158
-10.058302958321418
-11.146296668592317
-13.509892713332233
-9.489842732264059
-4.03498098080038
-1.5059903396263512
-0.45305375679452375
-0.08904014271379486
0.048983500973535606
0.09099380506505639
0.11699942957613434
0.13699861532565594
0.13499993071446104
0.11700537025618162
0.12000313606770165
0.11899813139956779
0.1020006290402055
0.08500705970306567
0.0730057107901181
0.0720014526936331
0.07599925417252926
0.06801032121704396
0.08100632258213165
0.07500760493275963
0.08899940883708203
0.10500012156046018
0.10400181759707064
0.10100197925416601
0.07200448437254674
0.055002748984002196
0.02100095727357429
-0.02000447782247811
-0.08901366476371124
-0.24003060704863483
-0.5540583212531903
-1.3160342595846184
-2.790830333516412
-4.780916460219036
-6.5207305774554545
-6.776603384433181
-5.750526179072289
-4.999519512874128
-4.314548564901503
-3.14566238324214
-1.7869435983902626
-0.8061120198972894
-0.31399103151869895
-0.13901363513942339
-0.06901493284015861
-0.02200645041651506
0.03199705924565052
0.071999374452118
0.10000053569915468
0.11700171436449455
0.12500199807729082
0.10800812682174048
0.10900343607968926
0.09700257410744106
0.08501085282042337
0.0730033804963629
0.07000569967210915
0.06300041078308266
0.07400957342596177
0.07200584482718973
0.07400470473297789
0.06800486503291076
0.0770026121473633
0.06900421244758985
0.06600689765594725
0.05300468927378497
0.04300023590454703
-0.0020007990274335335
-0.05100697040774605
-0.12301457181187549
-0.24202395002693133
-0.44603172352569886
-0.6650219182226842
-0.9809704031125058
-1.1729519858782822
-1.300962405467247
-1.6298349292731857
-2.1337612857020583
-2.423723590960143
-2.122736433522389
-1.4288165132805184
-0.8769546866372613
-0.5273512553680357
-0.31500356315626105
-0.21698378964997292
-0.1289965458068526
-0.0819979814818356
0.0020016137716767054
0.06499547413318862
0.07600503299418092
0.09200264199909042
0.11799384208198552
0.10500680512325618
0.1079979339825316
0.10500302069903532
0.09500435952847053
0.07501040105279778
0.07000688072925244
0.0650096661807248
0.06500645011061948
0.06800669406148144
0.07799621607901668
0.06000923132863947
0.06800608160927857
0.05800883224429114
0.0600069802845457
0.05299982257454205
0.03399771184674333
-0.00500525804976721
-0.06301002131495277
-0.1090153654413951
-0.2120208156748777
-0.307022217058242
-0.3950152854198839
-0.4479993928409816
-0.49940890417294653
-0.6609608745558895
-0.9768973159886128
-1.3888507881999559
-1.664821962584714
-1.5798280476707625
-1.2738670978787767
-0.9359298438557725
-0.7060450707339901
-0.5099089241875878
-0.36995971023440194
-0.23998807894869084
-0.13699463241179297
-0.027003839234997513
0.007003049026599207
0.04599914139594907
0.09399605952652323
0.09300265119234992
0.10099993160759348
0.1030001411722945
0.10100088040733148
0.10199737763710304
0.08600055606864723
0.06500831726406037
0.08799931484844116
0.06801078576018414
0.06600712467460623
0.06800205314824873
0.059007480872699795
0.07100414963931954
0.07699788132746616
0.05700234167552433
0.051995735250281575
0.020997568546772406
-0.0170061394773029
-0.060012155625018854
-0.13101470438423785
-0.19901923570026944
-0.26202229708918995
-0.34702216355447413
-0.3912005460250994
-0.5120907698789591
-0.6889560425172511
-0.9349161133496389
-1.209887986595137
-1.3688712385266661
-1.3688739211895653
-1.2398928681211838
-1.0259239933361248
-0.8328703345272408
-0.6148983956925906
-0.4449648083002036
-0.29398569101489574
-0.17499354501505823
-0.08599832066514111
-0.03499418779920738
0.03299800181463064
0.057004875362709
0.07500597599166074
0.09200333933841312
0.0969937948927193
0.08999851048811332
0.0840104236167472
0.07201053636099496
0.09498715078906134
0.07200095531238516
0.06600389723861146
0.0730067127053334
0.07999970864313982
0.07401328178891685
0.06700896261296413
0.07998785549329634
0.05000510688131512
0.04899727805391853
0.00999469733447555
-0.012011107961627729
-0.054017246769659195
-0.12201889794793513
-0.20302209331586124
-0.27302250317695964
-0.3650300310969639
-0.4734699975256242
-0.5840170298773892
-0.7579509519964975
-0.9539256369503244
-1.1169071406222892
-1.2598960329230031
-1.248898940995241
-1.1699103198325465
-1.0019320027447598
-0.8356801089422234
-0.6589487668468458
-0.4899772973617286
-0.3119925662584062
-0.21499480967031365
-0.1039994229905941
-0.04099729264238642
0.013000034115320394
0.05699388233684769
0.07799470001251962
0.08900130246130261
0.08499937545838548
0.09600276654714987
0.09100035884906615
0.07401033032793589
0.09099379560682543
0.07998020899521345
0.06399039041386947
0.08099031752630034
0.08301831061767295
0.07001707534063839
0.06700673654780749
0.07798532454050258
0.06598815901787176
0.04099575276810446
0.006991154258463877
-0.02500983687372626
-0.06201699245868203
-0.13201808821082164
-0.19602383465824819
-0.30002464156940634
-0.38803264161412676
-0.5126758257336679
-0.649982685833052
-0.7979500976987118
-0.9759310422555584
-1.0649194048131991
-1.166911527693425
-1.1859123358326658
-1.0819251794104139
-0.9689400214621041
-0.8239293731873548
-0.6579735356060259
-0.4829856995013002
-0.36398331062753636
-0.24098643695076916
-0.12898742588368445
-0.051006957389375086
-0.0010052920710614058
0.023002130251593873
0.05800851665662367
0.06801746900104294
0.0890014388937398
0.08898247630545196
0.08598336341406755
0.07400215458108203
0.07802142391229287
0.06600193660273007
0.07297032060408427
0.08098719191060216
0.08101263219836871
0.07500398376754336
0.06700430142936167
0.07698019638149756
0.05597785221283529
0.0319889944712009
0.016982993662263034
-0.025024129268465416
-0.06402732180081602
-0.13602577206895167
-0.2200265316130811
-0.31602524915722924
-0.43802552137280754
-0.5669576639790437
-0.6969733610622121
-0.8419533104155594
-0.9459393939859836
-1.0669249761666837
-1.101920775712471
-1.089924510378362
-1.0279339909789469
-0.9329130475837181
-0.7945134809578834
-0.643981263919284
-0.49798928782106927
-0.35199483049867897
-0.2360017681347927
-0.14600164752602987
-0.08597383745991376
-0.012987125568911816
0.033993835728016404
0.05298788364005537
0.057005735426619165
0.0660421415429374
0.06902118194933235
0.08694829716454551
0.08596600942320148
0.07498326137581476
0.07297482809782173
0.065986796459239
0.07295983583220494
0.06903521208230351
0.06902631656224609
0.06504776262367445
0.04705241562815376
0.0469980463700623
0.026957981383455922
-1.2665956583324277e-05
-0.04398882290276677
-0.09101798696102711
-0.15601958590668147
-0.25001559524550904
-0.32604752940183734
-0.47501702826094144
-0.5912171875380362
-0.7159721095805365
-0.8619551007654807
-0.9389443852066525
-1.0479301600836015
-1.0759243372302736
-1.040930178084096
-0.9749445373982636
-0.8969354174330372
-0.7661840656235382
-0.6329850128850375
-0.4639970693658326
-0.35898835749764635
-0.23500100447737754
-0.14101839347987682
-0.06899265179554484
-0.020029157519739733
0.03395735593888908
0.04601243173849841
0.05593218181662061
0.05803036628496936
0.0710559126836472
0.06899770395495335
0.07107223814709805
0.0769913459933905
0.07193632676272932
0.07692954433516397
0.06982969399539944
0.05912699064962136
0.0689489038650427
0.06792075961249124
0.07390243813227686
0.04597974774714957
0.0279679052558174
-0.011946996086081043
-0.028202240033759263
-0.08306697011340518
-0.15804231235159907
-0.24208428808475116
-0.3679866810645137
-0.49191162959225804
-0.6128599419126907
-0.7509693183153113
-0.8519611483489848
-0.9629423865961495
-1.0369326635906604
-1.0729277067015413
-1.037929944741711
-0.9639413611990176
-0.866931447271837
-0.7469695321441673
-0.6099872317624447
-0.4909800693002358
-0.36596496962959085
-0.24601328832444563
-0.15098252248974223
-0.08799625889871623
-0.03005682241594021
0.018853119271065973
0.03803800402458632
0.05295277067003945
0.07295290237257673
0.07011112725304477
0.0768019024991645
0.07789975751594116
0.07208620608762953
0.058434941151359714
0.06409034807889276
0.07480234999155122
0.08416781295355062
0.08586286382240524
0.07727403401557068
0.07240932847832335
0.055957566856946805
0.04069450506824423
0.027330322233105407
-0.0209546770965874
-0.07761142343042818
-0.15283093296272657
-0.24031906107098322
-0.3476421781150775
-0.46434588142954836
-0.5922673686004065
-0.7436735224031187
-0.8709502177444517
-0.9515896016728486
-1.0272156262429932
-1.0413932320688057
-1.020934213447655
-0.9579159195558276
-0.8594772579909938
-0.7245927093435689
-0.6219839514077335
-0.49049882068738176
-0.36768344507917655
-0.2778083942959768
-0.18455076557850006
-0.10490448811494159
-0.030435026634358958
-0.0008301673247789206
0.037721182127387724
0.04143683792665802
0.06927041914938396
0.07230617985013922
0.0679874432417249
0.06865570640210174
0.06832277574234655
0.06896536330049174
0.07692954433516397
0.06982969399539944
0.05912699064962136
0.0689489038650427
0.06792075961249124
0.07390243813227686
0.04597974774714957
0.0279679052558174
-0.011946996086081043
-0.028202240033759263
-0.08306697011340518
-0.15804231235159907
-0.24208428808475116
-0.3679866810645137
-0.49191162959225804
-0.6128599419126907
-0.7509693183153113
-0.8519611483489848
-0.9629423865961495
-1.0369326635906604
-1.0729277067015413
-1.037929944741711
-0.9639413611990176
-0.866931447271837
-0.7469695321441673
-0.6099872317624447
-0.4909800693002358
-0.36596496962959085
-0.24601328832444563
-0.15098252248974223
-0.08799625889871623
-0.03005682241594021
0.018853119271065973
0.03803800402458632
0.05295277067003945
0.07295290237257673
0.07011112725304477
0.0768019024991645
0.07789975751594116
0.07208620608762953
0.058434941151359714
0.065986796459239
0.07295983583220494
0.06903521208230351
0.06902631656224609
0.06504776262367445
0.04705241562815376
0.0469980463700623
0.026957981383455922
-1.2665956583324277e-05
-0.04398882290276677
-0.09101798696102711
-0.15601958590668147
-0.25001559524550904
-0.32604752940183734
-0.47501702826094144
-0.5912171875380362
-0.7159721095805365
-0.8619551007654807
-0.9389443852066525
-1.0479301600836015
-1.0759243372302736
-1.040930178084096
-0.9749445373982636
-0.8969354174330372
-0.7661840656235382
-0.6329850128850375
-0.4639970693658326
-0.35898835749764635
-0.23500100447737754
-0.14101839347987682
-0.06899265179554484
-0.020029157519739733
0.03395735593888908
0.04601243173849841
0.05593218181662061
0.05803036628496936
0.0710559126836472
0.06899770395495335
0.07107223814709805
0.0769913459933905
0.07193632676272932
0.07297032060408427
0.08098719191060216
0.08101263219836871
0.07500398376754336
0.06700430142936167
0.07698019638149756
0.05597785221283529
0.0319889944712009
0.016982993662263034
-0.025024129268465416
-0.06402732180081602
-0.13602577206895167
-0.2200265316130811
-0.31602524915722924
-0.43802552137280754
-0.5669576639790437
-0.6969733610622121
-0.8419533104155594
-0.9459393939859836
-1.0669249761666837
-1.101920775712471
-1.089924510378362
-1.0279339909789469
-0.9329130475837181
-0.7945134809578834
-0.643981263919284
-0.49798928782106927
-0.35199483049867897
-0.2360017681347927
-0.14600164752602987
-0.08597383745991376
-0.012987125568911816
0.033993835728016404
0.05298788364005537
0.057005735426619165
0.0660421415429374
0.06902118194933235
0.08694829716454551
0.08596600942320148
0.07498326137581476
0.07297482809782173
0.06399039041386947
0.08099031752630034
0.08301831061767295
0.07001707534063839
0.06700673654780749
0.07798532454050258
0.06598815901787176
0.04099575276810446
0.006991154258463877
-0.02500983687372626
-0.06201699245868203
-0.13201808821082164
-0.19602383465824819
-0.30002464156940634
-0.38803264161412676
-0.5126758257336679
-0.649982685833052
-0.7979500976987118
-0.9759310422555584
-1.0649194048131991
-1.166911527693425
-1.1859123358326658
-1.0819251794104139
-0.9689400214621041
-0.8239293731873548
-0.6579735356060259
-0.4829856995013002
-0.36398331062753636
-0.24098643695076916
-0.12898742588368445
-0.051006957389375086
-0.0010052920710614058
0.023002130251593873
0.05800851665662367
0.06801746900104294
0.0890014388937398
0.08898247630545196
0.08598336341406755
0.07400215458108203
0.07802142391229287
0.06600193660273007
0.06600389723861146
0.0730067127053334
0.07999970864313982
0.07401328178891685
0.06700896261296413
0.07998785549329634
0.05000510688131512
0.04899727805391853
0.00999469733447555
-0.012011107961627729
-0.054017246769659195
-0.12201889794793513
-0.20302209331586124
-0.27302250317695964
-0.3650300310969639
-0.4734699975256242
-0.5840170298773892
-0.7579509519964975
-0.9539256369503244
-1.1169071406222892
-1.2598960329230031
-1.248898940995241
-1.1699103198325465
-1.0019320027447598
-0.8356801089422234
-0.6589487668468458
-0.4899772973617286
-0.3119925662584062
-0.21499480967031365
-0.1039994229905941
-0.04099729264238642
0.013000034115320394
0.05699388233684769
0.07799470001251962
0.08900130246130261
0.08499937545838548
0.09600276654714987
0.09100035884906615
0.07401033032793589
0.09099379560682543
0.07998020899521345
0.06801078576018414
0.06600712467460623
0.06800205314824873
0.059007480872699795
0.07100414963931954
0.07699788132746616
0.05700234167552433
0.051995735250281575
0.020997568546772406
-0.0170061394773029
-0.060012155625018854
-0.13101470438423785
-0.19901923570026944
-0.26202229708918995
-0.34702216355447413
-0.3912005460250994
-0.5120907698789591
-0.6889560425172511
-0.9349161133496389
-1.209887986595137
-1.3688712385266661
-1.3688739211895653
-1.2398928681211838
-1.0259239933361248
-0.8328703345272408
-0.6148983956925906
-0.4449648083002036
-0.29398569101489574
-0.17499354501505823
-0.08599832066514111
-0.03499418779920738
0.03299800181463064
0.057004875362709
0.07500597599166074
0.09200333933841312
0.0969937948927193
0.08999851048811332
0.0840104236167472
0.07201053636099496
0.09498715078906134
0.07200095531238516
0.06500645011061948
0.06800669406148144
0.07799621607901668
0.06000923132863947
0.06800608160927857
0.05800883224429114
0.0600069802845457
0.05299982257454205
0.03399771184674333
-0.00500525804976721
-0.06301002131495277
-0.1090153654413951
-0.2120208156748777
-0.307022217058242
-0.3950152854198839
-0.4479993928409816
-0.49940890417294653
-0.6609608745558895
-0.9768973159886128
-1.3888507881999559
-1.664821962584714
-1.5798280476707625
-1.2738670978787767
-0.9359298438557725
-0.7060450707339901
-0.5099089241875878
-0.36995971023440194
-0.23998807894869084
-0.13699463241179297
-0.027003839234997513
0.007003049026599207
0.04599914139594907
0.09399605952652323
0.09300265119234992
0.10099993160759348
0.1030001411722945
0.10100088040733148
0.10199737763710304
0.08600055606864723
0.06500831726406037
0.08799931484844116
0.07400957342596177
0.07200584482718973
0.07400470473297789
0.06800486503291076
0.0770026121473633
0.06900421244758985
0.06600689765594725
0.05300468927378497
0.04300023590454703
-0.0020007990274335335
-0.05100697040774605
-0.12301457181187549
-0.24202395002693133
-0.44603172352569886
-0.6650219182226842
-0.9809704031125058
-1.1729519858782822
-1.300962405467247
-1.6298349292731857
-2.1337612857020583
-2.423723590960143
-2.122736433522389
-1.4288165132805184
-0.8769546866372613
-0.5273512553680357
-0.31500356315626105
-0.21698378964997292
-0.1289965458068526
-0.0819979814818356
0.0020016137716767054
0.06499547413318862
0.07600503299418092
0.09200264199909042
0.11799384208198552
0.10500680512325618
0.1079979339825316
0.10500302069903532
0.09500435952847053
0.07501040105279778
0.07000688072925244
0.0650096661807248
0.06801032121704396
0.08100632258213165
0.07500760493275963
0.08899940883708203
0.10500012156046018
0.10400181759707064
0.10100197925416601
0.07200448437254674
0.055002748984002196
0.02100095727357429
-0.02000447782247811
-0.08901366476371124
-0.24003060704863483
-0.5540583212531903
-1.3160342595846184
-2.790830333516412
-4.780916460219036
-6.5207305774554545
-6.776603384433181
-5.750526179072289
-4.999519512874128
-4.314548564901503
-3.14566238324214
-1.7869435983902626
-0.8061120198972894
-0.31399103151869895
-0.13901363513942339
-0.06901493284015861
-0.02200645041651506
0.03199705924565052
0.071999374452118
0.10000053569915468
0.11700171436449455
0.12500199807729082
0.10800812682174048
0.10900343607968926
0.09700257410744106
0.08501085282042337
0.0730033804963629
0.07000569967210915
0.06300041078308266
0.07401069385301101
0.0910046374352662
0.09900303106756456
0.09300431858512903
0.12499869415257928
0.10400280931260052
0.10500307037057072
0.10400433960343439
0.08700640922774357
0.05900462221881316
0.031998572945445794
-0.05200683238545741
-0.2100270358633624
-0.62107742843385
-1.9091175006393104
-5.414835832806365
-12.835087518460627
-25.855040802937083
-29.220917281153454
-15.83802584189158
-10.058302958321418
-11.146296668592317
-13.509892713332233
-9.489842732264059
-4.03498098080038
-1.5059903396263512
-0.45305375679452375
-0.08904014271379486
0.048983500973535606
0.09099380506505639
0.11699942957613434
0.13699861532565594
0.13499993071446104
0.11700537025618162
0.12000313606770165
0.11899813139956779
0.1020006290402055
0.08500705970306567
0.0730057107901181
0.0720014526936331
0.07599925417252926
0.0720115933160805
0.08000648358462945
0.08700462897138214
0.08200607309917265
0.10200472986941872
0.10600669236131637
0.10100736144699249
0.08300861779960657
0.08400672563208418
0.08300868698068203
0.06400612702631782
0.03300117358351377
-0.10401120762354148
-0.4180505166838027
-1.436109858811736
-4.493676197728611
-12.5521557880508
-32.161601417780616
-38.06252045181714
-16.47172180085229
-9.335875076581987
-17.895126807693117
-39.448233624177114
-33.00699152986082
-12.906976207483671
-4.459947174588223
-1.2371527819961716
-0.22306877787353918
0.061980586542968556
0.12399731405407506
0.15700045858339937
0.16800078975434668
0.15600281906566305
0.15799919600406068
0.13799867188642811
0.11700242942313643
0.12699505850454537
0.10700259824381814
0.10199886480082579
0.08999484549668935
0.07099654509657755
0.07900779442200466
0.07500641110877752
0.10700360407424597
0.11400030897820486
0.1290024051955988
0.13200378288955703
0.1310051628043491
0.13400629946303477
0.12301020954807705
0.14000726428336596
0.13600838530714027
0.13600976674129628
0.12800560276136072
0.10099657803500883
-0.07998915913619145
-0.7076505657681317
-2.647423403653786
-7.2822187521762745
-8.220107922312318
-2.967324357150094
-1.7999652848557752
-8.930178110613005
-26.92268931735562
-26.582481072964733
-12.232942747079496
-4.683866275531013
-1.280243604263986
-0.1460920183320706
0.14597452311335252
0.20599236228372209
0.23099552267998819
0.21099871126461675
0.18999691652331094
0.17399958169038174
0.1460013618832934
0.13000148123454539
0.13399657832470727
0.10700090778502162
0.09099983198600889
0.1019942314036767
0.08499465801810663
0.10000343123980039
0.09600472072034938
0.11100244244584204
0.11800359156742199
0.1370010952183108
0.15000287538386411
0.1400072318555209
0.15600807084631513
0.1710099257048316
0.2030086610837627
0.21101048444723378
0.26501273571599204
0.33801632725452196
0.5100194681891991
0.7700408612673827
1.1631139281495624
1.5452074687865023
1.665119728665732
2.143135497607381
2.967137223650684
2.9060774836894696
1.022369811241306
-2.699968540476656
-4.03882491240814
-2.757532808820652
-1.339836478463281
-0.28710734489955697
0.16095446280725728
0.26898658584266066
0.28399590036862205
0.2509999717495381
0.23899863649457576
0.21499962018585414
0.19299874332012687
0.14900232946097797
0.1629975909469951
0.1439979854837908
0.11699901262936742
0.10299738019546151
0.09999677675502328
0.08699642960016438
0.09600114571001607
0.09300521834820412
0.12300165844214195
0.1250031875915987
0.13500266478882814
0.13500561907658828
0.1480070151015303
0.1760048787664971
0.1960100224739286
0.24300721320827412
0.2960090811647271
0.38700937757241577
0.4920141985175737
0.701019145833514
1.0580280515912348
1.552046974848675
2.0620699079833185
2.52107994488426
2.97107650766809
3.2330695929514834
3.2770651914976194
3.0160898567518712
2.526141889055513
1.9782713992799463
1.3402900296690567
0.8091030601332402
0.5930081552338758
0.47700040538412264
0.4040027516712586
0.3420036320348274
0.31200115611936624
0.25000293059885725
0.22799960351176293
0.184002540489179
0.17500065515592655
0.15800054957710527
0.1449991287999252
0.13699583726435882
0.11299877414690737
0.11499475009743515
0.10699808929096107
0.08300423422733273
0.09700526938332064
0.10800254668216089
0.11100568146197877
0.13300391529943514
0.1440039697532477
0.15900521478895846
0.19500429877607756
0.2200064358800297
0.28100681353645784
0.34300765028771224
0.4180100230552528
0.5580124903972847
0.7620166924626651
1.0240222112641806
1.3800289487236947
1.7530362827818975
2.1200430238604757
2.3980483145905365
2.58604884518088
2.661049162705064
2.6300576395371187
2.4860700073093547
2.2250764470667677
1.7750738209711139
1.2900461075998428
0.8850223357590071
0.6400109306351408
0.5110048294444357
0.41000292911414893
0.3340012754556802
0.2809998212333408
0.25400039318450585
0.21900044151721784
0.2049980163982513
0.15600235753363068
0.14599985507902008
0.14699652046225845
0.12899661462131987
0.10599924866704553
0.12099643496974061
0.07100604239428326
0.08900502653304787
0.10100323748262936
0.1190027548753723
0.14200181886695498
0.14100420712740985
0.17300482218930813
0.1950054567914808
0.2410051901962767
0.2990054031268712
0.35300804471153885
0.4600081696912573
0.5680099317874171
0.736011500180115
0.931015999027207
1.1890190645935423
1.4420248948532415
1.6670295980390968
1.8870298050122727
1.9930317935503814
2.05203322733402
2.056032359268652
1.9650356311349926
1.7860356977697087
1.5380309698051668
1.1920246323303607
0.9020155494625387
0.7030081938556823
0.5500035803440457
0.45500142767392293
0.3600013208190559
0.3179996069624347
0.26800026990040415
0.24300006553272313
0.22899736616414304
0.16899817795418276
0.14899840034135847
0.13499901295499805
0.12199886125249818
0.10700053739065442
0.10999695304881783
0.07800220095228955
0.08700327472837688
0.0880051250946876
0.10800358462447704
0.1330029647588607
0.1440035701606486
0.1850024794432644
0.20300336084689236
0.2510039454996133
0.29000507895124616
0.38200486845820647
0.4600048550191143
0.5510078074237971
0.6720082718580485
0.8410123097906149
1.0060147421216663
1.1790177821056533
1.3340202047278258
1.4820210561152947
1.5910196194853137
1.5930222660047035
1.6140195326144702
1.5430198415078606
1.4100201675938182
1.2260176177782536
1.038013397121906
0.8290096090105061
0.6690054085290178
0.5340022251044704
0.45000107187084093
0.3740006056682335
0.32699920137816674
0.28099924169069174
0.2579966123338982
0.2189967252290663
0.1889961530111276
0.1539987550065997
0.13599964468942471
0.10700230545575581
0.1130007971279824
0.09300055451412684
0.08899967264526733
0.08700134630639386
0.09500267022730538
0.11200281257037314
0.12400353397170157
0.150002699549091
0.1800022020699654
0.20300438761436732
0.2540031409578782
0.2920048501469483
0.37100433260042726
0.41200997117386945
0.5140072120830917
0.6040098150482665
0.7310095160710474
0.8670110276058527
0.9940123976082827
1.0960137331576092
1.210013841852285
1.255015072186918
1.2710142520666887
1.2690135142733567
1.2060137947578646
1.1370109774398278
1.0190106895933024
0.8730082670507214
0.7450059362046032
0.6230029146308611
0.5290002655022826
0.4260005014492909
0.3600008931078762
0.3219999079595332
0.2729989024669725
0.22500001165131062
0.22399573944740728
0.17699967767551772
0.15999952733679876
0.14300036745670203
0.12000034058968025
0.12399638519207153
0.1119975367326981
0.08499994098820363
0.09900170108354762
0.10700161417522994
0.11000224451140492
0.12800128776282801
0.13400278918678293
0.17500250286561828
0.2130008616234551
0.24400114389045408
0.3070015165175106
0.34700521069645895
0.4100043210807476
0.4820063822628508
0.5600060371705337
0.6630049839871749
0.7520073768448529
0.8390071917432538
0.93200657343851
0.9760110380946652
1.0300092358313804
1.0420090255185173
1.0420084699605083
0.9960090550549107
0.9280072775176262
0.8550071230209463
0.7440053034282845
0.6500038226780309
0.5760001938185975
0.4860004319458476
0.40599868473998063
0.3530002309443686
0.30699950186416275
0.25699977746925634
0.22499851687702657
0.19499981504410424
0.16900017026321276
0.15300051321686353
0.14099844158622896
0.13499754006647377
0.12999592136764013
0.11699740598258275
0.08600072567973015
0.10300068483852026
0.1060014470724942
0.12199998699568274
0.1399999318479192
0.15600064651705062
0.17300012393001155
0.21299910886296824
0.2549989747973329
0.28200099615356555
0.31600350997176874
0.3940019833835978
0.4480033952392669
0.49200543741456776
0.5770039510632479
0.6320059933120725
0.6990063816784273
0.7790071980700699
0.8260076342311463
0.8530062477132107
0.8790050489985017
0.8620036955008534
0.8390043719739821
0.7880049730776338
0.7110046787055055
0.6460035040481559
0.5650027865167059
0.5100001587259914
0.4439987658602895
0.38799853094233144
0.33699806158652584
0.27600025006639867
0.25699830850803185
0.22599927158731944
0.18900010289802252
0.1699992317789508
0.16299889507285992
0.14499867037357544
0.1339974723620783
0.12299792441421543
0.10999923433021758
