-9.514007113322694e-09
-9.653821972148368e-09
-9.768193028625087e-09
-1.9695962684404548e-08
-1.9763925347124054e-08
-3.942643582083943e-08
0.0019997740902428693
0.001999783204710469
0.003999925981929736
0.005999920804138009
0.005999917564345553
0.006000179978719035
0.006000183401505321
0.006000328511085711
0.008000187022790508
0.010000315740549224
0.010000452630235163
0.012000354748458187
0.012000689996149757
0.012000607434623323
0.012000638636090742
0.014000485437335095
0.01200058848659127
0.010000453420091641
0.010000436098942219
0.010000420880754826
0.00800028881828417
0.0060002779206520685
0.0060001691331124365
0.0060000495851027895
0.006000055516911561
0.004000072522896017
0.002000085306077728
0.001999934843392772
0.0019997771535325256
0.0019997763371129365
-2.895487582033925e-08
-1.9241202954210066e-08
-9.544293478138942e-09
-9.43448083886996e-09
-9.300451616179824e-09
-1.0280377859525066e-08
-1.0493868141369925e-08
-1.068739598046612e-08
-2.170223450832331e-08
-3.291723172460342e-08
0.0019997647087910096
0.0019997635383686807
0.003999751411231382
0.004000067917045145
0.005999897451860546
0.006000162879706791
0.006000295789129112
0.006000296144300213
0.008000270984422058
0.011000309587565375
0.012000283580193002
0.014000291823898831
0.016000469959797377
0.016000585787065102
0.01600047779136298
0.016000850201054073
0.018000600852831974
0.017000523116494252
0.016000555260698532
0.014000525898331787
0.013000329078676551
0.010000369612835255
0.0100001306476984
0.006000267136189006
0.006000276559224681
0.006000040471330679
0.006000051950873455
0.003999916424113144
0.002000006384738008
0.0019999350436544724
0.0019997627535488305
-4.313612534639522e-08
-3.1891372491179726e-08
-1.046555334184458e-08
-1.027351343737404e-08
-1.006423854253092e-08
-1.1104555774855888e-08
-1.1405208945919425e-08
-1.1693748121009871e-08
-2.990205288214645e-08
-4.876832408386187e-08
0.0019997422128292244
0.001999737152541582
0.003999900211298467
0.005999882730066133
0.006000157383816309
0.006000334584874792
0.008000178333738735
0.01000021433676093
0.012000201764400233
0.0160001928256955
0.016000342140074543
0.017000666193182083
0.01800076833388874
0.022000688980143568
0.024000595905973157
0.024000729873925215
0.02400059798706345
0.022000802384567995
0.02000075609542358
0.018000816791038227
0.016000607667706983
0.014000301646727789
0.010000415745902155
0.010000185054040633
0.006000233961630393
0.006000259184596284
0.0060000737970946
0.006000044018118003
0.003999901324972847
0.0019999138892843795
0.001999926967226518
0.0019997357129085454
-3.5203005275767186e-08
-2.865408820083534e-08
-1.1172265818086578e-08
-1.0875352326144351e-08
-1.1984158985700072e-08
-1.238574408682874e-08
-2.5575823861971042e-08
-3.953825303800359e-08
0.0019997285362615275
0.0019997265530641473
0.003999709534803038
0.004000051919745234
0.006000161885460462
0.0060002674236921795
0.008000082545029753
0.010000182003985501
0.010000260381723131
0.014000213826548416
0.016000454965581397
0.019000644186612944
0.024000519036264253
0.024000759861971598
0.028000771568644164
0.03000070448178168
0.03000072490578283
0.03400059024282527
0.03200055464698503
0.028000820564315406
0.024000739900860723
0.020000664970452352
0.01600073223315734
0.014000401558509434
0.01000033318278556
0.008000294950175138
0.00600021565138376
0.006000268993043812
0.0060000895847415366
0.004000062743575598
0.001999901709263545
0.0019999176855166547
0.0019997166713961365
-4.537413191212685e-08
-3.767931629806241e-08
-1.215419689405657e-08
-1.1753952944948105e-08
-1.2917990689247619e-08
-1.3437873684526507e-08
-3.4922329352034935e-08
-5.803261809539867e-08
0.00199971231541776
0.0019996948156188405
0.003999871466635902
0.00500010502944433
0.00600028657621223
0.008000057315485134
0.008000297966983885
0.010000260941929247
0.014000114345687925
0.016000200136542072
0.018000621046862817
0.024000525483273277
0.029000648018187098
0.0320008067089921
0.034001042212462626
0.040000796030101475
0.0420009538805009
0.04200103021349189
0.04100122171489122
0.03700112197744568
0.03200080956313714
0.028000512312369646
0.020000464734951116
0.014000533720737196
0.014000029559031065
0.010000021122721154
0.006000442555166504
0.0060002272230825155
0.0060002890290571514
0.005000133148494858
0.003999871091281362
0.001999891398963191
0.0019996923404390255
0.001999677105772848
-4.138467299977333e-08
-1.98743933172601e-08
-1.2728406051295111e-08
-1.3950076720374048e-08
-1.4600784277528924e-08
-4.5860101983494155e-08
0.0009998070503056458
0.0019996941603743768
0.0029995618309325203
0.00399985421887255
0.006000128541035599
0.008000062863559249
0.008000162180590067
0.008000341400840983
0.011000221987956983
0.01200029649508703
0.0180003674809087
0.02200047022870982
0.0280007154689573
0.03400104190598682
0.04200105811448172
0.04800110403750123
0.052000979939720714
0.05200103989539334
0.055001357116874074
0.05500184618407596
0.0510019070791664
0.04000167823525316
0.033000556056522294
0.023000127780641696
0.019000060732282976
0.014000177769861104
0.009000333673562103
0.008000213096662668
0.006000244173747196
0.006000278176931799
0.006000374054646549
0.003999844179238328
0.00199987775569894
0.00199990033132609
0.0019996481178657793
-4.519736737474862e-08
-2.873065601503782e-08
-1.3711654843773408e-08
-1.4971988434940483e-08
-1.576652207733121e-08
-4.985895410033468e-08
0.0019996550724533687
0.0019996725113471617
0.00399941512385411
0.004000034285288214
0.007000189059423911
0.008000024689109443
0.006000283156850408
0.008000209726532545
0.012000089216210898
0.013999994561289962
0.019000092468189348
0.028000074912386156
0.035000846803915804
0.04700135355746393
0.05100204703605941
0.056001716999655414
0.05800082309205281
0.054001127428195114
0.05500217175663608
0.0550039709840095
0.052006807362094544
0.049004189030114345
0.039998193591291024
0.028998056588896495
0.019999079726785204
0.012999974388624845
0.0130000596389243
0.009000085388485705
0.006000296833920643
0.006000220416373202
0.006000156343576988
0.004000043838150983
0.001999853381639849
0.0019998895941587633
0.0019996128562907584
-4.922102492432016e-08
-3.883651622052472e-08
-1.473511186618187e-08
-1.602237439971159e-08
-1.6972704164698063e-08
-5.4031444541617965e-08
0.0019996275719501026
0.0019996465070810546
0.00399936996946573
0.004000210088741436
0.008000068270223926
0.007999960106072035
0.004000494116224526
0.006000356179527495
0.012000004784470697
0.013999833564190132
0.023999220613269562
0.031999271880255455
0.03900050516891482
0.045004344486694416
0.04300356289180445
0.03500387574609245
0.027002653387940154
0.01920767806384028
0.00015825549256224422
-0.08190433066998053
-0.06095814540584623
0.03202283531348496
0.042981135223304594
0.03398947876191496
0.02399674517732352
0.013999241893756807
0.013999850465420547
0.00999997382477017
0.0070002981849454
0.006000333613549569
0.006000368774499549
0.006000268567066032
0.001999816502756771
0.0019995539070454455
0.0019995659151795767
-6.548119778894303e-08
-5.277532765694384e-08
-2.4880038887373074e-08
-1.6686044832692708e-08
-1.7799313896782994e-08
-5.709159119477401e-08
-8.154940727268162e-08
0.001999611609641446
0.00399931185880716
0.006999621079935573
0.008000060672707246
0.00700039870353488
0.006000327264644956
0.007000137851645336
0.011999705151588307
0.015999260659642037
0.02299812810900734
0.029995181151309506
0.03999628020522539
0.002037721806097099
-0.21295491362537702
-0.29580155570463285
-0.11595738452394445
-0.10800096512431652
-0.25196875808400443
-1.307599549328657
-1.0706932438846912
-0.09630580623150413
0.04195171537333143
0.032980465486758925
0.02499481990783914
0.01799847674587037
0.013999512697500629
0.009999913874965911
0.007000478192848619
0.007000396883873994
0.006000410021523807
0.006000292149278296
0.003999457389240711
0.0019994903167065104
0.001999513709305671
-7.035605460169414e-08
-5.637064811034677e-08
-3.5244328619338785e-08
-1.775980945925968e-08
-1.9043642529336293e-08
-6.143339989607683e-08
-8.830989011794881e-08
0.001999575053110407
0.003999522514427993
0.00799945915632481
0.007999838783060365
0.004000596011800838
0.006000339767829139
0.009999760948628086
0.01199940515222952
0.011998855431298873
0.01899645813997472
0.029987619987557796
0.02997717890904696
-0.131940885039604
-1.524218889672059
-2.1947484902906496
-0.4509437608485477
-0.2779993175233996
-0.4449414727904468
-2.21390318988854
-1.7683515390566504
-0.1658713587806123
0.03098787266040139
0.027987462268362535
0.018996198408999933
0.012998793280173955
0.01199974734832301
0.008999909575570638
0.007000582717996397
0.004001189455362926
0.006000189883057594
0.006000038427059349
0.0029997762776536757
0.0019998308849555647
0.0019994513641409493
0.001999445927524827
-3.8377207418319447e-08
-3.5808321189091614e-08
-1.9253384847810683e-08
-2.0723255570428368e-08
-6.713560760133796e-08
0.001999504610253966
0.001999537535397278
0.003999770031501084
0.0059996849087391325
0.007999802725733883
0.004000630160912233
0.004000385847828937
0.008999766965640258
0.008999332686406418
0.010998512660211223
0.01699615289977248
0.020989239123226484
0.023982495476402174
-0.11000059318734258
-1.0724717681996734
-1.5672591802189406
-0.378931508703115
-0.2529865061879873
-0.23781706877065986
-0.3978537198606185
-0.3039055287502523
-0.030999815921111062
0.020997819945121145
0.017996062928504614
0.013997811263863189
0.01199904671097369
0.00900022635606642
0.009999752594798537
0.007000505407026034
0.005001206125468267
0.0070002815424824874
0.006000064604407821
0.0029999947676486146
0.0019998168956038838
0.0019993544206581087
0.0019993685868442603
-4.086467697175382e-08
-3.794991503171261e-08
-2.027790373679456e-08
-2.1918659944740408e-08
-7.133394894690228e-08
0.001999438270115936
0.0019994797917749596
0.003999782918222814
0.005999659937030223
0.00599986335324118
0.004000535936335231
0.0030006317102898175
0.005999946587743155
0.005999414542999775
0.00699878082479647
0.010997348745571593
0.016995393605845788
0.019995968049519492
-0.0030001478866175718
-0.13178642166908583
-0.17397431683904668
-0.11098442203170356
-0.1159871571238972
-0.09098737087754019
-0.049988024637552655
-0.018999405490005807
0.006615484259447756
0.010998991292482467
0.006998918736957701
0.0069993566789741
0.006999772032327957
0.00700007580787806
0.007000350422901526
0.00700092781552442
0.00500148019965057
0.006000410738307932
0.005999657239168879
0.0030000205657114026
0.001999525809048043
0.001999241945000184
0.001999252213346326
-4.328273542964293e-08
-4.0028074247279487e-08
-2.1248333357298187e-08
-2.3052512746798937e-08
-2.5106723055148554e-08
0.001999341059358044
0.001999395120266388
0.003999410382426608
0.0059992936383239095
0.005999596153725187
0.004000789902233335
0.0020009668840356098
0.0060001042388312265
0.005999674808740398
0.004999132186329241
0.007998538500463117
0.010998413602424506
0.01099905243447929
0.015999705280591345
0.0010005173025125105
-0.01299172297241447
-0.02999023147869023
-0.04798943376208539
-0.043989979065763164
-0.02699229030002076
-0.010998835030239929
-0.0030263571397690426
-0.0010011503469431007
0.003000623689106074
0.0020007882542673653
0.0010014944245495343
0.00600045406050103
0.007000852311312922
0.004001997823020499
0.005001154425703716
0.006000652124255181
0.00599966911498558
0.002000414016251687
0.0019991086721336654
0.0019990628724929804
-7.438295887509506e-08
-4.547360606807667e-08
-3.141476919714202e-08
-2.20788672026291e-08
-2.402160771988102e-08
-2.6240035547878956e-08
0.0019992364022045337
0.0019992799570817976
0.003999309811117094
0.0059993232310966895
0.005999396428697409
0.004000404251758492
0.0020008440677140265
0.0040004589282723445
0.002999988026509464
0.0019998442718315345
0.003999398451583294
-2.464535551538185e-07
1.6610350871087323e-07
-1.6694405596500985e-05
-0.004996923625517942
-0.014993353120168798
-0.021991869676125504
-0.031990882889017615
-0.03499138160285984
-0.030992938197119593
-0.025995689021335533
-0.016008301330464745
-0.00999656584498535
-0.005997838918105439
-0.003997803861664972
-0.00099874803049223
0.0030012052937022074
0.005001402135531776
0.0030023881499639626
0.003002251427848144
0.005999942085976503
0.00599964843593464
0.002000584300903381
0.001998897207303541
0.0019988359585643473
-5.20637705602051e-08
-4.759384173711542e-08
-0.0
-2.288670572594508e-08
-2.496659860061216e-08
-2.7347703633417653e-08
0.001999094675874461
0.0019991020137199566
0.001999816062791276
0.005999195931430488
0.00399985822027551
0.004000254547645382
0.0020012638521397087
0.0010005930711895034
6.312589601230039e-07
2.0015222224995925e-07
-0.0029996897210111586
-0.002999602407578108
-6.277061852448856e-06
-0.006001393340178891
-0.01299580965463078
-0.018994117858861043
-0.02599242964267745
-0.03599173193588268
-0.03899183097730268
-0.03199343904475007
-0.026995060012387898
-0.022995174103616046
-0.01599377030196769
-0.011995797482070848
-0.004997958252359554
-0.003996870853945927
-0.001997349778096541
0.0030031395078285897
0.003003418083767131
0.004002010538331366
0.005000917377345622
0.004999154884836133
0.0019997792953614954
0.001998586630020168
0.001998542037587908
-5.424323284532975e-08
-4.9462126492914945e-08
-0.0
-0.0
-2.5738857687187415e-08
-2.8258222667533224e-08
-3.11478253736271e-08
0.001998881208540721
0.0019989776248819117
0.005998305883090629
0.003000022805378332
0.004001122541151778
0.0020012357586417285
9.046084031698597e-07
-0.0029991135853362485
0.0009999004380765704
-0.002
-0.001000189897592413
-0.0070101255689057045
-0.013997906936505503
-0.01999515111841533
-0.021994000571267262
-0.027992758661587198
-0.02999270373111683
-0.03199276443474888
-0.02599379932702283
-0.02399494538051671
-0.018990206054871582
-0.014997123272727243
-0.007997912169702614
-0.0079972379066765
-0.003997030444146704
-0.001996684389472678
0.0010036666369656337
0.0020056233833740007
0.004002369996429934
0.003002850006310116
0.002998246545660022
0.0019981963342741754
0.001998091544988798
0.0019980405710084137
-5.621155406063797e-08
-0.0
-0.0
-0.0
-0.0
-2.9073317181382745e-08
-3.2100268231786446e-08
0.001998369270043351
0.001998559220125918
0.0029998016755469186
0.00400021290237325
0.002001151597990844
0.002001869096733055
0.0030008606605050657
-0.0019986729463388813
-0.0019994402294027185
0.0009998343907621958
-0.007999230430654534
-0.010017590969459096
-0.014996951451229649
-0.013995424483009495
-0.02099432356324918
-0.023993514313591948
-0.021993189400633592
-0.023993366162255655
-0.023993889395796154
-0.017995618992217
-0.015996854547457348
-0.013996993478563868
-0.008998218119991361
-0.003999214554341402
-0.0019971432150026358
-0.0009941891072472804
0.001005353322935858
0.0020060018151570923
0.004003091543124805
0.0029996289821886857
0.00199973506269991
0.0019973836647339998
0.0019972569596118954
-3.200291706636147e-08
-1.447878433603605e-08
-0.0
-0.0
-0.0
-0.0
-0.0
-3.2852104161194634e-08
0.0009985880153520331
0.001997582701185792
1.919441645445961e-06
0.003000610865111194
0.001003223910858598
0.004001444975814419
0.004000890711207747
2.50375801011801e-06
-0.003997510977517616
-7.393031199969497e-08
-2.407362246419571e-06
-0.01101611554090413
-0.01499684594901363
-0.015995845899644267
-0.02299429545388359
-0.02599371769834421
-0.025993699971914943
-0.027993356844336032
-0.025993905491239415
-0.021991651927336264
-0.01682602306033638
-0.010997822809437802
-0.002999776601541858
-0.0029990051057033284
-0.0009974436663508345
-0.00099311541196016
0.004002915967033101
0.003006132485646551
0.002002713174773373
0.0020014888004548812
0.001997990152643239
0.001995792498597955
0.0019954310558337393
-1.6379914846143944e-08
-0.0
-0.0
-0.0
-0.0
-0.0
-0.0
-0.0
-0.0
0.001994380052640092
2.2600156341695384e-06
3.760155047176205e-06
0.003999885227285923
0.004001155244509835
0.005000874652232122
0.003003074625228934
0.00100165534281367
-0.0010011005523968123
-0.002004298019020711
-0.01194182349360298
-0.013996912510639472
-0.019995563657156094
-0.021994770791263475
-0.023994280317510504
-0.023994048220080774
-0.026993794380029912
-0.022994559515623465
-0.02099458751679319
-0.012127736351040764
-0.013997498828058582
-0.0020010223507542176
-0.0029992092986925985
-0.001993253928827227
0.004001567912995469
0.005004317917261278
0.0050053136876178975
0.0010063325781456546
-0.0009820253834400485
0.001995998445673347
0.0019912206430736296
-0.0
-0.0
-0.0
-0.0
-0.0
-0.0
-0.0
-0.0
-0.0
-0.0
0.0009866359827494164
2.19031273795233e-05
0.0009999740081129858
0.0020070531065184602
0.005005860788774415
0.007994898203539243
0.004999803100407548
0.0009978037818075395
-0.0010126159654606508
-0.005994416425556053
-0.012688312101257442
-0.01599684331255221
-0.01899591949860304
-0.023994772872670846
-0.028994086768415986
-0.027994167377752212
-0.024994625971442346
-0.022994529358912285
-0.017996065713549884
-0.014712656094016362
-0.009997589605373891
-0.004003440338457519
-0.0019962984678635466
-0.0009812873882304662
0.005987138307880615
0.005015961743684073
0.0030190446009553252
0.001967004541723455
0.0010122526332539054
0.0019999535245225834
0.000985330313413979
-0.0
-0.0
-0.0
-0.0
-0.0
-0.0
-0.0
-0.0
-0.0
-0.0
-0.0
0.0012840938283056936
0.0019999478061226562
-0.0
0.005999805593278132
0.005999784540950137
0.003999841918573807
-0.001999568599136736
-0.005998973957141204
-0.0029990516831978078
-0.010997726755119395
-0.015070701215773436
-0.013996474392829687
-0.025865135769048496
-0.022993885497616676
-0.016841001641481283
-0.023993711579555307
-0.02598180693335127
-0.021734750810121602
-0.017996334706107613
-0.01799736098455612
-0.00399900376440399
-0.001999161865216479
0.0022853594249116144
0.007631162057896149
0.004999820823984086
0.0019999353353725886
0.0027010714278225827
0.0019999479386818473
-0.0
-0.0
-0.0
-0.0
-0.0
-0.0
-0.0
-0.0
-0.0
-0.0
-0.0
-0.0
0.0009866359827494164
2.19031273795233e-05
0.0009999740081129858
0.0020070531065184602
0.005005860788774415
0.007994898203539243
0.004999803100407548
0.0009978037818075395
-0.0010126159654606508
-0.005994416425556053
-0.012688312101257442
-0.01599684331255221
-0.01899591949860304
-0.023994772872670846
-0.028994086768415986
-0.027994167377752212
-0.024994625971442346
-0.022994529358912285
-0.017996065713549884
-0.014712656094016362
-0.009997589605373891
-0.004003440338457519
-0.0019962984678635466
-0.0009812873882304662
0.005987138307880615
0.005015961743684073
0.0030190446009553252
0.001967004541723455
0.0010122526332539054
0.0019999535245225834
0.000985330313413979
-0.0
-0.0
-0.0
-0.0
-0.0
-0.0
-0.0
-0.0
-0.0
-0.0
0.001994380052640092
2.2600156341695384e-06
3.760155047176205e-06
0.003999885227285923
0.004001155244509835
0.005000874652232122
0.003003074625228934
0.00100165534281367
-0.0010011005523968123
-0.002004298019020711
-0.01194182349360298
-0.013996912510639472
-0.019995563657156094
-0.021994770791263475
-0.023994280317510504
-0.023994048220080774
-0.026993794380029912
-0.022994559515623465
-0.02099458751679319
-0.012127736351040764
-0.013997498828058582
-0.0020010223507542176
-0.0029992092986925985
-0.001993253928827227
0.004001567912995469
0.005004317917261278
0.0050053136876178975
0.0010063325781456546
-0.0009820253834400485
0.001995998445673347
0.0019912206430736296
-0.0
-0.0
-0.0
-0.0
-0.0
-0.0
-0.0
-0.0
-3.2852104161194634e-08
0.0009985880153520331
0.001997582701185792
1.919441645445961e-06
0.003000610865111194
0.001003223910858598
0.004001444975814419
0.004000890711207747
2.50375801011801e-06
-0.003997510977517616
-7.393031199969497e-08
-2.407362246419571e-06
-0.01101611554090413
-0.01499684594901363
-0.015995845899644267
-0.02299429545388359
-0.02599371769834421
-0.025993699971914943
-0.027993356844336032
-0.025993905491239415
-0.021991651927336264
-0.01682602306033638
-0.010997822809437802
-0.002999776601541858
-0.0029990051057033284
-0.0009974436663508345
-0.00099311541196016
0.004002915967033101
0.003006132485646551
0.002002713174773373
0.0020014888004548812
0.001997990152643239
0.001995792498597955
0.0019954310558337393
-1.6379914846143944e-08
-0.0
-0.0
-0.0
-0.0
-0.0
-2.9073317181382745e-08
-3.2100268231786446e-08
0.001998369270043351
0.001998559220125918
0.0029998016755469186
0.00400021290237325
0.002001151597990844
0.002001869096733055
0.0030008606605050657
-0.0019986729463388813
-0.0019994402294027185
0.0009998343907621958
-0.007999230430654534
-0.010017590969459096
-0.014996951451229649
-0.013995424483009495
-0.02099432356324918
-0.023993514313591948
-0.021993189400633592
-0.023993366162255655
-0.023993889395796154
-0.017995618992217
-0.015996854547457348
-0.013996993478563868
-0.008998218119991361
-0.003999214554341402
-0.0019971432150026358
-0.0009941891072472804
0.001005353322935858
0.0020060018151570923
0.004003091543124805
0.0029996289821886857
0.00199973506269991
0.0019973836647339998
0.0019972569596118954
-3.200291706636147e-08
-1.447878433603605e-08
-0.0
-0.0
-0.0
-2.5738857687187415e-08
-2.8258222667533224e-08
-3.11478253736271e-08
0.001998881208540721
0.0019989776248819117
0.005998305883090629
0.003000022805378332
0.004001122541151778
0.0020012357586417285
9.046084031698597e-07
-0.0029991135853362485
0.0009999004380765704
-0.002
-0.001000189897592413
-0.0070101255689057045
-0.013997906936505503
-0.01999515111841533
-0.021994000571267262
-0.027992758661587198
-0.02999270373111683
-0.03199276443474888
-0.02599379932702283
-0.02399494538051671
-0.018990206054871582
-0.014997123272727243
-0.007997912169702614
-0.0079972379066765
-0.003997030444146704
-0.001996684389472678
0.0010036666369656337
0.0020056233833740007
0.004002369996429934
0.003002850006310116
0.002998246545660022
0.0019981963342741754
0.001998091544988798
0.0019980405710084137
-5.621155406063797e-08
-0.0
-0.0
-2.288670572594508e-08
-2.496659860061216e-08
-2.7347703633417653e-08
0.001999094675874461
0.0019991020137199566
0.001999816062791276
0.005999195931430488
0.00399985822027551
0.004000254547645382
0.0020012638521397087
0.0010005930711895034
6.312589601230039e-07
2.0015222224995925e-07
-0.0029996897210111586
-0.002999602407578108
-6.277061852448856e-06
-0.006001393340178891
-0.01299580965463078
-0.018994117858861043
-0.02599242964267745
-0.03599173193588268
-0.03899183097730268
-0.03199343904475007
-0.026995060012387898
-0.022995174103616046
-0.01599377030196769
-0.011995797482070848
-0.004997958252359554
-0.003996870853945927
-0.001997349778096541
0.0030031395078285897
0.003003418083767131
0.004002010538331366
0.005000917377345622
0.004999154884836133
0.0019997792953614954
0.001998586630020168
0.001998542037587908
-5.424323284532975e-08
-4.9462126492914945e-08
-0.0
-2.20788672026291e-08
-2.402160771988102e-08
-2.6240035547878956e-08
0.0019992364022045337
0.0019992799570817976
0.003999309811117094
0.0059993232310966895
0.005999396428697409
0.004000404251758492
0.0020008440677140265
0.0040004589282723445
0.002999988026509464
0.0019998442718315345
0.003999398451583294
-2.464535551538185e-07
1.6610350871087323e-07
-1.6694405596500985e-05
-0.004996923625517942
-0.014993353120168798
-0.021991869676125504
-0.031990882889017615
-0.03499138160285984
-0.030992938197119593
-0.025995689021335533
-0.016008301330464745
-0.00999656584498535
-0.005997838918105439
-0.003997803861664972
-0.00099874803049223
0.0030012052937022074
0.005001402135531776
0.0030023881499639626
0.003002251427848144
0.005999942085976503
0.00599964843593464
0.002000584300903381
0.001998897207303541
0.0019988359585643473
-5.20637705602051e-08
-4.759384173711542e-08
-0.0
-2.1248333357298187e-08
-2.3052512746798937e-08
-2.5106723055148554e-08
0.001999341059358044
0.001999395120266388
0.003999410382426608
0.0059992936383239095
0.005999596153725187
0.004000789902233335
0.0020009668840356098
0.0060001042388312265
0.005999674808740398
0.004999132186329241
0.007998538500463117
0.010998413602424506
0.01099905243447929
0.015999705280591345
0.0010005173025125105
-0.01299172297241447
-0.02999023147869023
-0.04798943376208539
-0.043989979065763164
-0.02699229030002076
-0.010998835030239929
-0.0030263571397690426
-0.0010011503469431007
0.003000623689106074
0.0020007882542673653
0.0010014944245495343
0.00600045406050103
0.007000852311312922
0.004001997823020499
0.005001154425703716
0.006000652124255181
0.00599966911498558
0.002000414016251687
0.0019991086721336654
0.0019990628724929804
-7.438295887509506e-08
-4.547360606807667e-08
-3.141476919714202e-08
-2.027790373679456e-08
-2.1918659944740408e-08
-7.133394894690228e-08
0.001999438270115936
0.0019994797917749596
0.003999782918222814
0.005999659937030223
0.00599986335324118
0.004000535936335231
0.0030006317102898175
0.005999946587743155
0.005999414542999775
0.00699878082479647
0.010997348745571593
0.016995393605845788
0.019995968049519492
-0.0030001478866175718
-0.13178642166908583
-0.17397431683904668
-0.11098442203170356
-0.1159871571238972
-0.09098737087754019
-0.049988024637552655
-0.018999405490005807
0.006615484259447756
0.010998991292482467
0.006998918736957701
0.0069993566789741
0.006999772032327957
0.00700007580787806
0.007000350422901526
0.00700092781552442
0.00500148019965057
0.006000410738307932
0.005999657239168879
0.0030000205657114026
0.001999525809048043
0.001999241945000184
0.001999252213346326
-4.328273542964293e-08
-4.0028074247279487e-08
-1.9253384847810683e-08
-2.0723255570428368e-08
-6.713560760133796e-08
0.001999504610253966
0.001999537535397278
0.003999770031501084
0.0059996849087391325
0.007999802725733883
0.004000630160912233
0.004000385847828937
0.008999766965640258
0.008999332686406418
0.010998512660211223
0.01699615289977248
0.020989239123226484
0.023982495476402174
-0.11000059318734258
-1.0724717681996734
-1.5672591802189406
-0.378931508703115
-0.2529865061879873
-0.23781706877065986
-0.3978537198606185
-0.3039055287502523
-0.030999815921111062
0.020997819945121145
0.017996062928504614
0.013997811263863189
0.01199904671097369
0.00900022635606642
0.009999752594798537
0.007000505407026034
0.005001206125468267
0.0070002815424824874
0.006000064604407821
0.0029999947676486146
0.0019998168956038838
0.0019993544206581087
0.0019993685868442603
-4.086467697175382e-08
-3.794991503171261e-08
-1.775980945925968e-08
-1.9043642529336293e-08
-6.143339989607683e-08
-8.830989011794881e-08
0.001999575053110407
0.003999522514427993
0.00799945915632481
0.007999838783060365
0.004000596011800838
0.006000339767829139
0.009999760948628086
0.01199940515222952
0.011998855431298873
0.01899645813997472
0.029987619987557796
0.02997717890904696
-0.131940885039604
-1.524218889672059
-2.1947484902906496
-0.4509437608485477
-0.2779993175233996
-0.4449414727904468
-2.21390318988854
-1.7683515390566504
-0.1658713587806123
0.03098787266040139
0.027987462268362535
0.018996198408999933
0.012998793280173955
0.01199974734832301
0.008999909575570638
0.007000582717996397
0.004001189455362926
0.006000189883057594
0.006000038427059349
0.0029997762776536757
0.0019998308849555647
0.0019994513641409493
0.001999445927524827
-3.8377207418319447e-08
-3.5808321189091614e-08
-1.6686044832692708e-08
-1.7799313896782994e-08
-5.709159119477401e-08
-8.154940727268162e-08
0.001999611609641446
0.00399931185880716
0.006999621079935573
0.008000060672707246
0.00700039870353488
0.006000327264644956
0.007000137851645336
0.011999705151588307
0.015999260659642037
0.02299812810900734
0.029995181151309506
0.03999628020522539
0.002037721806097099
-0.21295491362537702
-0.29580155570463285
-0.11595738452394445
-0.10800096512431652
-0.25196875808400443
-1.307599549328657
-1.0706932438846912
-0.09630580623150413
0.04195171537333143
0.032980465486758925
0.02499481990783914
0.01799847674587037
0.013999512697500629
0.009999913874965911
0.007000478192848619
0.007000396883873994
0.006000410021523807
0.006000292149278296
0.003999457389240711
0.0019994903167065104
0.001999513709305671
-7.035605460169414e-08
-5.637064811034677e-08
-3.5244328619338785e-08
-1.602237439971159e-08
-1.6972704164698063e-08
-5.4031444541617965e-08
0.0019996275719501026
0.0019996465070810546
0.00399936996946573
0.004000210088741436
0.008000068270223926
0.007999960106072035
0.004000494116224526
0.006000356179527495
0.012000004784470697
0.013999833564190132
0.023999220613269562
0.031999271880255455
0.03900050516891482
0.045004344486694416
0.04300356289180445
0.03500387574609245
0.027002653387940154
0.01920767806384028
0.00015825549256224422
-0.08190433066998053
-0.06095814540584623
0.03202283531348496
0.042981135223304594
0.03398947876191496
0.02399674517732352
0.013999241893756807
0.013999850465420547
0.00999997382477017
0.0070002981849454
0.006000333613549569
0.006000368774499549
0.006000268567066032
0.001999816502756771
0.0019995539070454455
0.0019995659151795767
-6.548119778894303e-08
-5.277532765694384e-08
-2.4880038887373074e-08
-1.4971988434940483e-08
-1.576652207733121e-08
-4.985895410033468e-08
0.0019996550724533687
0.0019996725113471617
0.00399941512385411
0.004000034285288214
0.007000189059423911
0.008000024689109443
0.006000283156850408
0.008000209726532545
0.012000089216210898
0.013999994561289962
0.019000092468189348
0.028000074912386156
0.035000846803915804
0.04700135355746393
0.05100204703605941
0.056001716999655414
0.05800082309205281
0.054001127428195114
0.05500217175663608
0.0550039709840095
0.052006807362094544
0.049004189030114345
0.039998193591291024
0.028998056588896495
0.019999079726785204
0.012999974388624845
0.0130000596389243
0.009000085388485705
0.006000296833920643
0.006000220416373202
0.006000156343576988
0.004000043838150983
0.001999853381639849
0.0019998895941587633
0.0019996128562907584
-4.922102492432016e-08
-3.883651622052472e-08
-1.473511186618187e-08
-1.3950076720374048e-08
-1.4600784277528924e-08
-4.5860101983494155e-08
0.0009998070503056458
0.0019996941603743768
0.0029995618309325203
0.00399985421887255
0.006000128541035599
0.008000062863559249
0.008000162180590067
0.008000341400840983
0.011000221987956983
0.01200029649508703
0.0180003674809087
0.02200047022870982
0.0280007154689573
0.03400104190598682
0.04200105811448172
0.04800110403750123
0.052000979939720714
0.05200103989539334
0.055001357116874074
0.05500184618407596
0.0510019070791664
0.04000167823525316
0.033000556056522294
0.023000127780641696
0.019000060732282976
0.014000177769861104
0.009000333673562103
0.008000213096662668
0.006000244173747196
0.006000278176931799
0.006000374054646549
0.003999844179238328
0.00199987775569894
0.00199990033132609
0.0019996481178657793
-4.519736737474862e-08
-2.873065601503782e-08
-1.3711654843773408e-08
-1.2917990689247619e-08
-1.3437873684526507e-08
-3.4922329352034935e-08
-5.803261809539867e-08
0.00199971231541776
0.0019996948156188405
0.003999871466635902
0.00500010502944433
0.00600028657621223
0.008000057315485134
0.008000297966983885
0.010000260941929247
0.014000114345687925
0.016000200136542072
0.018000621046862817
0.024000525483273277
0.029000648018187098
0.0320008067089921
0.034001042212462626
0.040000796030101475
0.0420009538805009
0.04200103021349189
0.04100122171489122
0.03700112197744568
0.03200080956313714
0.028000512312369646
0.020000464734951116
0.014000533720737196
0.014000029559031065
0.010000021122721154
0.006000442555166504
0.0060002272230825155
0.0060002890290571514
0.005000133148494858
0.003999871091281362
0.001999891398963191
0.0019996923404390255
0.001999677105772848
-4.138467299977333e-08
-1.98743933172601e-08
-1.2728406051295111e-08
-1.1984158985700072e-08
-1.238574408682874e-08
-2.5575823861971042e-08
-3.953825303800359e-08
0.0019997285362615275
0.0019997265530641473
0.003999709534803038
0.004000051919745234
0.006000161885460462
0.0060002674236921795
0.008000082545029753
0.010000182003985501
0.010000260381723131
0.014000213826548416
0.016000454965581397
0.019000644186612944
0.024000519036264253
0.024000759861971598
0.028000771568644164
0.03000070448178168
0.03000072490578283
0.03400059024282527
0.03200055464698503
0.028000820564315406
0.024000739900860723
0.020000664970452352
0.01600073223315734
0.014000401558509434
0.01000033318278556
0.008000294950175138
0.00600021565138376
0.006000268993043812
0.0060000895847415366
0.004000062743575598
0.001999901709263545
0.0019999176855166547
0.0019997166713961365
-4.537413191212685e-08
-3.767931629806241e-08
-1.215419689405657e-08
-1.1753952944948105e-08
-1.1104555774855888e-08
-1.1405208945919425e-08
-1.1693748121009871e-08
-2.990205288214645e-08
-4.876832408386187e-08
0.0019997422128292244
0.001999737152541582
0.003999900211298467
0.005999882730066133
0.006000157383816309
0.006000334584874792
0.008000178333738735
0.01000021433676093
0.012000201764400233
0.0160001928256955
0.016000342140074543
0.017000666193182083
0.01800076833388874
0.022000688980143568
0.024000595905973157
0.024000729873925215
0.02400059798706345
0.022000802384567995
0.02000075609542358
0.018000816791038227
0.016000607667706983
0.014000301646727789
0.010000415745902155
0.010000185054040633
0.006000233961630393
0.006000259184596284
0.0060000737970946
0.006000044018118003
0.003999901324972847
0.0019999138892843795
0.001999926967226518
0.0019997357129085454
-3.5203005275767186e-08
-2.865408820083534e-08
-1.1172265818086578e-08
-1.0875352326144351e-08
-1.0280377859525066e-08
-1.0493868141369925e-08
-1.068739598046612e-08
-2.170223450832331e-08
-3.291723172460342e-08
0.0019997647087910096
0.0019997635383686807
0.003999751411231382
0.004000067917045145
0.005999897451860546
0.006000162879706791
0.006000295789129112
0.006000296144300213
0.008000270984422058
0.011000309587565375
0.012000283580193002
0.014000291823898831
0.016000469959797377
0.016000585787065102
0.01600047779136298
0.016000850201054073
0.018000600852831974
0.017000523116494252
0.016000555260698532
0.014000525898331787
0.013000329078676551
0.010000369612835255
0.0100001306476984
0.006000267136189006
0.006000276559224681
0.006000040471330679
0.006000051950873455
0.003999916424113144
0.002000006384738008
0.0019999350436544724
0.0019997627535488305
-4.313612534639522e-08
-3.1891372491179726e-08
-1.046555334184458e-08
-1.027351343737404e-08
-1.006423854253092e-08
-9.514007113322694e-09
-9.653821972148368e-09
-9.768193028625087e-09
-1.9695962684404548e-08
-1.9763925347124054e-08
-3.942643582083943e-08
0.0019997740902428693
0.001999783204710469
0.003999925981929736
0.005999920804138009
0.005999917564345553
0.006000179978719035
0.006000183401505321
0.006000328511085711
0.008000187022790508
0.010000315740549224
0.010000452630235163
0.012000354748458187
0.012000689996149757
0.012000607434623323
0.012000638636090742
0.014000485437335095
0.01200058848659127
0.010000453420091641
0.010000436098942219
0.010000420880754826
0.00800028881828417
0.0060002779206520685
0.0060001691331124365
0.0060000495851027895
0.006000055516911561
0.004000072522896017
0.002000085306077728
0.001999934843392772
0.0019997771535325256
0.0019997763371129365
-2.895487582033925e-08
-1.9241202954210066e-08
-9.544293478138942e-09
-9.43448083886996e-09
-9.300451616179824e-09
