-0.1239655378901851
-0.17496361579671016
-0.25196128610884005
-0.31196164991949593
-0.4099562130960642
-0.5379506705606233
-0.6599495384371353
-0.8259448034132364
-1.0069411070284446
-1.2439352857846242
-1.5289320463080054
-1.8489274396880617
-2.247920056821471
-2.66791459407961
-3.109913149706154
-3.596908821242098
-4.047906820379165
-4.477899769093949
-4.786889432075917
-4.994904601525446
-5.089901293408204
-5.024908683944713
-4.8079132633493655
-4.44991917022887
-4.0119247661883515
-3.554925432815916
-3.0619300506697797
-2.575935926739053
-2.1589321040131684
-1.7919350983485127
-1.482939227272196
-1.2099422536181477
-1.0009445337815863
-0.7929493440012991
-0.6579514762146151
-0.5229553961564951
-0.4129567756487514
-0.33995966501920055
-0.23896327884627827
-0.18396274795091483
-0.11197143975070356
-0.061964698172456416
-0.11796170985113759
-0.17495993153890899
-0.259955450340722
-0.3619508695706945
-0.4649478083152364
-0.6149430935601075
-0.7919382924569474
-1.005930748640155
-1.2599273603258974
-1.5469243372947383
-1.946918190363809
-2.3989100716777374
-2.929905053056812
-3.4979040889581863
-4.114896190114572
-4.7408941416544845
-5.294907373113168
-5.747887456483862
-6.03688942687223
-6.158891457023596
-6.069897171652215
-5.7759034879613775
-5.305909607362809
-4.693916212774317
-4.042918737523307
-3.396920528056628
-2.8109212516935007
-2.2729240664526382
-1.8379284346176024
-1.4719254588522188
-1.1969308129841143
-0.9529386055552974
-0.7439432394342391
-0.5789494219976113
-0.4589523923823485
-0.34095587545852674
-0.2559594435697841
-0.18796336156819987
-0.12996356082354588
-0.08196706012937736
-0.004964031818582264
-0.0409630522853466
-0.09895779719785842
-0.1899511760931638
-0.2759487031538256
-0.3859429661302048
-0.5119402862755892
-0.7069322221946485
-0.9329254265033106
-1.2049222231568184
-1.5649057882913593
-1.9918944320304426
-2.5289000841498614
-3.148896032869012
-3.893888784818207
-4.721883554674722
-5.545879817803641
-6.329874351640713
-6.971869713729811
-7.405868812845668
-7.586871838281519
-7.461882670328677
-7.042893742861874
-6.340905226490017
-5.492909461850848
-4.572911043582416
-3.7089121842767714
-2.9559137401710127
-2.3229174610613996
-1.828920715564259
-1.4279255631895034
-1.111929248089977
-0.8679331921894949
-0.6599391101886573
-0.5039438655149654
-0.3779463956210173
-0.27795143963866903
-0.19295651390494062
-0.11795826826228285
-0.05996421079042088
-0.026964302009769063
0.05503767911109626
0.024041203382621185
-0.01595706259668561
-0.09195083061807556
-0.17494629107473642
-0.2789401652101483
-0.4229341201900818
-0.5859287802869796
-0.8219210034410362
-1.101915743955795
-1.4769075540048926
-1.961897886705963
-2.5758911492903906
-3.3518825128633525
-4.3028761987401944
-5.371873587988995
-6.508868434081454
-7.652859770436071
-8.542850408216657
-9.169845476019463
-9.460849075041098
-9.312868990656119
-8.743888225132117
-7.762899952673367
-6.4589063397152175
-5.160902573112295
-4.002898989197561
-3.041901357070461
-2.3099040168357265
-1.7339100651768427
-1.3109162755456356
-1.0059209409778125
-0.746926772065676
-0.5539297276401619
-0.39493931260125814
-0.26294401421553937
-0.18694744619684223
-0.11594923585843916
-0.03395634720227878
0.0010392571634308325
0.04903687322450427
0.13104243489738202
0.11004283529909593
0.06404800709306883
0.019051043070683817
-0.07194215635321649
-0.13993946626996911
-0.26793219777585014
-0.4329225027485304
-0.6549159850114842
-0.9329080367692292
-1.3068990605280333
-1.830888663034349
-2.5078789585136376
-3.4418694177061284
-4.653861114071672
-6.118858467662977
-7.739858583274875
-9.33785176042847
-10.617834977438735
-11.47582079677689
-11.886826901822296
-11.83285815624928
-11.075896890427156
-9.591910880560807
-7.65189927560317
-5.7198825820306745
-4.14087590673395
-2.9558807016950017
-2.116888650468068
-1.5388973270294628
-1.1049055298826065
-0.8239085722475585
-0.5639196267155131
-0.3829243776781128
-0.24293209601274512
-0.16393444623587813
-0.06694264086060661
-0.008945709353771586
0.04805056767153693
0.08204283663199652
0.11003933693271649
0.2200406573635278
0.1930462330469705
0.16105036046705382
0.11305471541984558
0.06705907589748637
-0.007934376134009477
-0.11592541933396766
-0.2529191207294554
-0.45690876532171476
-0.7218982560776712
-1.0488900545950581
-1.570876850745511
-2.284864813412092
-3.354849070307907
-4.840839932525776
-6.866839717655031
-9.243851948070448
-11.589855092410717
-13.2808326120402
-14.242790330489186
-14.799787118332063
-15.118850133544473
-14.442927190152423
-12.231934357444263
-9.056871595827209
-6.092807546979957
-3.968804973625092
-2.618834578504417
-1.7378615901334298
-1.185878949980761
-0.8218901301126854
-0.5438997248758034
-0.3289098663399265
-0.17591892034933773
-0.05492769259339446
0.0110684284453018
0.0630642793885101
0.10505789557730637
0.15804852567893565
0.1790473413542701
0.19104452563940957
0.3020433662218422
0.2860461973799736
0.27005187362960714
0.25105648161210276
0.23106081231742895
0.14807261528817786
0.0820789918516487
-0.021913724635135638
-0.18889978503285854
-0.3808958748203559
-0.6968793253601547
-1.1638631016510608
-1.8558426715894294
-2.9608176941388384
-4.743788031743345
-7.436785302987278
-11.067831122498747
-14.691887938590476
-16.6748789122228
-16.920783392249795
-17.305733462704488
-18.723880094124155
-19.12103717220577
-15.84707001604579
-10.347771534491306
-5.827480780433449
-3.196590111114516
-1.8307466711002878
-1.1008241748009766
-0.6648579402491724
-0.384877163845037
-0.2088884747911163
-0.06190310849552637
0.04209010319905358
0.11908064786592253
0.16607689870760808
0.21606916533720458
0.24706092593047424
0.25705530337442317
0.26505202303349296
0.26404722614844134
0.3770432278998765
0.39604885428282793
0.40705120742357587
0.3990549597625845
0.37906179326005496
0.3520713111532978
0.311081958673766
0.24509121701471734
0.16410097667031748
0.015112547391789043
-0.2548659525888634
-0.5868453127170169
-1.1518099428725597
-2.163747064012169
-3.973643509388774
-7.306593908096691
-12.66681446779574
-18.472999734781553
-20.042026712894167
-17.262808528054137
-16.035359944618506
-19.323872746591366
-21.503908440737973
-16.70615650737775
-8.683381113391341
-3.5281854174717315
-1.3289977080487305
-0.5175881386573123
-0.18776966066319198
0.005166539765993445
0.1461367559955093
0.23411646915354667
0.26910869104022517
0.3180935961422192
0.3470868725780217
0.37707479381299874
0.3840702748415286
0.39906178704424716
0.38805508569044134
0.3780473851329864
0.36404744143543855
0.4560505913644385
0.49704861109391957
0.5170579808771407
0.5260625626014895
0.5260704006877839
0.5360787439509703
0.5310885939489278
0.5220968497702785
0.4681145891358663
0.435122256672505
0.3381414999481888
0.169169203274127
-0.13177689272787416
-0.7316467683372524
-2.017309748559866
-5.068987637962328
-11.354171943714361
-18.851441743610106
-17.556087582640558
-10.172067647371133
-6.947556584554217
-8.296884454564298
-3.0491351670896734
1.0993247669702784
0.8593042760979958
1.141528004231942
1.1305683143888818
0.9765241142272512
0.8032687826053979
0.7461884271979101
0.6811541893732648
0.65313080424095
0.6291126222525611
0.6161021634934196
0.5920895042147326
0.5820801987955965
0.5390749683828602
0.5510617308761789
0.5180587830696766
0.49104943794633144
0.47104348068878377
0.567046833154149
0.5950559734627211
0.6220591230672399
0.6810633479050621
0.6900747251534327
0.7460801430264968
0.7760900598252558
0.8351010705948252
0.8571110463472438
0.8971315006914151
0.9501520180605372
0.998182620919095
1.0652481544694286
1.1414367609368212
1.0920900961114715
0.6610147472212338
0.3808284511569858
8.185264202444735
22.329507476455902
14.194096300318488
11.324526063372087
16.020954635118446
43.2193559313359
37.80935120983711
13.216236106762855
5.516958069195804
3.300042686565764
2.3004302043939804
1.7572652579324828
1.457201010324513
1.2431661951907105
1.093143109876642
0.9851301789769857
0.884111549328624
0.8410993573792049
0.7740903700875926
0.7260784974099906
0.678073001532671
0.63106627048238
0.5970561533488216
0.5600520962008203
0.6670485140980495
0.7070547535018777
0.7750549031899918
0.8350628915757917
0.9100681808704937
0.9900766184368073
1.0650890633937868
1.1710993407652763
1.285115992585237
1.4251313439195141
1.6091522564492236
1.8971849834072063
2.3312484265320506
3.049414739881897
4.27290840106906
6.750313885999039
13.586771794645694
34.50781446151671
49.47329723354188
27.982360934729684
19.578684881095846
19.31571352142348
27.236935972114964
24.276891473032496
12.336942689335562
6.584228107742331
4.373421929260468
3.2483375025378596
2.5512620702259268
2.094213170359877
1.769181922017108
1.518154866185304
1.3621321742085366
1.2011156787258945
1.081101986898242
0.9740942887680607
0.8840852094991841
0.799080622230942
0.7680641908431438
0.7010583812322105
0.6570436500590976
0.7580456585656948
0.8370489311617295
0.9150536121239328
0.9910642675990785
1.0680742161008945
1.1870823414628904
1.3070903145733224
1.4721003384658025
1.6491129502727955
1.8631341067305323
2.1771570685183335
2.582191289143706
3.188242674020484
4.157342766983819
5.6935093040994165
8.28445777380164
13.03098775609745
18.156341711677637
23.84350285057794
18.360236286075722
15.08853113182738
13.167491075209734
12.58409834191659
11.495671472978046
8.615659459101732
6.320200499044261
4.823301319663022
3.847297128306623
3.1402635779947556
2.608223693668422
2.205194278376266
1.903168183934051
1.6661441882166659
1.4661294825833209
1.3151130408136698
1.1731009894037445
1.0610890634953858
0.9590771896453568
0.8930683490110864
0.8240523519857961
0.7570439106484725
0.851048951281019
0.9480395419410322
1.0310534725424967
1.1350618796802148
1.257068646153462
1.3630868570911665
1.528094687955093
1.7431008359907842
1.9571225106451444
2.2391390979488555
2.6061635102586664
3.116193460620194
3.7762367328090582
4.736291628566144
6.077343315609111
7.858301699177452
10.089171898066482
12.33800450321644
13.160182328093168
12.640446419679964
11.971599684862907
10.78458807917809
9.461442982939591
8.377205925957247
7.228546567812254
6.0657225212208745
5.06226572777999
4.2102993365598875
3.5662720623979474
3.0092408953955023
2.6151988740232968
2.2451803843057214
1.949154945114391
1.7251354023937417
1.5491119038762038
1.3791015470559165
1.2270901542832586
1.1190786374423107
1.0100727775164267
0.9150623173726418
0.8290514568067004
0.9580365723037882
1.0450420618953158
1.1390595808453812
1.2730614877667434
1.4050663209196863
1.5450871797091568
1.7360944022999762
1.9581089211064984
2.230120873387759
2.5511429596904085
2.952168203591071
3.4631993407529604
4.112236853587598
4.957279151462842
5.9973195405923265
7.197324920560107
8.456530734138369
9.54433653548832
10.186447981212801
10.39856364138178
10.219636975199355
9.582631894661699
8.670555527587593
7.735421930141815
6.865608337943132
6.033549943066903
5.241281298149697
4.532300366185604
3.881278768972871
3.3542479614245515
2.907211670055718
2.5421803230393385
2.219157846669931
1.9661279352359247
1.7441157080567804
1.556102884123794
1.3890924039499908
1.2350923448381328
1.1180742940698107
1.0160649080998847
0.9110471462702571
1.0040544256336548
1.1320424714147024
1.2380570446578723
1.369064144022793
1.5250848647498583
1.7040905243891626
1.9140972145860573
2.1581065769305536
2.458120062017133
2.8131418342452106
3.2171681303874964
3.6932062953063367
4.306241482822337
5.022280043188027
5.832306847454926
6.711004337659878
7.598224673576044
8.352467696150004
8.89154990473276
9.168616003802383
9.129650986262419
8.76764588673139
8.165599628306959
7.463517653862529
6.743682759943995
6.029133618048701
5.357325812198732
4.7133132795583625
4.145279884066526
3.622242990268974
3.1762094099388176
2.7591916301581034
2.451164698907278
2.1561444439076705
1.9141166279016342
1.7051065910471295
1.5260835248975206
1.3550875200654582
1.2160790633460887
1.1070742422984194
0.9970567600722294
1.0750519609309757
1.1900512286122331
1.343040253031207
1.4830635597865438
1.6500761105467756
1.8520803198954547
2.0680898714490232
2.340109407321394
2.628125499989701
2.995146864662968
3.3891752745034944
3.8642040954723424
4.414245237073209
5.022282516463767
5.68230201449646
6.391383596048649
7.056391157803606
7.642524149874597
8.102580588697899
8.37262231571244
8.386643902851302
8.171637332308775
7.733608560151939
7.206560992339023
6.616101605881579
6.043376466445585
5.443355823143983
4.864316380026255
4.3242755378751365
3.8162455571035756
3.3542281725886247
2.9761816801022687
2.611174956340786
2.337133195185648
2.061124276198149
1.8301101642988038
1.6340918329609164
1.4680763026179608
1.3100841106114163
1.1650856045236258
1.0660603359014065
1.1290588508088468
1.2440677999366494
1.4100462456785106
1.5600597434303134
1.744090434783009
1.946093049903406
2.195085369080808
2.4771014803662363
2.7781265179745236
3.127150509235837
3.5211761485202824
3.977208188879272
4.475246225722052
5.016284860448376
5.582307539479649
6.172984163787765
6.725461637141736
7.187540025883872
7.5675862623876275
7.792617096805435
7.850631282713968
7.701626173428645
7.402594045989607
7.003541715258774
6.520413047845951
6.014436171670452
5.481373151507044
4.94032255736631
4.41627925135009
3.9512442305429603
3.513214754266351
3.131170794849193
2.77914200160402
2.4301671367723663
2.1941059804700536
1.9520887781235108
1.735101743366519
1.5251210324222544
1.3901050734002562
1.2510578031419042
1.1131077697647342
1.169049512231631
1.3000324580795015
1.4639965338799623
1.6280704514608981
1.8170475308351586
2.046068878680666
2.290072109253441
2.5681002546045844
2.8771346957078205
3.2441415989601614
3.6271733217597646
4.060213443575645
4.520252335792352
5.008290926703951
5.5273044845538415
6.02035748065663
6.498486028244464
6.886540347208045
7.200582798573095
7.418610624437708
7.4806211108735114
7.381608186715498
7.159573287111499
6.826159395343631
6.389578202630956
5.968443264948967
5.479391940758909
4.988320190075883
4.517274685660611
4.050234171095466
3.6162189485745175
3.2351876960793886
2.865188795177271
2.5731278942026754
2.266159769322111
2.0271518542981495
1.8120948393318674
1.6021313593711943
1.4430922309270564
1.3060177645843611
1.1671038409943033
1.189044304164483
1.353918265532833
1.4920658901250419
1.6780947799532597
1.8491551501320826
2.0801270323822636
2.3251194173154452
2.6341005490558795
2.9331637725898
3.30014125439513
3.70014880992579
4.108215312497356
4.53425206646381
5.004293937996173
5.481303120429744
5.919020547600021
6.3494940452835245
6.716540852464521
6.987579660075814
7.158609725609375
7.226630100360643
7.1636051021863985
6.986553962630522
6.678484276843942
6.336190820596077
5.924443839302549
5.459382039019025
4.9973405021126025
4.549296949496478
4.105239049494578
3.667231201207529
3.2972115704476335
2.9521192871991984
2.6261964238583606
2.334199411029953
2.0930444867418463
1.859064987874914
1.6592005320435101
1.4850901073264116
1.3270712528906545
1.191069933868109
1.218328621985879
1.3541589294284697
1.5153046976258093
1.6943651087692086
1.89325621543897
2.1329513962065345
2.3878875928302454
2.674172980865341
2.992130717506745
3.3511218848354285
3.7281575812097416
4.144200140646986
4.572227963349706
5.005306798753176
5.454341036711742
5.870568749035795
6.2834941490822045
6.596537649038195
6.873577527632555
7.0385997465551515
7.086612339476307
7.051602087303665
6.87456893867646
6.60448173210763
6.258172159562792
5.88544103520487
5.448392246780143
5.012340100446127
4.569296405868575
4.131275890737123
3.7350941067631407
3.3302906958889062
3.012852618020617
2.676859224139233
2.3721144728493777
2.1259554793244733
1.8803146340760297
1.689121285036957
1.5072095252038944
1.3646629903227416
1.2229193552164046
1.2331242781135727
1.375051499235979
1.5379581398423046
1.695739987555836
1.9152875942931595
2.140912444882297
2.4056537505556572
2.6907065946184767
3.0114360285508273
3.3647500119403193
3.7314350894309056
4.159932164880069
4.576765750142273
5.00904455532857
5.447914263135222
5.8614523141162085
6.251789952403233
6.577547406567517
6.823544498138312
6.990324435035077
7.035461200449825
7.009418143491781
6.829554394515979
6.565282827193164
6.233791762507214
5.8633478910811005
5.448694402710527
5.014668153050004
4.576418860252919
4.152699220369501
3.7270338294836036
3.356332347015099
2.999571364647235
2.686186174780329
2.4064938278685792
2.144509492063861
1.9093855430400393
1.700008827245137
1.5320394314201167
1.3670049283883474
1.207020374026663
1.218328621985879
1.3541589294284697
1.5153046976258093
1.6943651087692086
1.89325621543897
2.1329513962065345
2.3878875928302454
2.674172980865341
2.992130717506745
3.3511218848354285
3.7281575812097416
4.144200140646986
4.572227963349706
5.005306798753176
5.454341036711742
5.870568749035795
6.2834941490822045
6.596537649038195
6.873577527632555
7.0385997465551515
7.086612339476307
7.051602087303665
6.87456893867646
6.60448173210763
6.258172159562792
5.88544103520487
5.448392246780143
5.012340100446127
4.569296405868575
4.131275890737123
3.7350941067631407
3.3302906958889062
3.012852618020617
2.676859224139233
2.3721144728493777
2.1259554793244733
1.8803146340760297
1.689121285036957
1.5072095252038944
1.3646629903227416
1.2229193552164046
1.189044304164483
1.353918265532833
1.4920658901250419
1.6780947799532597
1.8491551501320826
2.0801270323822636
2.3251194173154452
2.6341005490558795
2.9331637725898
3.30014125439513
3.70014880992579
4.108215312497356
4.53425206646381
5.004293937996173
5.481303120429744
5.919020547600021
6.3494940452835245
6.716540852464521
6.987579660075814
7.158609725609375
7.226630100360643
7.1636051021863985
6.986553962630522
6.678484276843942
6.336190820596077
5.924443839302549
5.459382039019025
4.9973405021126025
4.549296949496478
4.105239049494578
3.667231201207529
3.2972115704476335
2.9521192871991984
2.6261964238583606
2.334199411029953
2.0930444867418463
1.859064987874914
1.6592005320435101
1.4850901073264116
1.3270712528906545
1.191069933868109
1.169049512231631
1.3000324580795015
1.4639965338799623
1.6280704514608981
1.8170475308351586
2.046068878680666
2.290072109253441
2.5681002546045844
2.8771346957078205
3.2441415989601614
3.6271733217597646
4.060213443575645
4.520252335792352
5.008290926703951
5.5273044845538415
6.02035748065663
6.498486028244464
6.886540347208045
7.200582798573095
7.418610624437708
7.4806211108735114
7.381608186715498
7.159573287111499
6.826159395343631
6.389578202630956
5.968443264948967
5.479391940758909
4.988320190075883
4.517274685660611
4.050234171095466
3.6162189485745175
3.2351876960793886
2.865188795177271
2.5731278942026754
2.266159769322111
2.0271518542981495
1.8120948393318674
1.6021313593711943
1.4430922309270564
1.3060177645843611
1.1671038409943033
1.1290588508088468
1.2440677999366494
1.4100462456785106
1.5600597434303134
1.744090434783009
1.946093049903406
2.195085369080808
2.4771014803662363
2.7781265179745236
3.127150509235837
3.5211761485202824
3.977208188879272
4.475246225722052
5.016284860448376
5.582307539479649
6.172984163787765
6.725461637141736
7.187540025883872
7.5675862623876275
7.792617096805435
7.850631282713968
7.701626173428645
7.402594045989607
7.003541715258774
6.520413047845951
6.014436171670452
5.481373151507044
4.94032255736631
4.41627925135009
3.9512442305429603
3.513214754266351
3.131170794849193
2.77914200160402
2.4301671367723663
2.1941059804700536
1.9520887781235108
1.735101743366519
1.5251210324222544
1.3901050734002562
1.2510578031419042
1.1131077697647342
1.0750519609309757
1.1900512286122331
1.343040253031207
1.4830635597865438
1.6500761105467756
1.8520803198954547
2.0680898714490232
2.340109407321394
2.628125499989701
2.995146864662968
3.3891752745034944
3.8642040954723424
4.414245237073209
5.022282516463767
5.68230201449646
6.391383596048649
7.056391157803606
7.642524149874597
8.102580588697899
8.37262231571244
8.386643902851302
8.171637332308775
7.733608560151939
7.206560992339023
6.616101605881579
6.043376466445585
5.443355823143983
4.864316380026255
4.3242755378751365
3.8162455571035756
3.3542281725886247
2.9761816801022687
2.611174956340786
2.337133195185648
2.061124276198149
1.8301101642988038
1.6340918329609164
1.4680763026179608
1.3100841106114163
1.1650856045236258
1.0660603359014065
1.0040544256336548
1.1320424714147024
1.2380570446578723
1.369064144022793
1.5250848647498583
1.7040905243891626
1.9140972145860573
2.1581065769305536
2.458120062017133
2.8131418342452106
3.2171681303874964
3.6932062953063367
4.306241482822337
5.022280043188027
5.832306847454926
6.711004337659878
7.598224673576044
8.352467696150004
8.89154990473276
9.168616003802383
9.129650986262419
8.76764588673139
8.165599628306959
7.463517653862529
6.743682759943995
6.029133618048701
5.357325812198732
4.7133132795583625
4.145279884066526
3.622242990268974
3.1762094099388176
2.7591916301581034
2.451164698907278
2.1561444439076705
1.9141166279016342
1.7051065910471295
1.5260835248975206
1.3550875200654582
1.2160790633460887
1.1070742422984194
0.9970567600722294
0.9580365723037882
1.0450420618953158
1.1390595808453812
1.2730614877667434
1.4050663209196863
1.5450871797091568
1.7360944022999762
1.9581089211064984
2.230120873387759
2.5511429596904085
2.952168203591071
3.4631993407529604
4.112236853587598
4.957279151462842
5.9973195405923265
7.197324920560107
8.456530734138369
9.54433653548832
10.186447981212801
10.39856364138178
10.219636975199355
9.582631894661699
8.670555527587593
7.735421930141815
6.865608337943132
6.033549943066903
5.241281298149697
4.532300366185604
3.881278768972871
3.3542479614245515
2.907211670055718
2.5421803230393385
2.219157846669931
1.9661279352359247
1.7441157080567804
1.556102884123794
1.3890924039499908
1.2350923448381328
1.1180742940698107
1.0160649080998847
0.9110471462702571
0.851048951281019
0.9480395419410322
1.0310534725424967
1.1350618796802148
1.257068646153462
1.3630868570911665
1.528094687955093
1.7431008359907842
1.9571225106451444
2.2391390979488555
2.6061635102586664
3.116193460620194
3.7762367328090582
4.736291628566144
6.077343315609111
7.858301699177452
10.089171898066482
12.33800450321644
13.160182328093168
12.640446419679964
11.971599684862907
10.78458807917809
9.461442982939591
8.377205925957247
7.228546567812254
6.0657225212208745
5.06226572777999
4.2102993365598875
3.5662720623979474
3.0092408953955023
2.6151988740232968
2.2451803843057214
1.949154945114391
1.7251354023937417
1.5491119038762038
1.3791015470559165
1.2270901542832586
1.1190786374423107
1.0100727775164267
0.9150623173726418
0.8290514568067004
0.7580456585656948
0.8370489311617295
0.9150536121239328
0.9910642675990785
1.0680742161008945
1.1870823414628904
1.3070903145733224
1.4721003384658025
1.6491129502727955
1.8631341067305323
2.1771570685183335
2.582191289143706
3.188242674020484
4.157342766983819
5.6935093040994165
8.28445777380164
13.03098775609745
18.156341711677637
23.84350285057794
18.360236286075722
15.08853113182738
13.167491075209734
12.58409834191659
11.495671472978046
8.615659459101732
6.320200499044261
4.823301319663022
3.847297128306623
3.1402635779947556
2.608223693668422
2.205194278376266
1.903168183934051
1.6661441882166659
1.4661294825833209
1.3151130408136698
1.1731009894037445
1.0610890634953858
0.9590771896453568
0.8930683490110864
0.8240523519857961
0.7570439106484725
0.6670485140980495
0.7070547535018777
0.7750549031899918
0.8350628915757917
0.9100681808704937
0.9900766184368073
1.0650890633937868
1.1710993407652763
1.285115992585237
1.4251313439195141
1.6091522564492236
1.8971849834072063
2.3312484265320506
3.049414739881897
4.27290840106906
6.750313885999039
13.586771794645694
34.50781446151671
49.47329723354188
27.982360934729684
19.578684881095846
19.31571352142348
27.236935972114964
24.276891473032496
12.336942689335562
6.584228107742331
4.373421929260468
3.2483375025378596
2.5512620702259268
2.094213170359877
1.769181922017108
1.518154866185304
1.3621321742085366
1.2011156787258945
1.081101986898242
0.9740942887680607
0.8840852094991841
0.799080622230942
0.7680641908431438
0.7010583812322105
0.6570436500590976
0.567046833154149
0.5950559734627211
0.6220591230672399
0.6810633479050621
0.6900747251534327
0.7460801430264968
0.7760900598252558
0.8351010705948252
0.8571110463472438
0.8971315006914151
0.9501520180605372
0.998182620919095
1.0652481544694286
1.1414367609368212
1.0920900961114715
0.6610147472212338
0.3808284511569858
8.185264202444735
22.329507476455902
14.194096300318488
11.324526063372087
16.020954635118446
43.2193559313359
37.80935120983711
13.216236106762855
5.516958069195804
3.300042686565764
2.3004302043939804
1.7572652579324828
1.457201010324513
1.2431661951907105
1.093143109876642
0.9851301789769857
0.884111549328624
0.8410993573792049
0.7740903700875926
0.7260784974099906
0.678073001532671
0.63106627048238
0.5970561533488216
0.5600520962008203
0.4560505913644385
0.49704861109391957
0.5170579808771407
0.5260625626014895
0.5260704006877839
0.5360787439509703
0.5310885939489278
0.5220968497702785
0.4681145891358663
0.435122256672505
0.3381414999481888
0.169169203274127
-0.13177689272787416
-0.7316467683372524
-2.017309748559866
-5.068987637962328
-11.354171943714361
-18.851441743610106
-17.556087582640558
-10.172067647371133
-6.947556584554217
-8.296884454564298
-3.0491351670896734
1.0993247669702784
0.8593042760979958
1.141528004231942
1.1305683143888818
0.9765241142272512
0.8032687826053979
0.7461884271979101
0.6811541893732648
0.65313080424095
0.6291126222525611
0.6161021634934196
0.5920895042147326
0.5820801987955965
0.5390749683828602
0.5510617308761789
0.5180587830696766
0.49104943794633144
0.47104348068878377
0.3770432278998765
0.39604885428282793
0.40705120742357587
0.3990549597625845
0.37906179326005496
0.3520713111532978
0.311081958673766
0.24509121701471734
0.16410097667031748
0.015112547391789043
-0.2548659525888634
-0.5868453127170169
-1.1518099428725597
-2.163747064012169
-3.973643509388774
-7.306593908096691
-12.66681446779574
-18.472999734781553
-20.042026712894167
-17.262808528054137
-16.035359944618506
-19.323872746591366
-21.503908440737973
-16.70615650737775
-8.683381113391341
-3.5281854174717315
-1.3289977080487305
-0.5175881386573123
-0.18776966066319198
0.005166539765993445
0.1461367559955093
0.23411646915354667
0.26910869104022517
0.3180935961422192
0.3470868725780217
0.37707479381299874
0.3840702748415286
0.39906178704424716
0.38805508569044134
0.3780473851329864
0.36404744143543855
0.3020433662218422
0.2860461973799736
0.27005187362960714
0.25105648161210276
0.23106081231742895
0.14807261528817786
0.0820789918516487
-0.021913724635135638
-0.18889978503285854
-0.3808958748203559
-0.6968793253601547
-1.1638631016510608
-1.8558426715894294
-2.9608176941388384
-4.743788031743345
-7.436785302987278
-11.067831122498747
-14.691887938590476
-16.6748789122228
-16.920783392249795
-17.305733462704488
-18.723880094124155
-19.12103717220577
-15.84707001604579
-10.347771534491306
-5.827480780433449
-3.196590111114516
-1.8307466711002878
-1.1008241748009766
-0.6648579402491724
-0.384877163845037
-0.2088884747911163
-0.06190310849552637
0.04209010319905358
0.11908064786592253
0.16607689870760808
0.21606916533720458
0.24706092593047424
0.25705530337442317
0.26505202303349296
0.26404722614844134
0.2200406573635278
0.1930462330469705
0.16105036046705382
0.11305471541984558
0.06705907589748637
-0.007934376134009477
-0.11592541933396766
-0.2529191207294554
-0.45690876532171476
-0.7218982560776712
-1.0488900545950581
-1.570876850745511
-2.284864813412092
-3.354849070307907
-4.840839932525776
-6.866839717655031
-9.243851948070448
-11.589855092410717
-13.2808326120402
-14.242790330489186
-14.799787118332063
-15.118850133544473
-14.442927190152423
-12.231934357444263
-9.056871595827209
-6.092807546979957
-3.968804973625092
-2.618834578504417
-1.7378615901334298
-1.185878949980761
-0.8218901301126854
-0.5438997248758034
-0.3289098663399265
-0.17591892034933773
-0.05492769259339446
0.0110684284453018
0.0630642793885101
0.10505789557730637
0.15804852567893565
0.1790473413542701
0.19104452563940957
0.13104243489738202
0.11004283529909593
0.06404800709306883
0.019051043070683817
-0.07194215635321649
-0.13993946626996911
-0.26793219777585014
-0.4329225027485304
-0.6549159850114842
-0.9329080367692292
-1.3068990605280333
-1.830888663034349
-2.5078789585136376
-3.4418694177061284
-4.653861114071672
-6.118858467662977
-7.739858583274875
-9.33785176042847
-10.617834977438735
-11.47582079677689
-11.886826901822296
-11.83285815624928
-11.075896890427156
-9.591910880560807
-7.65189927560317
-5.7198825820306745
-4.14087590673395
-2.9558807016950017
-2.116888650468068
-1.5388973270294628
-1.1049055298826065
-0.8239085722475585
-0.5639196267155131
-0.3829243776781128
-0.24293209601274512
-0.16393444623587813
-0.06694264086060661
-0.008945709353771586
0.04805056767153693
0.08204283663199652
0.11003933693271649
0.05503767911109626
0.024041203382621185
-0.01595706259668561
-0.09195083061807556
-0.17494629107473642
-0.2789401652101483
-0.4229341201900818
-0.5859287802869796
-0.8219210034410362
-1.101915743955795
-1.4769075540048926
-1.961897886705963
-2.5758911492903906
-3.3518825128633525
-4.3028761987401944
-5.371873587988995
-6.508868434081454
-7.652859770436071
-8.542850408216657
-9.169845476019463
-9.460849075041098
-9.312868990656119
-8.743888225132117
-7.762899952673367
-6.4589063397152175
-5.160902573112295
-4.002898989197561
-3.041901357070461
-2.3099040168357265
-1.7339100651768427
-1.3109162755456356
-1.0059209409778125
-0.746926772065676
-0.5539297276401619
-0.39493931260125814
-0.26294401421553937
-0.18694744619684223
-0.11594923585843916
-0.03395634720227878
0.0010392571634308325
0.04903687322450427
-0.004964031818582264
-0.0409630522853466
-0.09895779719785842
-0.1899511760931638
-0.2759487031538256
-0.3859429661302048
-0.5119402862755892
-0.7069322221946485
-0.9329254265033106
-1.2049222231568184
-1.5649057882913593
-1.9918944320304426
-2.5289000841498614
-3.148896032869012
-3.893888784818207
-4.721883554674722
-5.545879817803641
-6.329874351640713
-6.971869713729811
-7.405868812845668
-7.586871838281519
-7.461882670328677
-7.042893742861874
-6.340905226490017
-5.492909461850848
-4.572911043582416
-3.7089121842767714
-2.9559137401710127
-2.3229174610613996
-1.828920715564259
-1.4279255631895034
-1.111929248089977
-0.8679331921894949
-0.6599391101886573
-0.5039438655149654
-0.3779463956210173
-0.27795143963866903
-0.19295651390494062
-0.11795826826228285
-0.05996421079042088
-0.026964302009769063
-0.061964698172456416
-0.11796170985113759
-0.17495993153890899
-0.259955450340722
-0.3619508695706945
-0.4649478083152364
-0.6149430935601075
-0.7919382924569474
-1.005930748640155
-1.2599273603258974
-1.5469243372947383
-1.946918190363809
-2.3989100716777374
-2.929905053056812
-3.4979040889581863
-4.114896190114572
-4.7408941416544845
-5.294907373113168
-5.747887456483862
-6.03688942687223
-6.158891457023596
-6.069897171652215
-5.7759034879613775
-5.305909607362809
-4.693916212774317
-4.042918737523307
-3.396920528056628
-2.8109212516935007
-2.2729240664526382
-1.8379284346176024
-1.4719254588522188
-1.1969308129841143
-0.9529386055552974
-0.7439432394342391
-0.5789494219976113
-0.4589523923823485
-0.34095587545852674
-0.2559594435697841
-0.18796336156819987
-0.12996356082354588
-0.08196706012937736
-0.1239655378901851
-0.17496361579671016
-0.25196128610884005
-0.31196164991949593
-0.4099562130960642
-0.5379506705606233
-0.6599495384371353
-0.8259448034132364
-1.0069411070284446
-1.2439352857846242
-1.5289320463080054
-1.8489274396880617
-2.247920056821471
-2.66791459407961
-3.109913149706154
-3.596908821242098
-4.047906820379165
-4.477899769093949
-4.786889432075917
-4.994904601525446
-5.089901293408204
-5.024908683944713
-4.8079132633493655
-4.44991917022887
-4.0119247661883515
-3.554925432815916
-3.0619300506697797
-2.575935926739053
-2.1589321040131684
-1.7919350983485127
-1.482939227272196
-1.2099422536181477
-1.0009445337815863
-0.7929493440012991
-0.6579514762146151
-0.5229553961564951
-0.4129567756487514
-0.33995966501920055
-0.23896327884627827
-0.18396274795091483
-0.11197143975070356
