-0.008949848764039588
-0.009946242631894444
-0.017941566705051745
-0.024936097103643955
-0.03393062325179462
-0.04192411064661799
-0.05291698289176339
-0.06890855765937874
-0.08889855302322017
-0.10388784793083868
-0.12587727985758396
-0.1438636332023494
-0.17184841007984544
-0.19882575562768082
-0.21981434836961522
-0.23779772983116446
-0.2517804241332191
-0.2547559367012632
-0.24771723054559314
-0.22874688680441768
-0.20673369104346886
-0.17975046498007152
-0.14676494081067806
-0.11978102481857597
-0.08779912620866341
-0.05581745078193828
-0.03383731274162857
-0.013859006862294937
0.006133811255633644
0.014125183765299339
0.024108898929888847
0.023099242350800495
0.030089950682370206
0.03308212282118079
0.031075728264631588
0.03106960206685698
0.027064038214045353
0.028059425103101394
0.027054925550767002
0.02505130986168652
0.026047490105628793
-0.004948275061204567
-0.008943946493106349
-0.01693944867300762
-0.022933881469942873
-0.03192817832102052
-0.042920912125555155
-0.05591352527271523
-0.06990466264006419
-0.09389376157927425
-0.11388194101047108
-0.14286793816412813
-0.17485183786248482
-0.20683057619930775
-0.24581399261765802
-0.28379926752758683
-0.3087686413143654
-0.32975008107951526
-0.3347662242786392
-0.3227046507030716
-0.29969470002992044
-0.27069170795003245
-0.230699658531149
-0.19171760380147895
-0.1527407015116102
-0.10376676592352839
-0.06579226073785381
-0.03281543386346623
-0.007834752869093145
0.01714688676763077
0.02913109824681796
0.03413511714862963
0.03711386752064908
0.03609501243699591
0.039088246801811076
0.04107939137249696
0.03707372048286927
0.037067703181247455
0.03506197823560671
0.030057097490229476
0.031053145525736615
0.02904902448412206
-0.001947450588169051
-0.0059430378496174024
-0.015937583891261285
-0.02393206270445832
-0.029926343170026126
-0.03991706558581602
-0.05491008616158029
-0.08090020689626663
-0.09988596994854523
-0.1248779779512541
-0.16284121914620273
-0.2048070534204394
-0.2538190797624326
-0.3017952850149548
-0.3567679815422885
-0.41173690315481565
-0.4437044419705002
-0.45567228636073415
-0.4436428953859071
-0.4096227892493482
-0.36861726647566273
-0.31863067455141236
-0.26765772967377427
-0.20369232973375528
-0.13972825631616556
-0.07676311944265893
-0.028794599643438595
0.00817855517329577
0.030155796765396026
0.043137029232610584
0.049122014976538196
0.05011026041299687
0.053099655423689954
0.048090995454073235
0.048082498449201205
0.045076028182106063
0.04506957028134783
0.04106422355153564
0.03905965013357348
0.03605479967278907
0.030051801318254998
0.0010534118806770174
-0.007941564145849062
-0.013936543524578422
-0.0199312722256713
-0.030925195533761402
-0.04591735008750823
-0.05790941669164395
-0.0798995706905782
-0.1068841094103703
-0.13987400910967562
-0.18185902458752462
-0.23983703875202492
-0.3028113777782608
-0.38578070113550483
-0.46574612685491906
-0.5557057943242132
-0.6196625056312731
-0.6446158692213723
-0.6285692960277041
-0.5845329650785541
-0.5175222054213171
-0.46054153381900553
-0.38958338294099115
-0.2916341035378717
-0.18668368304887004
-0.08773097691298491
-0.015773969723780625
0.027190677875504395
0.056162913808667364
0.06814171750939152
0.07312574505595829
0.07111562699824546
0.06610241517625376
0.06209542047333526
0.058085417939662404
0.055078027785386396
0.04807203996776502
0.04506714309377187
0.04506096672442122
0.0410571138483229
0.03805274352166785
0.003054479297771702
-0.0019413640693323729
-0.011936369132010521
-0.01193155614154404
-0.023925343912946206
-0.036918853935636715
-0.055908850250371636
-0.08189661655554549
-0.1108888030492035
-0.15187509458825468
-0.20285659187329505
-0.27083625297911357
-0.3638075363932495
-0.47377101957322343
-0.6137262887156918
-0.7556751954289882
-0.8876192268883023
-0.9575578457325301
-0.937489531462172
-0.8564272144973131
-0.7664029704724397
-0.6964333370170047
-0.6084937427153861
-0.45655528137012935
-0.26761911109685826
-0.10169015566722232
-0.0007556671936019753
0.06219526207862953
0.0881628834125151
0.09414116227172117
0.09312561201732826
0.08911408030166205
0.08310319056727666
0.07509438983831854
0.069088190160455
0.06208021691497414
0.05507407938054612
0.05106850262624387
0.04906337216345876
0.04705829898996249
0.04305367049214115
0.010054157789711018
0.0020581691845689026
-0.0019372670234809764
-0.0069326438593832794
-0.01892722565154322
-0.035920021214979045
-0.05191285663287566
-0.07790765703651534
-0.11089471947132529
-0.15588003404805442
-0.21786641825890143
-0.2998447523357005
-0.4168138733819789
-0.5737706523793396
-0.7837128733428743
-1.040646107655555
-1.2985827030318076
-1.462516974255958
-1.4434240102948404
-1.2753200552734207
-1.1312720251836346
-1.0933144385559497
-1.0153892234043231
-0.737452726448598
-0.3785143085112957
-0.1056357308284202
0.04224849202271814
0.11118188110680315
0.13014952419136852
0.13513157383694205
0.12711888757872508
0.1131092941494409
0.10010370057803178
0.08809398817189122
0.08108765820868384
0.07208153025894865
0.06607498711003315
0.060069079899370846
0.05406499632582944
0.04706028254588236
0.04905533122655951
0.015052867408914017
0.010057294924865215
0.00506108197972763
-0.000934828317126036
-0.014929934207511122
-0.027924676296905322
-0.05091586620029945
-0.07091363419412397
-0.10789669648948572
-0.15390418283468218
-0.22788408315055883
-0.3238666311309558
-0.46883861167433977
-0.6737911587530218
-0.9757098698096837
-1.3845945274372282
-1.8654989460313578
-2.221479367120066
-2.1904656108980918
-1.7843614273164146
-1.434299906085696
-1.434416599923779
-1.3804188311042935
-0.8841883666816238
-0.3452511002042752
-0.03064599000281281
0.1191407775536166
0.18010206777328175
0.18910306685716555
0.17210536089579648
0.15510429723926988
0.1341007400057858
0.11909120012960626
0.10509042002623033
0.0910848649674635
0.07908070474333108
0.07207463220343195
0.07006927009902332
0.05806537466452885
0.058060570771754846
0.0510567108198897
0.018052928470738014
0.016055444052628466
0.0100595239976782
0.003062417894490034
-0.006934338298550185
-0.01892992435256825
-0.03992775455146717
-0.060925346465630824
-0.10192023350357864
-0.14891803177575988
-0.1399135780848934
-0.2209069461507175
-0.35489303504400976
-0.5568603045804459
-0.8807664480511371
-1.3655398886221934
-2.0233395163571775
-2.6426342770617617
-2.86362822050083
-2.1525391171324806
-0.893113545496974
-0.6789291904434285
0.03186037168712373
0.653014079341831
0.13706864861769924
0.007606208793965447
0.12463264555730119
0.18988975625647234
0.19400664479037405
0.17305515782855324
0.1490751234074485
0.13008256403730967
0.10809024305507123
0.09508386450191013
0.07708411081395102
0.07107884236896748
0.06707453055457492
0.05607155111181344
0.05206781234394341
0.050062367758637455
0.03806040225535539
0.04604965445173869
0.04205286799741081
0.04005531468796667
0.04005668643697629
0.038058358490431876
0.025059994371520893
0.01606085886535573
-0.00294191764701631
-0.025939107460943286
-0.053950467063252516
-0.11295838031224145
-0.19697249783275855
-0.32399979646542193
-0.533054182277556
-0.8611258905310125
-1.2738573523565082
-1.1926593043226663
0.30635095772707577
-0.2448077440692512
-0.8749242101892079
1.2336268661669494
2.8747772066650463
7.997390696880708
7.952014191298945
1.1639717367781566
-0.027049765218098515
0.15585658593012078
0.2526258283767809
0.24489086966865387
0.2099948479787481
0.17504002204445102
0.1480603614073485
0.12206548998587673
0.10607533048856599
0.08907535211330707
0.07607504410346398
0.06907346061575816
0.06207014997190522
0.05406677189024188
0.047064465690118885
0.04705940326803912
0.047048051663881145
0.051048801204353865
0.05204964669664072
0.04905024644953713
0.048049343500532755
0.038048200519241106
0.028042821866662685
0.01603808126348896
-0.005978832107164138
-0.03598832004037324
-0.08401291055204697
-0.15905410971634662
-0.2791378707042689
-0.483343592370851
-0.8448924225031564
-1.2942968415223082
0.17567946553775046
10.089186060739147
8.68300621249528
-0.1586918079169539
2.2503688185804793
4.076592372217592
9.890116233225172
9.672166683314824
1.1393141796967137
0.01816161812546317
0.25392614615517284
0.37756708999144084
0.3358291173976946
0.28194941551977765
0.2270079365536852
0.18603832514706062
0.15606031455293554
0.13705935205756378
0.11906675874873533
0.10206735046922656
0.09106635726495381
0.08106498819703645
0.07606069634155709
0.07005676385017427
0.060055818743455926
0.03304660032673203
0.031047676930437477
0.029046564129938245
0.01904657204098702
0.01604299903749026
0.009037135927665333
-0.0009701556675894906
-0.029982516305838015
-0.056994301563455384
-0.10102829307968272
-0.16706797929414732
-0.26613271005143535
-0.42925525494777683
-0.7055282438017171
-1.227157160716774
-2.105469188761463
-1.7973614582440713
5.681205206514022
6.405262214019692
1.4037749931027408
3.834014545407613
4.7762349585580965
4.771924989115363
3.6315740039854574
1.1300245176278445
0.5276140347299938
0.49636656807497037
0.4365673942369467
0.3577696217961577
0.28989322045752036
0.23196566440605734
0.19600700666148
0.16503531488466625
0.13904956669768656
0.12305685129873632
0.10706111663971936
0.09706126095754593
0.08006359823595739
0.07605994077731516
0.06605892051176851
0.062055674772186535
0.038043984803845736
0.041042987683188564
0.0360425079789143
0.033039880642804505
0.029032145386468658
0.024022450156749618
0.008009108514926498
-0.004009001042780603
-0.03403888538546341
-0.07607250805533172
-0.12812764395736057
-0.21421008280676368
-0.3473446124734966
-0.5585730123666235
-0.9158753633145374
-1.462780505546538
-1.6320553563682816
0.16924743326522534
1.5540610894547098
2.2194798741687958
3.4992575454946357
4.0854383068281
3.531870662707229
2.275199403454573
1.1968508502951156
0.7244109674802522
0.5424258084852787
0.4265622781101284
0.34271539198942286
0.27283586551667244
0.2269180278000894
0.1879746391357055
0.16100819452752463
0.1390338992515388
0.12104591300565325
0.10905306418879918
0.09705786141804919
0.08405958097214178
0.07905771814752348
0.07205720023113443
0.06705420232144907
0.047038485539867426
0.04803772411370396
0.04403527058919529
0.046030895948514186
0.04102309635820759
0.034010784095167675
0.02499639293170122
0.008969334554952881
-0.010059958214148684
-0.03611217875921236
-0.08417751436244723
-0.1492693719226073
-0.24839987204263625
-0.3865787664526233
-0.572755080492977
-0.7827656400737613
-0.8327444458797217
-0.48223006104501204
0.13285153563747235
0.7042778909714733
1.194024401955709
1.5242166798781034
1.4456973484751887
1.0192002456912455
0.6653814942417083
0.4935717010640398
0.41240030135810557
0.3485044753248787
0.293645526897904
0.24777416900016955
0.21087120845080887
0.18294751164620174
0.15098934049182824
0.13701963010302015
0.12003666070904978
0.11204837054787718
0.09705726696051964
0.09005825037401104
0.08005906245161036
0.0750572667013469
0.06705716597506912
0.052036888874732935
0.0510343343964718
0.05403277071275229
0.05302454378853744
0.05301269044337898
0.04699766408556372
0.03997475550003581
0.028944503329939187
0.00790297853918352
-0.022152425192782262
-0.05722835521846139
-0.12032899650309674
-0.19146121642565503
-0.2976237038667666
-0.4278025347713021
-0.5619591577711577
-0.6587289263518226
-0.6996730624685336
-0.6701809238967348
-0.5916043370724208
-0.43280176657057834
-0.18465799009887837
0.018719980516340114
0.11811369374420512
0.16829458306073591
0.20040614838246637
0.2272546000517206
0.22939574621877126
0.2135609171129207
0.19570829770562442
0.17782149387603488
0.15990493542693932
0.1449610329759976
0.12999757743139528
0.11802468829277754
0.1090390713194333
0.10104974158330525
0.09105345018261483
0.08305621865323574
0.07505818898574093
0.07205713709748604
0.05703297014725609
0.05403410865784108
0.060025746700103993
0.06401338851429679
0.05900411855351889
0.057984912459097655
0.051956881063962866
0.04192350140798266
0.026872579405277385
0.0018093943376655739
-0.039275288615766936
-0.09438409195562471
-0.1655204341725957
-0.2626823239416706
-0.38485136273736853
-0.5336911812746157
-0.7053257240500339
-0.8807908875444019
-1.047153142088292
-1.148443318926305
-1.1055629273132255
-0.9304709638573015
-0.6702034889286876
-0.42188442281056343
-0.2077761195892815
-0.059099044099170134
0.04407554660072777
0.10228416112870387
0.12847940125372626
0.1366469049827677
0.13677547759464123
0.13886844037452345
0.12593750436954498
0.1239751652509985
0.11201066053272452
0.10603355799637035
0.09804378555855423
0.09504738380631661
0.08305365506996505
0.0730568349237659
0.06905894744934037
0.06003500963698672
0.06502601784364315
0.0690178958710837
0.06800958319916359
0.06599636623661276
0.06297400002933498
0.061940124498494835
0.050895206271968176
0.037846670950960046
0.0117756909756182
-0.026316127980334836
-0.07943150747279812
-0.15157387071514344
-0.25173935530996
-0.38590244473015617
-0.5491555968244203
-0.750470699593441
-0.9667995941033193
-1.1710718741175161
-1.3012761778924133
-1.3163584316272947
-1.1872973832544065
-0.9631122940214802
-0.6958587317146562
-0.45192682586846894
-0.25229830334164904
-0.10804167993014199
-0.010802941817700177
0.04841206652902145
0.08159198753789539
0.10173613476413837
0.1078370871621045
0.11091162145788379
0.10996319859293727
0.10200378840283504
0.10102319602598153
0.09903348186856836
0.08505201738313904
0.08005721086647687
0.07705639242839092
0.0750512238109156
0.06402947299086532
0.07002398288573433
0.06501936064944741
0.07400070703290723
0.07398603903358703
0.06996551416721214
0.06593068904818039
0.05788210622643464
0.03882276684046497
0.01574968009297341
-0.018344747229023003
-0.07446955125264611
-0.15361678538134285
-0.2527874425145255
-0.38895576803356635
-0.5598970954473668
-0.7605245398372467
-0.9707788759812556
-1.1709938155307462
-1.2981484371952374
-1.3302093830522035
-1.2411651672490212
-1.0630290028584244
-0.8258325528007078
-0.5886104258173768
-0.3803462213091671
-0.2200957780091827
-0.10085568729936784
-0.024633913322243146
0.02855313351259777
0.06069680347913409
0.0818046455147629
0.09289107708558479
0.09595504002911404
0.09899062613527906
0.09302215306959014
0.09303452099313342
0.08704600027814731
0.08304938118747386
0.08005425711737814
0.07205422134274712
0.0690250497514702
0.06902339930579371
0.07600901239548209
0.0789908470544683
0.078978627146395
0.07295435328143947
0.06992453967918551
0.06386787146521254
0.04781008654710011
0.020716801796630355
-0.015390295974436634
-0.06750143729176654
-0.1516497323749505
-0.25782040860387584
-0.39499159221474284
-0.5523558745718227
-0.7525320571931423
-0.9547468220287171
-1.1279302810823801
-1.2490573961704212
-1.2820987770928673
-1.2230582218452475
-1.0729504524158746
-0.8788642339788617
-0.673046860766899
-0.4683406288534941
-0.30415646462476237
-0.17288275064055503
-0.07968207958747948
-0.013496348741230091
0.034675307937783194
0.06178691534748551
0.07987698900875893
0.08294770444266211
0.09297712895866572
0.09300500225202883
0.09203770221445762
0.0860404428685327
0.08205431060526155
0.0780514838980847
0.07603624906187177
0.06603813320241425
0.07401612494196927
0.07600118040475982
0.07600776445608352
0.08097968447408745
0.08393508071301624
0.07690444512129198
0.06886076505704054
0.05179494647879361
0.023716050105455626
-0.013394177866350259
-0.06852602949090303
-0.15167085885774192
-0.2578281683384662
-0.39600099034385494
-0.5458532563990852
-0.7385325897636589
-0.9287298526745202
-1.0908945694240553
-1.1990102736816732
-1.2350943546391975
-1.187005172121465
-1.062871881296661
-0.8987750839976755
-0.7039614853811491
-0.5193392198369697
-0.3541202683182709
-0.22289175036110984
-0.11868377241924645
-0.039502475895713374
0.012646624248038436
0.04476996494194081
0.06686316002936199
0.08092296782978499
0.08795614233913425
0.08999712889556755
0.09002491886610985
0.08702315652461005
0.084027432580139
0.0780659271074475
0.07304118622593024
0.07107806644392868
0.07315672251716282
0.07606428461172939
0.0829085990720288
0.08301388100507803
0.08196113084584988
0.07495728335967658
0.07280833563564397
0.050798620862607724
0.024712197794217173
-0.011409820110951811
-0.07151757849363283
-0.15369239062256984
-0.2598463489683694
-0.3920327700730973
-0.5435789637041892
-0.7325237362345084
-0.9087038324337514
-1.0638663658656005
-1.1679588104780585
-1.2100006235014593
-1.169985276746961
-1.05786437714143
-0.9007659342506115
-0.7227866366574122
-0.5463287873391868
-0.3831188978757262
-0.24889113785359246
-0.1436672999779638
-0.0614939809723325
-0.0033430365676709473
0.03378789452237509
0.061841233800579584
0.07594813493608607
0.08690935058185757
0.08797166902463532
0.08602702996177768
0.08504367856295943
0.07910652729074474
0.07711244978194738
0.0749323149723995
0.06785113571478978
0.07664354158736826
0.07963179681805789
0.08007556743378723
0.08486012492927685
0.08456663119476088
0.07938146996753623
0.06876196982237337
0.051536931333796346
0.027495537069445748
-0.015034184552331135
-0.07161691276571988
-0.15411828522097287
-0.26093775653462653
-0.3935333206538821
-0.5553262004901135
-0.7296730557038271
-0.9017111731749784
-1.0574672451038694
-1.1586775084503609
-1.201989584161052
-1.1562091423740681
-1.0568171852168062
-0.904444781392058
-0.7238230984598747
-0.5527790877271644
-0.39043729559446083
-0.25425209900393286
-0.14904967992650608
-0.06414082853392222
-0.007781962497520797
0.032317206941191993
0.054944062120880995
0.0702048457527307
0.08277674298279472
0.08816863525252498
0.08590263213962826
0.08357161902518409
0.08492518269675926
0.07927851058009536
0.07495205371119598
0.07107806644392868
0.07315672251716282
0.07606428461172939
0.0829085990720288
0.08301388100507803
0.08196113084584988
0.07495728335967658
0.07280833563564397
0.050798620862607724
0.024712197794217173
-0.011409820110951811
-0.07151757849363283
-0.15369239062256984
-0.2598463489683694
-0.3920327700730973
-0.5435789637041892
-0.7325237362345084
-0.9087038324337514
-1.0638663658656005
-1.1679588104780585
-1.2100006235014593
-1.169985276746961
-1.05786437714143
-0.9007659342506115
-0.7227866366574122
-0.5463287873391868
-0.3831188978757262
-0.24889113785359246
-0.1436672999779638
-0.0614939809723325
-0.0033430365676709473
0.03378789452237509
0.061841233800579584
0.07594813493608607
0.08690935058185757
0.08797166902463532
0.08602702996177768
0.08504367856295943
0.07910652729074474
0.07711244978194738
0.0749323149723995
0.06603813320241425
0.07401612494196927
0.07600118040475982
0.07600776445608352
0.08097968447408745
0.08393508071301624
0.07690444512129198
0.06886076505704054
0.05179494647879361
0.023716050105455626
-0.013394177866350259
-0.06852602949090303
-0.15167085885774192
-0.2578281683384662
-0.39600099034385494
-0.5458532563990852
-0.7385325897636589
-0.9287298526745202
-1.0908945694240553
-1.1990102736816732
-1.2350943546391975
-1.187005172121465
-1.062871881296661
-0.8987750839976755
-0.7039614853811491
-0.5193392198369697
-0.3541202683182709
-0.22289175036110984
-0.11868377241924645
-0.039502475895713374
0.012646624248038436
0.04476996494194081
0.06686316002936199
0.08092296782978499
0.08795614233913425
0.08999712889556755
0.09002491886610985
0.08702315652461005
0.084027432580139
0.0780659271074475
0.07304118622593024
0.0690250497514702
0.06902339930579371
0.07600901239548209
0.0789908470544683
0.078978627146395
0.07295435328143947
0.06992453967918551
0.06386787146521254
0.04781008654710011
0.020716801796630355
-0.015390295974436634
-0.06750143729176654
-0.1516497323749505
-0.25782040860387584
-0.39499159221474284
-0.5523558745718227
-0.7525320571931423
-0.9547468220287171
-1.1279302810823801
-1.2490573961704212
-1.2820987770928673
-1.2230582218452475
-1.0729504524158746
-0.8788642339788617
-0.673046860766899
-0.4683406288534941
-0.30415646462476237
-0.17288275064055503
-0.07968207958747948
-0.013496348741230091
0.034675307937783194
0.06178691534748551
0.07987698900875893
0.08294770444266211
0.09297712895866572
0.09300500225202883
0.09203770221445762
0.0860404428685327
0.08205431060526155
0.0780514838980847
0.07603624906187177
0.06402947299086532
0.07002398288573433
0.06501936064944741
0.07400070703290723
0.07398603903358703
0.06996551416721214
0.06593068904818039
0.05788210622643464
0.03882276684046497
0.01574968009297341
-0.018344747229023003
-0.07446955125264611
-0.15361678538134285
-0.2527874425145255
-0.38895576803356635
-0.5598970954473668
-0.7605245398372467
-0.9707788759812556
-1.1709938155307462
-1.2981484371952374
-1.3302093830522035
-1.2411651672490212
-1.0630290028584244
-0.8258325528007078
-0.5886104258173768
-0.3803462213091671
-0.2200957780091827
-0.10085568729936784
-0.024633913322243146
0.02855313351259777
0.06069680347913409
0.0818046455147629
0.09289107708558479
0.09595504002911404
0.09899062613527906
0.09302215306959014
0.09303452099313342
0.08704600027814731
0.08304938118747386
0.08005425711737814
0.07205422134274712
0.06003500963698672
0.06502601784364315
0.0690178958710837
0.06800958319916359
0.06599636623661276
0.06297400002933498
0.061940124498494835
0.050895206271968176
0.037846670950960046
0.0117756909756182
-0.026316127980334836
-0.07943150747279812
-0.15157387071514344
-0.25173935530996
-0.38590244473015617
-0.5491555968244203
-0.750470699593441
-0.9667995941033193
-1.1710718741175161
-1.3012761778924133
-1.3163584316272947
-1.1872973832544065
-0.9631122940214802
-0.6958587317146562
-0.45192682586846894
-0.25229830334164904
-0.10804167993014199
-0.010802941817700177
0.04841206652902145
0.08159198753789539
0.10173613476413837
0.1078370871621045
0.11091162145788379
0.10996319859293727
0.10200378840283504
0.10102319602598153
0.09903348186856836
0.08505201738313904
0.08005721086647687
0.07705639242839092
0.0750512238109156
0.05703297014725609
0.05403410865784108
0.060025746700103993
0.06401338851429679
0.05900411855351889
0.057984912459097655
0.051956881063962866
0.04192350140798266
0.026872579405277385
0.0018093943376655739
-0.039275288615766936
-0.09438409195562471
-0.1655204341725957
-0.2626823239416706
-0.38485136273736853
-0.5336911812746157
-0.7053257240500339
-0.8807908875444019
-1.047153142088292
-1.148443318926305
-1.1055629273132255
-0.9304709638573015
-0.6702034889286876
-0.42188442281056343
-0.2077761195892815
-0.059099044099170134
0.04407554660072777
0.10228416112870387
0.12847940125372626
0.1366469049827677
0.13677547759464123
0.13886844037452345
0.12593750436954498
0.1239751652509985
0.11201066053272452
0.10603355799637035
0.09804378555855423
0.09504738380631661
0.08305365506996505
0.0730568349237659
0.06905894744934037
0.052036888874732935
0.0510343343964718
0.05403277071275229
0.05302454378853744
0.05301269044337898
0.04699766408556372
0.03997475550003581
0.028944503329939187
0.00790297853918352
-0.022152425192782262
-0.05722835521846139
-0.12032899650309674
-0.19146121642565503
-0.2976237038667666
-0.4278025347713021
-0.5619591577711577
-0.6587289263518226
-0.6996730624685336
-0.6701809238967348
-0.5916043370724208
-0.43280176657057834
-0.18465799009887837
0.018719980516340114
0.11811369374420512
0.16829458306073591
0.20040614838246637
0.2272546000517206
0.22939574621877126
0.2135609171129207
0.19570829770562442
0.17782149387603488
0.15990493542693932
0.1449610329759976
0.12999757743139528
0.11802468829277754
0.1090390713194333
0.10104974158330525
0.09105345018261483
0.08305621865323574
0.07505818898574093
0.07205713709748604
0.047038485539867426
0.04803772411370396
0.04403527058919529
0.046030895948514186
0.04102309635820759
0.034010784095167675
0.02499639293170122
0.008969334554952881
-0.010059958214148684
-0.03611217875921236
-0.08417751436244723
-0.1492693719226073
-0.24839987204263625
-0.3865787664526233
-0.572755080492977
-0.7827656400737613
-0.8327444458797217
-0.48223006104501204
0.13285153563747235
0.7042778909714733
1.194024401955709
1.5242166798781034
1.4456973484751887
1.0192002456912455
0.6653814942417083
0.4935717010640398
0.41240030135810557
0.3485044753248787
0.293645526897904
0.24777416900016955
0.21087120845080887
0.18294751164620174
0.15098934049182824
0.13701963010302015
0.12003666070904978
0.11204837054787718
0.09705726696051964
0.09005825037401104
0.08005906245161036
0.0750572667013469
0.06705716597506912
0.038043984803845736
0.041042987683188564
0.0360425079789143
0.033039880642804505
0.029032145386468658
0.024022450156749618
0.008009108514926498
-0.004009001042780603
-0.03403888538546341
-0.07607250805533172
-0.12812764395736057
-0.21421008280676368
-0.3473446124734966
-0.5585730123666235
-0.9158753633145374
-1.462780505546538
-1.6320553563682816
0.16924743326522534
1.5540610894547098
2.2194798741687958
3.4992575454946357
4.0854383068281
3.531870662707229
2.275199403454573
1.1968508502951156
0.7244109674802522
0.5424258084852787
0.4265622781101284
0.34271539198942286
0.27283586551667244
0.2269180278000894
0.1879746391357055
0.16100819452752463
0.1390338992515388
0.12104591300565325
0.10905306418879918
0.09705786141804919
0.08405958097214178
0.07905771814752348
0.07205720023113443
0.06705420232144907
0.03304660032673203
0.031047676930437477
0.029046564129938245
0.01904657204098702
0.01604299903749026
0.009037135927665333
-0.0009701556675894906
-0.029982516305838015
-0.056994301563455384
-0.10102829307968272
-0.16706797929414732
-0.26613271005143535
-0.42925525494777683
-0.7055282438017171
-1.227157160716774
-2.105469188761463
-1.7973614582440713
5.681205206514022
6.405262214019692
1.4037749931027408
3.834014545407613
4.7762349585580965
4.771924989115363
3.6315740039854574
1.1300245176278445
0.5276140347299938
0.49636656807497037
0.4365673942369467
0.3577696217961577
0.28989322045752036
0.23196566440605734
0.19600700666148
0.16503531488466625
0.13904956669768656
0.12305685129873632
0.10706111663971936
0.09706126095754593
0.08006359823595739
0.07605994077731516
0.06605892051176851
0.062055674772186535
0.047048051663881145
0.051048801204353865
0.05204964669664072
0.04905024644953713
0.048049343500532755
0.038048200519241106
0.028042821866662685
0.01603808126348896
-0.005978832107164138
-0.03598832004037324
-0.08401291055204697
-0.15905410971634662
-0.2791378707042689
-0.483343592370851
-0.8448924225031564
-1.2942968415223082
0.17567946553775046
10.089186060739147
8.68300621249528
-0.1586918079169539
2.2503688185804793
4.076592372217592
9.890116233225172
9.672166683314824
1.1393141796967137
0.01816161812546317
0.25392614615517284
0.37756708999144084
0.3358291173976946
0.28194941551977765
0.2270079365536852
0.18603832514706062
0.15606031455293554
0.13705935205756378
0.11906675874873533
0.10206735046922656
0.09106635726495381
0.08106498819703645
0.07606069634155709
0.07005676385017427
0.060055818743455926
0.04604965445173869
0.04205286799741081
0.04005531468796667
0.04005668643697629
0.038058358490431876
0.025059994371520893
0.01606085886535573
-0.00294191764701631
-0.025939107460943286
-0.053950467063252516
-0.11295838031224145
-0.19697249783275855
-0.32399979646542193
-0.533054182277556
-0.8611258905310125
-1.2738573523565082
-1.1926593043226663
0.30635095772707577
-0.2448077440692512
-0.8749242101892079
1.2336268661669494
2.8747772066650463
7.997390696880708
7.952014191298945
1.1639717367781566
-0.027049765218098515
0.15585658593012078
0.2526258283767809
0.24489086966865387
0.2099948479787481
0.17504002204445102
0.1480603614073485
0.12206548998587673
0.10607533048856599
0.08907535211330707
0.07607504410346398
0.06907346061575816
0.06207014997190522
0.05406677189024188
0.047064465690118885
0.04705940326803912
0.018052928470738014
0.016055444052628466
0.0100595239976782
0.003062417894490034
-0.006934338298550185
-0.01892992435256825
-0.03992775455146717
-0.060925346465630824
-0.10192023350357864
-0.14891803177575988
-0.1399135780848934
-0.2209069461507175
-0.35489303504400976
-0.5568603045804459
-0.8807664480511371
-1.3655398886221934
-2.0233395163571775
-2.6426342770617617
-2.86362822050083
-2.1525391171324806
-0.893113545496974
-0.6789291904434285
0.03186037168712373
0.653014079341831
0.13706864861769924
0.007606208793965447
0.12463264555730119
0.18988975625647234
0.19400664479037405
0.17305515782855324
0.1490751234074485
0.13008256403730967
0.10809024305507123
0.09508386450191013
0.07708411081395102
0.07107884236896748
0.06707453055457492
0.05607155111181344
0.05206781234394341
0.050062367758637455
0.03806040225535539
0.015052867408914017
0.010057294924865215
0.00506108197972763
-0.000934828317126036
-0.014929934207511122
-0.027924676296905322
-0.05091586620029945
-0.07091363419412397
-0.10789669648948572
-0.15390418283468218
-0.22788408315055883
-0.3238666311309558
-0.46883861167433977
-0.6737911587530218
-0.9757098698096837
-1.3845945274372282
-1.8654989460313578
-2.221479367120066
-2.1904656108980918
-1.7843614273164146
-1.434299906085696
-1.434416599923779
-1.3804188311042935
-0.8841883666816238
-0.3452511002042752
-0.03064599000281281
0.1191407775536166
0.18010206777328175
0.18910306685716555
0.17210536089579648
0.15510429723926988
0.1341007400057858
0.11909120012960626
0.10509042002623033
0.0910848649674635
0.07908070474333108
0.07207463220343195
0.07006927009902332
0.05806537466452885
0.058060570771754846
0.0510567108198897
0.010054157789711018
0.0020581691845689026
-0.0019372670234809764
-0.0069326438593832794
-0.01892722565154322
-0.035920021214979045
-0.05191285663287566
-0.07790765703651534
-0.11089471947132529
-0.15588003404805442
-0.21786641825890143
-0.2998447523357005
-0.4168138733819789
-0.5737706523793396
-0.7837128733428743
-1.040646107655555
-1.2985827030318076
-1.462516974255958
-1.4434240102948404
-1.2753200552734207
-1.1312720251836346
-1.0933144385559497
-1.0153892234043231
-0.737452726448598
-0.3785143085112957
-0.1056357308284202
0.04224849202271814
0.11118188110680315
0.13014952419136852
0.13513157383694205
0.12711888757872508
0.1131092941494409
0.10010370057803178
0.08809398817189122
0.08108765820868384
0.07208153025894865
0.06607498711003315
0.060069079899370846
0.05406499632582944
0.04706028254588236
0.04905533122655951
0.003054479297771702
-0.0019413640693323729
-0.011936369132010521
-0.01193155614154404
-0.023925343912946206
-0.036918853935636715
-0.055908850250371636
-0.08189661655554549
-0.1108888030492035
-0.15187509458825468
-0.20285659187329505
-0.27083625297911357
-0.3638075363932495
-0.47377101957322343
-0.6137262887156918
-0.7556751954289882
-0.8876192268883023
-0.9575578457325301
-0.937489531462172
-0.8564272144973131
-0.7664029704724397
-0.6964333370170047
-0.6084937427153861
-0.45655528137012935
-0.26761911109685826
-0.10169015566722232
-0.0007556671936019753
0.06219526207862953
0.0881628834125151
0.09414116227172117
0.09312561201732826
0.08911408030166205
0.08310319056727666
0.07509438983831854
0.069088190160455
0.06208021691497414
0.05507407938054612
0.05106850262624387
0.04906337216345876
0.04705829898996249
0.04305367049214115
0.0010534118806770174
-0.007941564145849062
-0.013936543524578422
-0.0199312722256713
-0.030925195533761402
-0.04591735008750823
-0.05790941669164395
-0.0798995706905782
-0.1068841094103703
-0.13987400910967562
-0.18185902458752462
-0.23983703875202492
-0.3028113777782608
-0.38578070113550483
-0.46574612685491906
-0.5557057943242132
-0.6196625056312731
-0.6446158692213723
-0.6285692960277041
-0.5845329650785541
-0.5175222054213171
-0.46054153381900553
-0.38958338294099115
-0.2916341035378717
-0.18668368304887004
-0.08773097691298491
-0.015773969723780625
0.027190677875504395
0.056162913808667364
0.06814171750939152
0.07312574505595829
0.07111562699824546
0.06610241517625376
0.06209542047333526
0.058085417939662404
0.055078027785386396
0.04807203996776502
0.04506714309377187
0.04506096672442122
0.0410571138483229
0.03805274352166785
-0.001947450588169051
-0.0059430378496174024
-0.015937583891261285
-0.02393206270445832
-0.029926343170026126
-0.03991706558581602
-0.05491008616158029
-0.08090020689626663
-0.09988596994854523
-0.1248779779512541
-0.16284121914620273
-0.2048070534204394
-0.2538190797624326
-0.3017952850149548
-0.3567679815422885
-0.41173690315481565
-0.4437044419705002
-0.45567228636073415
-0.4436428953859071
-0.4096227892493482
-0.36861726647566273
-0.31863067455141236
-0.26765772967377427
-0.20369232973375528
-0.13972825631616556
-0.07676311944265893
-0.028794599643438595
0.00817855517329577
0.030155796765396026
0.043137029232610584
0.049122014976538196
0.05011026041299687
0.053099655423689954
0.048090995454073235
0.048082498449201205
0.045076028182106063
0.04506957028134783
0.04106422355153564
0.03905965013357348
0.03605479967278907
0.030051801318254998
-0.004948275061204567
-0.008943946493106349
-0.01693944867300762
-0.022933881469942873
-0.03192817832102052
-0.042920912125555155
-0.05591352527271523
-0.06990466264006419
-0.09389376157927425
-0.11388194101047108
-0.14286793816412813
-0.17485183786248482
-0.20683057619930775
-0.24581399261765802
-0.28379926752758683
-0.3087686413143654
-0.32975008107951526
-0.3347662242786392
-0.3227046507030716
-0.29969470002992044
-0.27069170795003245
-0.230699658531149
-0.19171760380147895
-0.1527407015116102
-0.10376676592352839
-0.06579226073785381
-0.03281543386346623
-0.007834752869093145
0.01714688676763077
0.02913109824681796
0.03413511714862963
0.03711386752064908
0.03609501243699591
0.039088246801811076
0.04107939137249696
0.03707372048286927
0.037067703181247455
0.03506197823560671
0.030057097490229476
0.031053145525736615
0.02904902448412206
-0.008949848764039588
-0.009946242631894444
-0.017941566705051745
-0.024936097103643955
-0.03393062325179462
-0.04192411064661799
-0.05291698289176339
-0.06890855765937874
-0.08889855302322017
-0.10388784793083868
-0.12587727985758396
-0.1438636332023494
-0.17184841007984544
-0.19882575562768082
-0.21981434836961522
-0.23779772983116446
-0.2517804241332191
-0.2547559367012632
-0.24771723054559314
-0.22874688680441768
-0.20673369104346886
-0.17975046498007152
-0.14676494081067806
-0.11978102481857597
-0.08779912620866341
-0.05581745078193828
-0.03383731274162857
-0.013859006862294937
0.006133811255633644
0.014125183765299339
0.024108898929888847
0.023099242350800495
0.030089950682370206
0.03308212282118079
0.031075728264631588
0.03106960206685698
0.027064038214045353
0.028059425103101394
0.027054925550767002
0.02505130986168652
0.026047490105628793
