0.18095748855761828
0.24195370954501885
0.31394986749052645
0.397945313082573
0.49594173082469073
0.6199363367793398
0.7689302662926066
0.9409249592832636
1.1369186160058444
1.3739119045659491
1.6459055013512427
1.955898013749457
2.3008909501292405
2.6748809598749412
3.0708774952735096
3.4648726962033014
3.8458679112821446
4.1768591907216575
4.439843656588261
4.606864046422478
4.663861606001478
4.603873660720415
4.421883172278559
4.147891887807639
3.7939001039256817
3.3889069312501006
2.9759137804571014
2.5679215876465884
2.1849229848132734
1.847925159565726
1.5479317082861443
1.2879361498081696
1.064940064721372
0.8729441759261577
0.7119483953107754
0.5809511520018531
0.4669546692527044
0.37195835544337025
0.29896018188746476
0.22596334063369408
0.17296598982081116
0.14295395492493518
0.19795106024750211
0.269946702990415
0.35294183671396684
0.4569372180746906
0.5829315655573936
0.7369248723743922
0.9199181603161911
1.1459108164230252
1.396903558754179
1.7138948524370219
2.076886398369427
2.495876078393883
2.9588691402555747
3.4638644982418687
3.9838532464658796
4.488849730460558
4.934865798089242
5.2928386687274
5.522839444191808
5.61084340785292
5.527852763532581
5.287865234790393
4.906877305670243
4.41788855648348
3.872897256792927
3.3309033964484596
2.8099090543873007
2.33691470022901
1.9309196686593262
1.5829162772182779
1.284926470353728
1.0409355175873938
0.8399388776129867
0.6699441362548221
0.531947806759441
0.41895086267653214
0.3259547194260189
0.24395837827148636
0.18196091896110778
0.12696385509678393
0.08495218044846287
0.14394807527904707
0.2099433902349852
0.2929385320517301
0.3999328689833973
0.5239250894569691
0.6809188384605557
0.8749115406578817
1.11190101252831
1.4048948592272719
1.7498725862091942
2.174853435632063
2.67786204697486
3.257852002139321
3.9038424562814455
4.585832800081747
5.2748231033426105
5.888814941318561
6.387807640769906
6.711805236139284
6.8388110230702495
6.740825322043084
6.413844313080295
5.878862197547743
5.192876237947276
4.439886547301941
3.7048945506717397
3.036900995320399
2.4619067480371117
1.9809131501423602
1.581919567860312
1.2559242787686036
0.9959293349057067
0.7789349882744048
0.6009401549001233
0.46494430585785207
0.3539480684249233
0.26095257878260086
0.18095583998884401
0.12795803906019887
0.07296239212407789
0.029950066685920852
0.07794564998456492
0.13694088173732108
0.2179352994579119
0.3169291146128754
0.44192191051513374
0.5979146161205648
0.7979056603636779
1.0468934865738384
1.360885089263742
1.7448754700878144
2.2308616182725696
2.825848052883847
3.5498343215235826
4.381821982966277
5.304810308875306
6.244798815962648
7.109785739063466
7.811771707050892
8.27476306559896
8.463769318868195
8.35879130845529
7.919820946526724
7.152847247834998
6.154863978554526
5.086874079986603
4.084881920640419
3.2238895825959437
2.5148976775783534
1.9629047547027088
1.519911722379354
1.177917368274663
0.8969244476604343
0.6849286573323491
0.5129349070481797
0.37594068100791045
0.2679453115005999
0.18394914661060416
0.11095297593239932
0.05495716340667002
0.017958523367423797
-0.040052082026998385
0.0019430305069413829
0.05193855520249156
0.12493207379679638
0.2199252331639524
0.3339180491519916
0.4839084603859228
0.6808970889802682
0.9328885380220208
1.2568762864583278
1.679862029882774
2.2168482950759363
2.9088318847619257
3.7908146452807054
4.8747986296148405
6.13178523073462
7.471772926116383
8.716756882992382
9.698732447321476
10.336709484512761
10.64671134604926
10.577748142680022
10.014796733326804
8.883830635790916
7.361844605606506
5.777850895872157
4.40285989265722
3.3048729245825164
2.4748850583763318
1.8538952723406106
1.3829038589054197
1.024911341267473
0.7589184315315518
0.5479253772402475
0.3899296943517803
0.2659357100785205
0.1599415790461738
0.08594557470527164
0.027950082155282878
-0.022045389352843465
-0.055042556229972756
-0.11705425412265452
-0.0870590693556528
-0.04406445485286334
0.016928559583707953
0.09592202962466656
0.19791383314241534
0.33590472610063804
0.517896201765905
0.7588827317756562
1.0838677083999724
1.5128532101293184
2.09383507809513
2.8768139388883434
3.925790352658502
5.313766956363639
7.064750692232037
9.042745031120164
10.90573437378083
12.266695382310122
13.053637969283146
13.495622210131836
13.655683403083156
13.09876643401718
11.37980570915842
8.865793132434417
6.418781104307846
4.521804144220005
3.185839341560928
2.257865993612785
1.6128827125518506
1.1488942586605078
0.8149034197755327
0.5619110550154903
0.37291904845177215
0.22692596070401835
0.12193181089812802
0.038937450504832855
-0.028056565867858582
-0.07305128505585896
-0.10804860160082651
-0.13504354491511503
-0.20605596662553546
-0.18606156259088116
-0.1550671936753521
-0.10907349804140874
-0.04908099506702677
0.036910524803881635
0.15389929584355952
0.3118904568729399
0.5258726653362996
0.8278670333062997
1.2438444401670479
1.8168231023120094
2.643794634851957
3.835755420582183
5.566705646201491
7.9996661501289505
11.085671399556428
14.108708333696606
15.916697854677057
16.450587561120827
16.881511410805377
17.811639217511324
17.933753132003737
15.134730447213231
10.501620470621702
6.637524880909137
4.178647527678143
2.697779184404222
1.7898422956625692
1.1978700557536064
0.7928852691792934
0.5108960992600248
0.2999086154254456
0.14891401900401996
0.03792144963437844
-0.04307264458588808
-0.10206669299755096
-0.15205962220304514
-0.18905431865524755
-0.20505038373529427
-0.21504667756975848
-0.30005778408145156
-0.29206280727066863
-0.27506877752240005
-0.25307491903129914
-0.21008370786139466
-0.1540919900111637
-0.06510207673773427
0.05488630709386604
0.22887232656443812
0.4778575081462991
0.7968383028109544
1.3088117818313003
2.075770810041918
3.2716956244380224
5.201561764142633
8.386415173791793
13.293465235200234
18.847730551311503
21.173723637137975
19.84344450094474
18.957033810935734
21.88999311343748
24.930009270053375
19.809400769019813
10.793643302352075
5.4246710518679615
2.9322435558151
1.7066649536895317
1.023802802482671
0.6088494150797118
0.330870663971818
0.13388463576522605
-0.004106725939719748
-0.10709408531470836
-0.18108653270889705
-0.22607877030903703
-0.26407106263083846
-0.2870648198392596
-0.296059447171151
-0.30705397912445
-0.30604999723103055
-0.4040582264507626
-0.41506399312264597
-0.4170702672182625
-0.41707672525707123
-0.40608452214346813
-0.37409426401835477
-0.3321046797929159
-0.26111534030605893
-0.15313275950952662
0.01085508884661619
0.2598346845052033
0.6388058677883092
1.2247539621798726
2.2016266493166636
3.9303024129280946
7.2998699143576316
14.164955279499482
24.924037418245295
27.702140228911198
20.176888793412065
16.784526478793822
20.01228795721737
26.80216906007796
16.932888142350393
5.133006182973187
1.6060181887844542
0.5899688106723481
0.19861322594144065
-0.002213908717660553
-0.14216110553522915
-0.2481373577591918
-0.3171230341155424
-0.3711070849983292
-0.40310052238051647
-0.42709002785011607
-0.44108148146709275
-0.4370752302453922
-0.43706856525688303
-0.4300619016885215
-0.41405818979321907
-0.40305309355452823
-0.5110588731714772
-0.5340649231990585
-0.5530718611456799
-0.5800784998488046
-0.5960859443015772
-0.6080945353623849
-0.6101032294971926
-0.5971162937024417
-0.5641244716656497
-0.4961465535351516
-0.39016602755079344
-0.21719463967679192
0.06774922968205153
0.5375880459988458
1.3770599190089026
3.080402660895934
7.06346471610919
15.447684636577453
15.947055361246294
7.732575758739925
4.78851949711557
2.657902365526348
-5.918122412919548
-13.881766338275126
-8.31926974288163
-4.16051033061779
-2.371655488974772
-1.6303003597540084
-1.2281949014807247
-1.026156502222011
-0.9071376637068693
-0.8321235762224815
-0.7871137780506823
-0.7430984650899626
-0.7080908538061385
-0.6680819659168367
-0.6370741915850252
-0.6060667930088416
-0.5680616743525586
-0.5410547094771145
-0.508051576187651
-0.6080586325191466
-0.6500659289842778
-0.6990700296023501
-0.7420782879806131
-0.7880870483463213
-0.8390953924840103
-0.8891067381427376
-0.9361174201992928
-0.983136867008448
-1.029147770343183
-1.0791678511491851
-1.1241965234089517
-1.2012477022726014
-1.35338429403545
-1.744785936036214
-2.913038271320204
-6.805155467029892
-17.708236861018975
-23.927282023514508
-14.144399658828934
-10.116938176344625
-13.097856310376455
-22.309128188414697
-24.082428865834117
-15.026941439172877
-8.291148857037086
-4.935284602037589
-3.269232833269128
-2.385187415595224
-1.8801627865037596
-1.5651455726526058
-1.355130384912924
-1.2001171561448405
-1.0831047834273275
-0.98809445046763
-0.9050848937280783
-0.8320769041561884
-0.7680701861126302
-0.7120625195510477
-0.6550586666352006
-0.6110525198173591
-0.7120592269679777
-0.7690661796291333
-0.841071082821373
-0.9120791992140408
-0.9930870478919448
-1.081095741232693
-1.1771048443669525
-1.2981170435683496
-1.4271276548958765
-1.5931469205542286
-1.7891676145439908
-2.0691927319065413
-2.4762320499838273
-3.166309557203708
-4.459446517750605
-7.1483861698260664
-12.890981990697751
-19.85401767961337
-26.05626631169329
-20.767633033487932
-16.967752383272103
-17.20673078238839
-19.32649114276256
-18.567876500248214
-13.891299479078148
-9.390112794669754
-6.329195185898924
-4.48519848126177
-3.3701858228123753
-2.662169628247297
-2.189152604245362
-1.858136658910476
-1.612120587657151
-1.4201094771946203
-1.2640970358551633
-1.1350891508597882
-1.0290787962742018
-0.9330732650607741
-0.8500653677098211
-0.7740594170139237
-0.7140531281032113
-0.8070630843703904
-0.8890658395427236
-0.9770717111098572
-1.0760805970186191
-1.1900870192401116
-1.321095419293127
-1.4751059436729907
-1.6511171170863645
-1.8611348232238438
-2.12614748854477
-2.460167350540343
-2.9211905008077768
-3.566221125119956
-4.549262660039747
-6.136305486126821
-8.765268063837121
-12.83216555456792
-17.504079471611963
-19.825386354966756
-18.87259157022809
-17.322704255269084
-16.638679681333517
-16.22552520388417
-14.840170694540545
-12.195542821043954
-9.322263471025238
-6.984124873656429
-5.303192449924257
-4.1421923217090555
-3.333177774909898
-2.7541597905850064
-2.3281464156171605
-2.0041273187119577
-1.7481142617440075
-1.5351018214741659
-1.3660919360757933
-1.2190842066886454
-1.0900773335346046
-0.9860688567007169
-0.893061432380216
-0.811054312972571
-0.9040630152573752
-0.999066427893004
-1.106074482715536
-1.2340795023750915
-1.3770875617660796
-1.543094598597956
-1.741104811740741
-1.978115992489831
-2.2581287386629065
-2.6031469085697454
-3.038167403312273
-3.611191086979055
-4.375220572679908
-5.445253705240594
-6.954286055825779
-9.050288206349606
-11.669281217910362
-14.264339108654303
-15.872483342614954
-16.16059378461464
-15.722659583124578
-15.096645803724096
-14.230558377932525
-12.880371983830623
-11.038078950748217
-9.055966199754364
-7.273146951881675
-5.827210455971009
-4.718203267524504
-3.8811838682072377
-3.238164062055155
-2.744147247744424
-2.357130085944947
-2.0461165704834507
-1.789104794169787
-1.5730944066747228
-1.3980839216107905
-1.241078750889498
-1.1150691788043525
-0.9990651844797539
-0.9030570910601144
-0.9930581685988976
-1.1020678683501857
-1.2320706530567198
-1.3810799996639775
-1.5500860927149325
-1.75209467805088
-1.9841031292352982
-2.263117881247869
-2.598127810357253
-3.008146682453316
-3.5131674289777517
-4.150192021079545
-4.95822171377446
-5.997253477428511
-7.324271853940016
-8.943917656149784
-10.752154891802903
-12.44044060254972
-13.63453375236433
-14.171599315187462
-14.133634080837364
-13.69962521679831
-12.909573961374951
-11.776473049358236
-10.369283579583328
-8.858921693008703
-7.426233203855527
-6.177236332785655
-5.145212547528098
-4.311188613136982
-3.6421668324784697
-3.0991514302275194
-2.6651346547527157
-2.3121167101128997
-2.01410629628415
-1.7680966961225038
-1.5590881647303378
-1.3860784233652244
-1.2290726113210921
-1.1000656017273414
-0.9880578425562602
-1.0700577153073352
-1.196067419182507
-1.3400709496208765
-1.5080768828897244
-1.698086403345304
-1.9280938242966468
-2.1911029571720397
-2.5071120727980065
-2.8841288418281477
-3.3391448959341465
-3.884166405852859
-4.546192913807326
-5.354223235116453
-6.328254515325675
-7.476264908861643
-8.78129606540103
-10.132341168450075
-11.363486198926015
-12.294548851574255
-12.812592908703678
-12.903614405264202
-12.615606722317427
-11.988571619858952
-11.065520261356408
-9.931554909299274
-8.718300598283747
-7.51529334962711
-6.416255960470457
-5.457220577269926
-4.636194543000361
-3.959173990786807
-3.397150191219773
-2.9281341864007633
-2.5421200302053433
-2.2141077942375484
-1.9390965648904757
-1.7070856596997492
-1.5060831189629622
-1.338070071193842
-1.189068664854223
-1.0640574686991564
-1.134065579124084
-1.2740651285286442
-1.4270771223941157
-1.6120779284867244
-1.829084909882661
-2.0750937895670165
-2.3671006053307617
-2.712114049615744
-3.117125940895466
-3.598144747439393
-4.163167762375651
-4.828194231769382
-5.622223290881941
-6.522255378945217
-7.536267482737065
-8.619937827016445
-9.706420926560117
-10.680500786414436
-11.440547619009502
-11.896582305008607
-12.027598372922306
-11.820590371015863
-11.322555496246604
-10.569494927729625
-9.63333380499732
-8.605385965096255
-7.560320046097378
-6.570266998785988
-5.671226656339715
-4.887194947731905
-4.207172826063182
-3.6291477673847377
-3.143137269054296
-2.7311200889551848
-2.3791099077119826
-2.0810994953532105
-1.8260900574093246
-1.6100805385316794
-1.4260684272521709
-1.263067653272574
-1.1260642667257093
-1.1840577156473493
-1.3340644937789101
-1.4990724401084565
-1.699077721215161
-1.9250860692616976
-2.193091913094383
-2.5011064787318658
-2.8651145102639184
-3.2921305575406707
-3.7901359801565984
-4.366157255516431
-5.034192048305403
-5.7902245866736175
-6.632259025760537
-7.548272287232251
-8.491260552067835
-9.417443950288886
-10.230499341475852
-10.874541217816223
-11.275572596502988
-11.407584458527834
-11.257572915100086
-10.841530877816975
-10.208039233938962
-9.376825667316025
-8.508397574981215
-7.575344490643048
-6.668271804455921
-5.826230147041772
-5.063196817542559
-4.392170759369722
-3.8091452837923994
-3.30313741449654
-2.877119080483233
-2.508113834980766
-2.1931092735782305
-1.9191034022463558
-1.69308208641659
-1.4940910246508503
-1.3270719167577152
-1.1770783587020384
-1.2230393379189806
-1.3780449168986533
-1.5530776747827095
-1.7570794909197984
-1.9970857852770378
-2.2731040891128322
-2.599090636173291
-2.9741217978410406
-3.4121241226677728
-3.920146708777552
-4.502162692497089
-5.1641893429661865
-5.896223157916574
-6.702247794985342
-7.545269634957647
-8.394702207065516
-9.23144874399671
-9.948497887760329
-10.510538036928947
-10.876568252014918
-10.995591966869092
-10.86956763733051
-10.516514388172672
-9.95541431146857
-9.237799064222559
-8.427399309332571
-7.573330012364832
-6.725267967068985
-5.922220617767014
-5.181191221985127
-4.519156987980298
-3.9301479406191597
-3.419139444543416
-2.9791175408165578
-2.6001254427598335
-2.271115823623684
-1.9950742213599217
-1.755085197029229
-1.5480780527030076
-1.3700656564510454
-1.2240087226848253
-1.246078067507854
-1.402072615864295
-1.5810691077463266
-1.794067757411127
-2.038149501612981
-2.331019689162843
-2.6561246504214684
-3.039119510506977
-3.4860952774850675
-3.9991451206144855
-4.57816712318981
-5.234198247669252
-5.955226162833241
-6.733251556600911
-7.545262710998992
-8.341340952844714
-9.120449019377244
-9.793491574963646
-10.311534431210504
-10.645560106916427
-10.76157346314687
-10.65056332097626
-10.323525066362548
-9.803420400972962
-9.129020752788888
-8.37739601416738
-7.561328063271329
-6.748274675543338
-5.970221777216278
-5.242228950752405
-4.58816112188085
-3.9991881822482607
-3.4891064063343666
-3.044123979730762
-2.655166887943546
-2.325148925886632
-2.040115409713258
-1.7940459894151133
-1.583969421398337
-1.4000568239787359
-1.247035242940951
-1.250516900614285
-1.4080188455549416
-1.590728797046898
-1.803737415201432
-2.054591145428275
-2.339473738315182
-2.67405926358692
-3.0613820430871836
-3.5092551101991134
-4.02228327663452
-4.604735815121884
-5.258589820097984
-5.978532216237521
-6.749657379761379
-7.551871089764999
-8.34503525565167
-9.092746113191422
-9.743500836284586
-10.253537268647175
-10.573708100168238
-10.680726617340396
-10.57318983776559
-10.251575716663934
-9.748932957261726
-9.09728762280021
-8.347394743930098
-7.553651215897434
-6.752285291767701
-5.9822350961056445
-5.263347849605036
-4.608152765471167
-4.0270657012137105
-3.5111472035390294
-3.063423994364887
-2.6764415907248615
-2.339731298920598
-2.052752218941069
-1.8070292315931886
-1.596021921733321
-1.409349963568805
-1.252028801548844
-1.246078067507854
-1.402072615864295
-1.5810691077463266
-1.794067757411127
-2.038149501612981
-2.331019689162843
-2.6561246504214684
-3.039119510506977
-3.4860952774850675
-3.9991451206144855
-4.57816712318981
-5.234198247669252
-5.955226162833241
-6.733251556600911
-7.545262710998992
-8.341340952844714
-9.120449019377244
-9.793491574963646
-10.311534431210504
-10.645560106916427
-10.76157346314687
-10.65056332097626
-10.323525066362548
-9.803420400972962
-9.129020752788888
-8.37739601416738
-7.561328063271329
-6.748274675543338
-5.970221777216278
-5.242228950752405
-4.58816112188085
-3.9991881822482607
-3.4891064063343666
-3.044123979730762
-2.655166887943546
-2.325148925886632
-2.040115409713258
-1.7940459894151133
-1.583969421398337
-1.4000568239787359
-1.247035242940951
-1.2230393379189806
-1.3780449168986533
-1.5530776747827095
-1.7570794909197984
-1.9970857852770378
-2.2731040891128322
-2.599090636173291
-2.9741217978410406
-3.4121241226677728
-3.920146708777552
-4.502162692497089
-5.1641893429661865
-5.896223157916574
-6.702247794985342
-7.545269634957647
-8.394702207065516
-9.23144874399671
-9.948497887760329
-10.510538036928947
-10.876568252014918
-10.995591966869092
-10.86956763733051
-10.516514388172672
-9.95541431146857
-9.237799064222559
-8.427399309332571
-7.573330012364832
-6.725267967068985
-5.922220617767014
-5.181191221985127
-4.519156987980298
-3.9301479406191597
-3.419139444543416
-2.9791175408165578
-2.6001254427598335
-2.271115823623684
-1.9950742213599217
-1.755085197029229
-1.5480780527030076
-1.3700656564510454
-1.2240087226848253
-1.1840577156473493
-1.3340644937789101
-1.4990724401084565
-1.699077721215161
-1.9250860692616976
-2.193091913094383
-2.5011064787318658
-2.8651145102639184
-3.2921305575406707
-3.7901359801565984
-4.366157255516431
-5.034192048305403
-5.7902245866736175
-6.632259025760537
-7.548272287232251
-8.491260552067835
-9.417443950288886
-10.230499341475852
-10.874541217816223
-11.275572596502988
-11.407584458527834
-11.257572915100086
-10.841530877816975
-10.208039233938962
-9.376825667316025
-8.508397574981215
-7.575344490643048
-6.668271804455921
-5.826230147041772
-5.063196817542559
-4.392170759369722
-3.8091452837923994
-3.30313741449654
-2.877119080483233
-2.508113834980766
-2.1931092735782305
-1.9191034022463558
-1.69308208641659
-1.4940910246508503
-1.3270719167577152
-1.1770783587020384
-1.134065579124084
-1.2740651285286442
-1.4270771223941157
-1.6120779284867244
-1.829084909882661
-2.0750937895670165
-2.3671006053307617
-2.712114049615744
-3.117125940895466
-3.598144747439393
-4.163167762375651
-4.828194231769382
-5.622223290881941
-6.522255378945217
-7.536267482737065
-8.619937827016445
-9.706420926560117
-10.680500786414436
-11.440547619009502
-11.896582305008607
-12.027598372922306
-11.820590371015863
-11.322555496246604
-10.569494927729625
-9.63333380499732
-8.605385965096255
-7.560320046097378
-6.570266998785988
-5.671226656339715
-4.887194947731905
-4.207172826063182
-3.6291477673847377
-3.143137269054296
-2.7311200889551848
-2.3791099077119826
-2.0810994953532105
-1.8260900574093246
-1.6100805385316794
-1.4260684272521709
-1.263067653272574
-1.1260642667257093
-1.0700577153073352
-1.196067419182507
-1.3400709496208765
-1.5080768828897244
-1.698086403345304
-1.9280938242966468
-2.1911029571720397
-2.5071120727980065
-2.8841288418281477
-3.3391448959341465
-3.884166405852859
-4.546192913807326
-5.354223235116453
-6.328254515325675
-7.476264908861643
-8.78129606540103
-10.132341168450075
-11.363486198926015
-12.294548851574255
-12.812592908703678
-12.903614405264202
-12.615606722317427
-11.988571619858952
-11.065520261356408
-9.931554909299274
-8.718300598283747
-7.51529334962711
-6.416255960470457
-5.457220577269926
-4.636194543000361
-3.959173990786807
-3.397150191219773
-2.9281341864007633
-2.5421200302053433
-2.2141077942375484
-1.9390965648904757
-1.7070856596997492
-1.5060831189629622
-1.338070071193842
-1.189068664854223
-1.0640574686991564
-0.9930581685988976
-1.1020678683501857
-1.2320706530567198
-1.3810799996639775
-1.5500860927149325
-1.75209467805088
-1.9841031292352982
-2.263117881247869
-2.598127810357253
-3.008146682453316
-3.5131674289777517
-4.150192021079545
-4.95822171377446
-5.997253477428511
-7.324271853940016
-8.943917656149784
-10.752154891802903
-12.44044060254972
-13.63453375236433
-14.171599315187462
-14.133634080837364
-13.69962521679831
-12.909573961374951
-11.776473049358236
-10.369283579583328
-8.858921693008703
-7.426233203855527
-6.177236332785655
-5.145212547528098
-4.311188613136982
-3.6421668324784697
-3.0991514302275194
-2.6651346547527157
-2.3121167101128997
-2.01410629628415
-1.7680966961225038
-1.5590881647303378
-1.3860784233652244
-1.2290726113210921
-1.1000656017273414
-0.9880578425562602
-0.9040630152573752
-0.999066427893004
-1.106074482715536
-1.2340795023750915
-1.3770875617660796
-1.543094598597956
-1.741104811740741
-1.978115992489831
-2.2581287386629065
-2.6031469085697454
-3.038167403312273
-3.611191086979055
-4.375220572679908
-5.445253705240594
-6.954286055825779
-9.050288206349606
-11.669281217910362
-14.264339108654303
-15.872483342614954
-16.16059378461464
-15.722659583124578
-15.096645803724096
-14.230558377932525
-12.880371983830623
-11.038078950748217
-9.055966199754364
-7.273146951881675
-5.827210455971009
-4.718203267524504
-3.8811838682072377
-3.238164062055155
-2.744147247744424
-2.357130085944947
-2.0461165704834507
-1.789104794169787
-1.5730944066747228
-1.3980839216107905
-1.241078750889498
-1.1150691788043525
-0.9990651844797539
-0.9030570910601144
-0.8070630843703904
-0.8890658395427236
-0.9770717111098572
-1.0760805970186191
-1.1900870192401116
-1.321095419293127
-1.4751059436729907
-1.6511171170863645
-1.8611348232238438
-2.12614748854477
-2.460167350540343
-2.9211905008077768
-3.566221125119956
-4.549262660039747
-6.136305486126821
-8.765268063837121
-12.83216555456792
-17.504079471611963
-19.825386354966756
-18.87259157022809
-17.322704255269084
-16.638679681333517
-16.22552520388417
-14.840170694540545
-12.195542821043954
-9.322263471025238
-6.984124873656429
-5.303192449924257
-4.1421923217090555
-3.333177774909898
-2.7541597905850064
-2.3281464156171605
-2.0041273187119577
-1.7481142617440075
-1.5351018214741659
-1.3660919360757933
-1.2190842066886454
-1.0900773335346046
-0.9860688567007169
-0.893061432380216
-0.811054312972571
-0.7120592269679777
-0.7690661796291333
-0.841071082821373
-0.9120791992140408
-0.9930870478919448
-1.081095741232693
-1.1771048443669525
-1.2981170435683496
-1.4271276548958765
-1.5931469205542286
-1.7891676145439908
-2.0691927319065413
-2.4762320499838273
-3.166309557203708
-4.459446517750605
-7.1483861698260664
-12.890981990697751
-19.85401767961337
-26.05626631169329
-20.767633033487932
-16.967752383272103
-17.20673078238839
-19.32649114276256
-18.567876500248214
-13.891299479078148
-9.390112794669754
-6.329195185898924
-4.48519848126177
-3.3701858228123753
-2.662169628247297
-2.189152604245362
-1.858136658910476
-1.612120587657151
-1.4201094771946203
-1.2640970358551633
-1.1350891508597882
-1.0290787962742018
-0.9330732650607741
-0.8500653677098211
-0.7740594170139237
-0.7140531281032113
-0.6080586325191466
-0.6500659289842778
-0.6990700296023501
-0.7420782879806131
-0.7880870483463213
-0.8390953924840103
-0.8891067381427376
-0.9361174201992928
-0.983136867008448
-1.029147770343183
-1.0791678511491851
-1.1241965234089517
-1.2012477022726014
-1.35338429403545
-1.744785936036214
-2.913038271320204
-6.805155467029892
-17.708236861018975
-23.927282023514508
-14.144399658828934
-10.116938176344625
-13.097856310376455
-22.309128188414697
-24.082428865834117
-15.026941439172877
-8.291148857037086
-4.935284602037589
-3.269232833269128
-2.385187415595224
-1.8801627865037596
-1.5651455726526058
-1.355130384912924
-1.2001171561448405
-1.0831047834273275
-0.98809445046763
-0.9050848937280783
-0.8320769041561884
-0.7680701861126302
-0.7120625195510477
-0.6550586666352006
-0.6110525198173591
-0.5110588731714772
-0.5340649231990585
-0.5530718611456799
-0.5800784998488046
-0.5960859443015772
-0.6080945353623849
-0.6101032294971926
-0.5971162937024417
-0.5641244716656497
-0.4961465535351516
-0.39016602755079344
-0.21719463967679192
0.06774922968205153
0.5375880459988458
1.3770599190089026
3.080402660895934
7.06346471610919
15.447684636577453
15.947055361246294
7.732575758739925
4.78851949711557
2.657902365526348
-5.918122412919548
-13.881766338275126
-8.31926974288163
-4.16051033061779
-2.371655488974772
-1.6303003597540084
-1.2281949014807247
-1.026156502222011
-0.9071376637068693
-0.8321235762224815
-0.7871137780506823
-0.7430984650899626
-0.7080908538061385
-0.6680819659168367
-0.6370741915850252
-0.6060667930088416
-0.5680616743525586
-0.5410547094771145
-0.508051576187651
-0.4040582264507626
-0.41506399312264597
-0.4170702672182625
-0.41707672525707123
-0.40608452214346813
-0.37409426401835477
-0.3321046797929159
-0.26111534030605893
-0.15313275950952662
0.01085508884661619
0.2598346845052033
0.6388058677883092
1.2247539621798726
2.2016266493166636
3.9303024129280946
7.2998699143576316
14.164955279499482
24.924037418245295
27.702140228911198
20.176888793412065
16.784526478793822
20.01228795721737
26.80216906007796
16.932888142350393
5.133006182973187
1.6060181887844542
0.5899688106723481
0.19861322594144065
-0.002213908717660553
-0.14216110553522915
-0.2481373577591918
-0.3171230341155424
-0.3711070849983292
-0.40310052238051647
-0.42709002785011607
-0.44108148146709275
-0.4370752302453922
-0.43706856525688303
-0.4300619016885215
-0.41405818979321907
-0.40305309355452823
-0.30005778408145156
-0.29206280727066863
-0.27506877752240005
-0.25307491903129914
-0.21008370786139466
-0.1540919900111637
-0.06510207673773427
0.05488630709386604
0.22887232656443812
0.4778575081462991
0.7968383028109544
1.3088117818313003
2.075770810041918
3.2716956244380224
5.201561764142633
8.386415173791793
13.293465235200234
18.847730551311503
21.173723637137975
19.84344450094474
18.957033810935734
21.88999311343748
24.930009270053375
19.809400769019813
10.793643302352075
5.4246710518679615
2.9322435558151
1.7066649536895317
1.023802802482671
0.6088494150797118
0.330870663971818
0.13388463576522605
-0.004106725939719748
-0.10709408531470836
-0.18108653270889705
-0.22607877030903703
-0.26407106263083846
-0.2870648198392596
-0.296059447171151
-0.30705397912445
-0.30604999723103055
-0.20605596662553546
-0.18606156259088116
-0.1550671936753521
-0.10907349804140874
-0.04908099506702677
0.036910524803881635
0.15389929584355952
0.3118904568729399
0.5258726653362996
0.8278670333062997
1.2438444401670479
1.8168231023120094
2.643794634851957
3.835755420582183
5.566705646201491
7.9996661501289505
11.085671399556428
14.108708333696606
15.916697854677057
16.450587561120827
16.881511410805377
17.811639217511324
17.933753132003737
15.134730447213231
10.501620470621702
6.637524880909137
4.178647527678143
2.697779184404222
1.7898422956625692
1.1978700557536064
0.7928852691792934
0.5108960992600248
0.2999086154254456
0.14891401900401996
0.03792144963437844
-0.04307264458588808
-0.10206669299755096
-0.15205962220304514
-0.18905431865524755
-0.20505038373529427
-0.21504667756975848
-0.11705425412265452
-0.0870590693556528
-0.04406445485286334
0.016928559583707953
0.09592202962466656
0.19791383314241534
0.33590472610063804
0.517896201765905
0.7588827317756562
1.0838677083999724
1.5128532101293184
2.09383507809513
2.8768139388883434
3.925790352658502
5.313766956363639
7.064750692232037
9.042745031120164
10.90573437378083
12.266695382310122
13.053637969283146
13.495622210131836
13.655683403083156
13.09876643401718
11.37980570915842
8.865793132434417
6.418781104307846
4.521804144220005
3.185839341560928
2.257865993612785
1.6128827125518506
1.1488942586605078
0.8149034197755327
0.5619110550154903
0.37291904845177215
0.22692596070401835
0.12193181089812802
0.038937450504832855
-0.028056565867858582
-0.07305128505585896
-0.10804860160082651
-0.13504354491511503
-0.040052082026998385
0.0019430305069413829
0.05193855520249156
0.12493207379679638
0.2199252331639524
0.3339180491519916
0.4839084603859228
0.6808970889802682
0.9328885380220208
1.2568762864583278
1.679862029882774
2.2168482950759363
2.9088318847619257
3.7908146452807054
4.8747986296148405
6.13178523073462
7.471772926116383
8.716756882992382
9.698732447321476
10.336709484512761
10.64671134604926
10.577748142680022
10.014796733326804
8.883830635790916
7.361844605606506
5.777850895872157
4.40285989265722
3.3048729245825164
2.4748850583763318
1.8538952723406106
1.3829038589054197
1.024911341267473
0.7589184315315518
0.5479253772402475
0.3899296943517803
0.2659357100785205
0.1599415790461738
0.08594557470527164
0.027950082155282878
-0.022045389352843465
-0.055042556229972756
0.029950066685920852
0.07794564998456492
0.13694088173732108
0.2179352994579119
0.3169291146128754
0.44192191051513374
0.5979146161205648
0.7979056603636779
1.0468934865738384
1.360885089263742
1.7448754700878144
2.2308616182725696
2.825848052883847
3.5498343215235826
4.381821982966277
5.304810308875306
6.244798815962648
7.109785739063466
7.811771707050892
8.27476306559896
8.463769318868195
8.35879130845529
7.919820946526724
7.152847247834998
6.154863978554526
5.086874079986603
4.084881920640419
3.2238895825959437
2.5148976775783534
1.9629047547027088
1.519911722379354
1.177917368274663
0.8969244476604343
0.6849286573323491
0.5129349070481797
0.37594068100791045
0.2679453115005999
0.18394914661060416
0.11095297593239932
0.05495716340667002
0.017958523367423797
0.08495218044846287
0.14394807527904707
0.2099433902349852
0.2929385320517301
0.3999328689833973
0.5239250894569691
0.6809188384605557
0.8749115406578817
1.11190101252831
1.4048948592272719
1.7498725862091942
2.174853435632063
2.67786204697486
3.257852002139321
3.9038424562814455
4.585832800081747
5.2748231033426105
5.888814941318561
6.387807640769906
6.711805236139284
6.8388110230702495
6.740825322043084
6.413844313080295
5.878862197547743
5.192876237947276
4.439886547301941
3.7048945506717397
3.036900995320399
2.4619067480371117
1.9809131501423602
1.581919567860312
1.2559242787686036
0.9959293349057067
0.7789349882744048
0.6009401549001233
0.46494430585785207
0.3539480684249233
0.26095257878260086
0.18095583998884401
0.12795803906019887
0.07296239212407789
0.14295395492493518
0.19795106024750211
0.269946702990415
0.35294183671396684
0.4569372180746906
0.5829315655573936
0.7369248723743922
0.9199181603161911
1.1459108164230252
1.396903558754179
1.7138948524370219
2.076886398369427
2.495876078393883
2.9588691402555747
3.4638644982418687
3.9838532464658796
4.488849730460558
4.934865798089242
5.2928386687274
5.522839444191808
5.61084340785292
5.527852763532581
5.287865234790393
4.906877305670243
4.41788855648348
3.872897256792927
3.3309033964484596
2.8099090543873007
2.33691470022901
1.9309196686593262
1.5829162772182779
1.284926470353728
1.0409355175873938
0.8399388776129867
0.6699441362548221
0.531947806759441
0.41895086267653214
0.3259547194260189
0.24395837827148636
0.18196091896110778
0.12696385509678393
0.18095748855761828
0.24195370954501885
0.31394986749052645
0.397945313082573
0.49594173082469073
0.6199363367793398
0.7689302662926066
0.9409249592832636
1.1369186160058444
1.3739119045659491
1.6459055013512427
1.955898013749457
2.3008909501292405
2.6748809598749412
3.0708774952735096
3.4648726962033014
3.8458679112821446
4.1768591907216575
4.439843656588261
4.606864046422478
4.663861606001478
4.603873660720415
4.421883172278559
4.147891887807639
3.7939001039256817
3.3889069312501006
2.9759137804571014
2.5679215876465884
2.1849229848132734
1.847925159565726
1.5479317082861443
1.2879361498081696
1.064940064721372
0.8729441759261577
0.7119483953107754
0.5809511520018531
0.4669546692527044
0.37195835544337025
0.29896018188746476
0.22596334063369408
0.17296598982081116
