0.05803970329352084
0.06004297048820607
0.06204647998607973
0.06305047924390308
0.06305500202099956
0.06205997533049593
0.057065802236332834
0.049072325194714383
0.0360798073172561
0.015088766450712656
-0.014902621989194568
-0.05589120047028732
-0.11087863509582446
-0.18085967150837148
-0.26284951696891784
-0.35383486391114743
-0.4458193355686765
-0.5277976440054813
-0.5907634304863328
-0.6247863331424415
-0.6237735717054688
-0.5857861559758312
-0.5137965747399671
-0.4168091269002726
-0.3078231000785861
-0.20083731479579964
-0.10585378287162117
-0.030872123496763923
0.025122790052851958
0.06211553052161592
0.08510149777107195
0.09709242117756517
0.1020845321850428
0.10207743467111693
0.09807124044491998
0.09406550342280709
0.08806049866040801
0.08305576468661559
0.0770516019286851
0.07204781150915239
0.06704439660466678
0.06604078242155319
0.06904411428590324
0.07304772933971015
0.07605186098136563
0.07805650767148385
0.07906177172439553
0.07706793191117547
0.0710750645684117
0.0600831891590378
0.0400927589704977
0.009103839337164518
-0.03688320950784441
-0.10286578912948058
-0.19085162663758598
-0.29983920037373085
-0.42581295832419624
-0.5567962539621599
-0.6778075474751422
-0.7707543604985627
-0.8227435208859649
-0.823739027262861
-0.7697435258311807
-0.6647567969910488
-0.5217747367815696
-0.36279466738967775
-0.20881444648195238
-0.080833402382258
0.015151119118645539
0.07913604878344806
0.11612249528331134
0.1351269326516427
0.14110732238473664
0.1390896246205154
0.1320835575421622
0.1240754475035797
0.11506936126877257
0.10606415281517438
0.09705871472799978
0.0890542441457348
0.0820500332695692
0.07504646601207654
0.0740415170888234
0.0790448072391869
0.08404851370450339
0.08905274365983631
0.09405745449595498
0.09706475329960938
0.09907000052628193
0.09807687228939187
0.09008834212544882
0.07409480831212538
0.04412369240481131
-0.00584922877748905
-0.08285842562443052
-0.19183831810043894
-0.33781578686783703
-0.5137899339572838
-0.7047614638431864
-0.8857324638955271
-1.0227053849217358
-1.1016853794828003
-1.1076786940982182
-1.0356872454362809
-0.8827080266524369
-0.6667344170025167
-0.42576210483048993
-0.2017885850765702
-0.026813277095917236
0.09116463907782459
0.15914568074474272
0.19112950106066567
0.19911583995821597
0.1941050244741747
0.1820951672463531
0.1680865530708563
0.1520791103670237
0.13707253651644916
0.1240668242144917
0.1120614260383135
0.10105669775586101
0.09205235062682972
0.08404845630138082
0.0810420248417136
0.08804523967836073
0.09504892225413072
0.10205298497343189
0.11005759388348949
0.11706301041417974
0.12406919462514135
0.12707696514829422
0.1260884403680612
0.11609635484681992
0.09110800081829612
0.04212514843463758
-0.0428544474223986
-0.17683003754358997
-0.3708013986039743
-0.6207684431653395
-0.9037315363655729
-1.172690900716005
-1.3766492742182943
-1.4886158602125155
-1.5056038020116917
-1.415618328932476
-1.2016511094708882
-0.8716887514488808
-0.4957249983269134
-0.16175950534640818
0.07620735474392226
0.2141785185776919
0.2771550013986489
0.29113632579841664
0.2801217200517668
0.2581117776133511
0.2310992594447928
0.2060926120168883
0.18208255309385757
0.16007553658086948
0.14206935864957604
0.12606386064133007
0.11305883794016836
0.10105445105111721
0.09205027829842104
0.08904199564264799
0.096045352223115
0.10504882471548774
0.11505254970428538
0.12605698094415288
0.13706187402556727
0.1490688572729131
0.16007788589738414
0.16808332696822853
0.16809382502560358
0.15410767811461587
0.11412359947984789
0.02814590503876263
-0.12682557266423006
-0.3787903757800785
-0.7377493509772965
-1.1677042598871457
-1.5746525393536475
-1.858593288422418
-1.9865382293634601
-2.0115170521087915
-1.9395438702621512
-1.6685930488970724
-1.1626355823141552
-0.5576746568291103
-0.04972168388085737
0.2652283448324241
0.40618815488078014
0.4391592405466571
0.4181387896573801
0.3751238115950702
0.32811262041694106
0.2831017402356437
0.24409283647024563
0.2110864689627097
0.18307828303310417
0.16007193927000993
0.14006642017529508
0.12406122602823408
0.11005671838916765
0.09905231483856779
0.09504195108445744
0.10404479547825311
0.1140479826851821
0.12705138873576227
0.14105504698402066
0.15605948824575894
0.1740647594745733
0.19406809646315315
0.21307734698203296
0.2290877670097651
0.23409769512429915
0.21411408977911262
0.14513745936384762
-0.015829302435800958
-0.3277851610940972
-0.8377352275576138
-1.5076885417950294
-2.137638355835131
-2.4605611855167897
-2.4564723018919357
-2.4404366224939786
-2.5324846047738148
-2.3475506783024156
-1.5905815730390276
-0.5705929017184657
0.2123383709083965
0.5942474507042274
0.6901869216949101
0.6501544035849705
0.5661353438174679
0.47812216632687404
0.4001115037207312
0.33410449041487267
0.28009434796914523
0.2370875799463359
0.2020803301338798
0.17407388872082402
0.15206802731395788
0.13306291904110037
0.11805816886307886
0.10505392542884597
0.10004126668203545
0.1100436330683364
0.12204622544454227
0.136049084853301
0.15205210925933768
0.17205522796217598
0.19506066698371788
0.2230616351840638
0.2550738145250529
0.29006670340544183
0.3220804238220651
0.3400927800156078
0.31511297946217165
0.1891481793281571
-0.1457923302135433
-0.8227133267480798
-1.8406594457667762
-2.7846593650869544
-2.9366465934167096
-2.257557725307832
-1.8605216169515644
-2.3456580220816674
-2.5557037267735496
-1.5925280484327127
-0.1794033265767003
0.7853982447895682
1.1021990517380529
1.046134851145494
0.878122162863518
0.710117501409555
0.5701125563869809
0.4601063281481163
0.374094817230293
0.3080931751959566
0.25708574962536135
0.21708080000351956
0.1850748394108548
0.16006924820955531
0.14006420772935085
0.12305959158421466
0.11005522109763134
0.10304011124214509
0.11304221118626932
0.12604406565267456
0.14104578935469222
0.15904779999509702
0.1820494891317822
0.2100501673611183
0.24505107378859559
0.28805268664404743
0.3420525036149307
0.4220563538669787
0.4970596146208684
0.5630669628410411
0.56108809578287
0.35415067677405243
-0.2877183428865321
-1.393688553418193
-2.2519036094563796
-1.7409312332572437
0.4210978232996355
2.0473902732640115
1.8961910133341942
3.4509636865233504
3.750258653300432
2.246330489021246
1.9150883102328569
1.7198791825253843
1.3779676784794763
1.0530376257283607
0.8040703502735007
0.6220829374762386
0.49008633967921617
0.392090762639851
0.3190832472152062
0.2630809059537112
0.22107542538449979
0.1880710303514781
0.16206656222169172
0.1410620671303318
0.1250579072179541
0.11105395946783592
0.10603990707841861
0.11604163972313762
0.12904259877388272
0.14504329688706186
0.1640437610544862
0.18804339268173673
0.21804297809836876
0.258038841602448
0.3110388858156417
0.3810280060319024
0.4760184373574751
0.603003495378543
0.7669770071541855
0.9459264876042215
1.0428661891318782
0.9450268875192376
1.6291192693485208
6.375946926114087
9.89125102531062
9.121899168412021
11.053597416607413
14.582182606453726
31.762423995901454
25.978230559053866
7.15329374971983
2.7015003862340112
1.8923901084256551
1.4237641950277191
1.061944652812156
0.8010224268576984
0.6160555987045614
0.4830698814776577
0.38606996592184034
0.3140767217358515
0.2590743365071961
0.2180729395497344
0.18507005380196673
0.16006632617373495
0.14006235097052483
0.12405847725531918
0.11105457304773375
0.10403828357354941
0.11403886941556998
0.12603875977062587
0.14003824707697884
0.15703672060549143
0.17903367145224552
0.20802750148840496
0.24602140145836182
0.2980058961310716
0.37099498179168444
0.4749718163336717
0.6299335113427534
0.858859342857923
1.1906829058161574
1.6282582717210434
2.441119531525404
7.626972268589426
33.71813721831107
46.95556921010385
21.77597852413146
18.37341434582514
22.76645001325183
47.1913556716975
33.59875785320057
6.016344915498084
1.3626100467322553
1.1573143082665414
1.053696163502625
0.8748985310628624
0.6989946040975792
0.5560384573587923
0.4450596880334423
0.3610759841863031
0.29707110976081513
0.24807610957550136
0.2100732784445127
0.1810707476474423
0.15806746239752462
0.1390639537278603
0.12406018744045985
0.11205616110710423
0.0970335477532744
0.1050330573736278
0.11403173451427367
0.12402961832883969
0.13702557293626233
0.15301951967520463
0.17401194472749185
0.20199795501083057
0.24098507405490946
0.2959540701076783
0.3779164103275853
0.502856826465366
0.6927462025070747
0.9695038950941571
1.2959657352112104
1.7148081908166386
4.9812555603636595
22.48865627790302
31.955275975179855
15.24473572420079
13.29176308271774
10.996094589924896
9.702732406102573
3.8070446168899106
-1.5779742491559474
-1.1803066728931502
-0.06749575515837104
0.4106721410564713
0.5148440892957029
0.4859456625632007
0.4230020555303614
0.35703463560035265
0.3010554359548828
0.2550629778256798
0.21806748039458068
0.18906871330991237
0.16506841002677028
0.14706620841941329
0.13206296971047407
0.11905980634626884
0.10905620498459821
0.0920306205409199
0.09802930073490979
0.1040268413193143
0.11002286134229354
0.11801642174212723
0.12700709157574644
0.13699326014633192
0.15097596884462364
0.16994771936058944
0.19691480488594887
0.235863788606087
0.2927881549551277
0.36766611630536883
0.42945991264995004
0.3231867580491775
-0.33370836387256486
-1.4790498374301224
-1.5376470885201021
-0.6517023709198472
-0.1819170954876708
1.6350343803202125
0.0391991282236858
-3.2195209943562673
-4.790005423451303
-4.0956768427698975
-2.356500618076827
-0.9594687902352743
-0.21633923538326458
0.10479302314759564
0.2188926265219557
0.24496060203317982
0.2370051786035359
0.21703123117292228
0.19605020660419628
0.1760579317549809
0.15806320072648086
0.14406476720150702
0.13106415552592324
0.12006238091019393
0.1110594048822498
0.10305614921912515
0.08502795783481137
0.08802556532364793
0.09102148719862006
0.09701756374696595
0.0980090277610647
0.0989964093895441
0.0969808272625283
0.0949562708473888
0.08892736843028773
0.0798796050401854
0.06381884609975512
0.03473432109684742
-0.030385601930002035
-0.19655036102956874
-0.6387166002305857
-1.692731912950125
-3.5737386849045634
-5.649305167591915
-6.527352694195215
-5.542866636670417
-4.173079246664867
-4.317876160376524
-5.316385461848766
-5.439765635644057
-4.313611916355876
-2.7649639164415922
-1.5074599119244678
-0.7173944997373536
-0.28227675900445504
-0.061167808853005684
0.04591565881264262
0.09598136932800468
0.11601192400712963
0.12303736574396039
0.12304902853559208
0.1200584947920619
0.11606302317860856
0.11106332994459929
0.10606257581765353
0.10106038439350926
0.09505804577468718
0.08102621154527037
0.0810233317511276
0.08001803940282626
0.07601085943404141
0.06999970453331587
0.05998417156267939
0.0439628782037168
0.019934782721544496
-0.01510534736972245
-0.06715742728071511
-0.1452279728964682
-0.2653218312404033
-0.4614439953794106
-0.8005969887088432
-1.400767681015618
-2.4149232916097128
-3.873473590404871
-5.412675942279626
-6.349216328233768
-6.362633389773838
-5.939824009745303
-5.700672911046707
-5.539282213325147
-5.012838622328169
-4.003184310657305
-2.8280017384128393
-1.810611970977136
-1.0795114402890253
-0.607366734089842
-0.32123563346570205
-0.151133550388804
-0.050061374553028344
0.008988213722310632
0.04501881555858871
0.06603872418382899
0.07905156280002724
0.08605844515087713
0.08906082251474014
0.09006091327081966
0.08905957048471795
0.08705762093088909
0.07302360775411207
0.07001919306735516
0.06401318958433969
0.05500417395423708
0.03999132905157333
0.01897321910685517
-0.013052567696588045
-0.057084803317050986
-0.12113135042915432
-0.21319121278292824
-0.3452707347810382
-0.5373732804886842
-0.8235015059093646
-1.2506552373317077
-1.8818161000309694
-2.76860665396453
-3.8702523367445347
-4.976762886041905
-5.797136599560469
-6.14242692633454
-6.113545474519339
-5.858451014827367
-5.418177779518249
-4.740839123256117
-3.837365727554216
-2.8778875090485116
-2.0208296864732396
-1.3526395803063778
-0.8754548382596925
-0.5492997869769982
-0.33318194494500863
-0.1910954178726852
-0.09703571111589855
-0.03400276427398033
0.008026619565013205
0.03604480835762027
0.05405334945060887
0.06605760978864766
0.07305856700224601
0.07705827662006726
0.0790561257701412
0.06502040759379722
0.059015231218416626
0.04900858646475804
0.033997569656512856
0.010982941009010233
-0.021037139746504292
-0.06606784946685719
-0.13010816362619512
-0.21915481220983093
-0.34322172431395925
-0.5173081035209839
-0.7594175852647368
-1.0945531221385953
-1.5557115014904161
-2.169868964914752
-2.9400651515355043
-3.821422261991615
-4.68576214732917
-5.371039499452688
-5.759245272727739
-5.847328325171282
-5.645265323996597
-5.204076059844597
-4.546818286434623
-3.75238088211686
-2.9352199251919333
-2.1859740470206215
-1.568738287833105
-1.0945291346631087
-0.7463561374622517
-0.49621881866723244
-0.3201265699213218
-0.1960623681058171
-0.10901298150118882
-0.04898105521027569
-0.005962898295136809
0.02304832046258884
0.043054470823524454
0.05705605450718972
0.06505695773113201
0.0700553512758415
0.05701851806373669
0.04801332900820123
0.0340054029176069
0.013992599267806907
-0.01502378291329565
-0.05604746959168659
-0.11407784993372784
-0.19411997918963064
-0.30317791677555456
-0.45324629522610266
-0.6563347277305134
-0.928452939616422
-1.2885945502544967
-1.7547583503447943
-2.333922249195003
-3.0118274728591263
-3.753482095971373
-4.460739862927341
-5.039956524973241
-5.403113405827429
-5.51017531689816
-5.361129991475406
-4.96799122264386
-4.39078696451367
-3.700535323618634
-2.980294292687316
-2.3100403069563793
-1.734797870045171
-1.2675811222987508
-0.9053984024798608
-0.6332604694670885
-0.4311614748999139
-0.28407775765171367
-0.17702597686677735
-0.09999118216878616
-0.044968977739252625
-0.004956216700178564
0.022052146481871412
0.04105412876361104
0.05305612221480665
0.06105673557674053
0.051016870949132175
0.03901104567784447
0.022002058431653482
-0.0020113001004870047
-0.037031023822471226
-0.08605419760317216
-0.15308826391107114
-0.2451343004351449
-0.36918979622023573
-0.5362754535272708
-0.7583742358908933
-1.0474816168446441
-1.4166246499474227
-1.8757896198922663
-2.4209570509184464
-3.0322488856369034
-3.6804886345103904
-4.288706035439286
-4.788890759211271
-5.115018495939052
-5.214061518103437
-5.098021547934529
-4.758908602499175
-4.259753501279368
-3.651355491081411
-3.010294938885723
-2.399107191912677
-1.8558316450193955
-1.3976313238521998
-1.0284513602191259
-0.7402799421232662
-0.5211750457563323
-0.35509438983395214
-0.23303666563523662
-0.14299910879804198
-0.07697486925705499
-0.02995943833962089
0.004048256087914389
0.028052936305727666
0.044053974306269665
0.054055816288665244
0.046018348315329846
0.033005745783648656
0.013003184748751144
-0.014015369414695302
-0.05303359469269036
-0.10805848496480044
-0.18209499923478698
-0.2821407059008731
-0.41720127426399556
-0.5962785330798792
-0.8283790627221301
-1.126503466844799
-1.4986452220746498
-1.94679882451415
-2.466970844076623
-3.028752528934146
-3.623488061873932
-4.1636867363892955
-4.613852961421931
-4.907970323630264
-5.006055409972987
-4.900966132711146
-4.6098287068085755
-4.162717466640514
-3.616503029744874
-3.0302947395774305
-2.458073368842313
-1.9368465414858733
-1.4876349065700913
-1.1154532771227779
-0.8183026386844529
-0.5861908134629383
-0.40810593414103546
-0.27504486769328856
-0.17500951309229718
-0.10197782054783582
-0.0479652584460877
-0.009953408074615496
0.017050580549379447
0.03605377507874375
0.04905197345379497
0.04301978972792175
0.0290006057631205
0.008002343226633672
-0.02200605543426393
-0.0630406537999765
-0.12105349742484951
-0.19910482855393224
-0.3051381680141139
-0.44520866356096567
-0.6302864963078028
-0.869384937623472
-1.1705113097651698
-1.5426723082544016
-1.9858189447147914
-2.4889897526925377
-3.023533249338792
-3.5864782681408314
-4.096659032061186
-4.512823870178333
-4.7849184387448105
-4.879961076053026
-4.78594454474185
-4.515818274653078
-4.100703793115785
-3.5914890330564444
-3.039283151533748
-2.489071553667745
-1.982855463288122
-1.5396478199368684
-1.1674660971445847
-0.8643210624637072
-0.6261960509702819
-0.44111516070677537
-0.3010462320402264
-0.19502182198401682
-0.1169868127291134
-0.059962991359285164
-0.018948163373770244
0.010059402778561473
0.031060996167761912
0.045057561473689244
0.04225636436361866
0.027946428738673014
0.006227906648028381
-0.024083789565449105
-0.0661058654370668
-0.1248480996690993
-0.20417183168557848
-0.3119379112152373
-0.45428226678521016
-0.6413613696948323
-0.8824608309978168
-1.1855823719740965
-1.5564037671901043
-1.998896621543652
-2.498082977788104
-3.0368273764281972
-3.577479878608208
-4.0766640256064886
-4.485811857827388
-4.750912749532683
-4.84594679086878
-4.747910591434724
-4.483824585430434
-4.077660765936489
-3.5814807231977674
-3.0362786557628674
-2.498080815998107
-1.9968952210748876
-1.5573684270700685
-1.1845803329634341
-0.8811182062119595
-0.6400088617482413
-0.45293102486919123
-0.31021956860930894
-0.2031714161305295
-0.12313423566464952
-0.06510561489562432
-0.022083593580290224
0.00793339854227296
0.02894656424144056
0.04395677283411005
0.04301978972792175
0.0290006057631205
0.008002343226633672
-0.02200605543426393
-0.0630406537999765
-0.12105349742484951
-0.19910482855393224
-0.3051381680141139
-0.44520866356096567
-0.6302864963078028
-0.869384937623472
-1.1705113097651698
-1.5426723082544016
-1.9858189447147914
-2.4889897526925377
-3.023533249338792
-3.5864782681408314
-4.096659032061186
-4.512823870178333
-4.7849184387448105
-4.879961076053026
-4.78594454474185
-4.515818274653078
-4.100703793115785
-3.5914890330564444
-3.039283151533748
-2.489071553667745
-1.982855463288122
-1.5396478199368684
-1.1674660971445847
-0.8643210624637072
-0.6261960509702819
-0.44111516070677537
-0.3010462320402264
-0.19502182198401682
-0.1169868127291134
-0.059962991359285164
-0.018948163373770244
0.010059402778561473
0.031060996167761912
0.045057561473689244
0.046018348315329846
0.033005745783648656
0.013003184748751144
-0.014015369414695302
-0.05303359469269036
-0.10805848496480044
-0.18209499923478698
-0.2821407059008731
-0.41720127426399556
-0.5962785330798792
-0.8283790627221301
-1.126503466844799
-1.4986452220746498
-1.94679882451415
-2.466970844076623
-3.028752528934146
-3.623488061873932
-4.1636867363892955
-4.613852961421931
-4.907970323630264
-5.006055409972987
-4.900966132711146
-4.6098287068085755
-4.162717466640514
-3.616503029744874
-3.0302947395774305
-2.458073368842313
-1.9368465414858733
-1.4876349065700913
-1.1154532771227779
-0.8183026386844529
-0.5861908134629383
-0.40810593414103546
-0.27504486769328856
-0.17500951309229718
-0.10197782054783582
-0.0479652584460877
-0.009953408074615496
0.017050580549379447
0.03605377507874375
0.04905197345379497
0.051016870949132175
0.03901104567784447
0.022002058431653482
-0.0020113001004870047
-0.037031023822471226
-0.08605419760317216
-0.15308826391107114
-0.2451343004351449
-0.36918979622023573
-0.5362754535272708
-0.7583742358908933
-1.0474816168446441
-1.4166246499474227
-1.8757896198922663
-2.4209570509184464
-3.0322488856369034
-3.6804886345103904
-4.288706035439286
-4.788890759211271
-5.115018495939052
-5.214061518103437
-5.098021547934529
-4.758908602499175
-4.259753501279368
-3.651355491081411
-3.010294938885723
-2.399107191912677
-1.8558316450193955
-1.3976313238521998
-1.0284513602191259
-0.7402799421232662
-0.5211750457563323
-0.35509438983395214
-0.23303666563523662
-0.14299910879804198
-0.07697486925705499
-0.02995943833962089
0.004048256087914389
0.028052936305727666
0.044053974306269665
0.054055816288665244
0.05701851806373669
0.04801332900820123
0.0340054029176069
0.013992599267806907
-0.01502378291329565
-0.05604746959168659
-0.11407784993372784
-0.19411997918963064
-0.30317791677555456
-0.45324629522610266
-0.6563347277305134
-0.928452939616422
-1.2885945502544967
-1.7547583503447943
-2.333922249195003
-3.0118274728591263
-3.753482095971373
-4.460739862927341
-5.039956524973241
-5.403113405827429
-5.51017531689816
-5.361129991475406
-4.96799122264386
-4.39078696451367
-3.700535323618634
-2.980294292687316
-2.3100403069563793
-1.734797870045171
-1.2675811222987508
-0.9053984024798608
-0.6332604694670885
-0.4311614748999139
-0.28407775765171367
-0.17702597686677735
-0.09999118216878616
-0.044968977739252625
-0.004956216700178564
0.022052146481871412
0.04105412876361104
0.05305612221480665
0.06105673557674053
0.06502040759379722
0.059015231218416626
0.04900858646475804
0.033997569656512856
0.010982941009010233
-0.021037139746504292
-0.06606784946685719
-0.13010816362619512
-0.21915481220983093
-0.34322172431395925
-0.5173081035209839
-0.7594175852647368
-1.0945531221385953
-1.5557115014904161
-2.169868964914752
-2.9400651515355043
-3.821422261991615
-4.68576214732917
-5.371039499452688
-5.759245272727739
-5.847328325171282
-5.645265323996597
-5.204076059844597
-4.546818286434623
-3.75238088211686
-2.9352199251919333
-2.1859740470206215
-1.568738287833105
-1.0945291346631087
-0.7463561374622517
-0.49621881866723244
-0.3201265699213218
-0.1960623681058171
-0.10901298150118882
-0.04898105521027569
-0.005962898295136809
0.02304832046258884
0.043054470823524454
0.05705605450718972
0.06505695773113201
0.0700553512758415
0.07302360775411207
0.07001919306735516
0.06401318958433969
0.05500417395423708
0.03999132905157333
0.01897321910685517
-0.013052567696588045
-0.057084803317050986
-0.12113135042915432
-0.21319121278292824
-0.3452707347810382
-0.5373732804886842
-0.8235015059093646
-1.2506552373317077
-1.8818161000309694
-2.76860665396453
-3.8702523367445347
-4.976762886041905
-5.797136599560469
-6.14242692633454
-6.113545474519339
-5.858451014827367
-5.418177779518249
-4.740839123256117
-3.837365727554216
-2.8778875090485116
-2.0208296864732396
-1.3526395803063778
-0.8754548382596925
-0.5492997869769982
-0.33318194494500863
-0.1910954178726852
-0.09703571111589855
-0.03400276427398033
0.008026619565013205
0.03604480835762027
0.05405334945060887
0.06605760978864766
0.07305856700224601
0.07705827662006726
0.0790561257701412
0.08102621154527037
0.0810233317511276
0.08001803940282626
0.07601085943404141
0.06999970453331587
0.05998417156267939
0.0439628782037168
0.019934782721544496
-0.01510534736972245
-0.06715742728071511
-0.1452279728964682
-0.2653218312404033
-0.4614439953794106
-0.8005969887088432
-1.400767681015618
-2.4149232916097128
-3.873473590404871
-5.412675942279626
-6.349216328233768
-6.362633389773838
-5.939824009745303
-5.700672911046707
-5.539282213325147
-5.012838622328169
-4.003184310657305
-2.8280017384128393
-1.810611970977136
-1.0795114402890253
-0.607366734089842
-0.32123563346570205
-0.151133550388804
-0.050061374553028344
0.008988213722310632
0.04501881555858871
0.06603872418382899
0.07905156280002724
0.08605844515087713
0.08906082251474014
0.09006091327081966
0.08905957048471795
0.08705762093088909
0.08502795783481137
0.08802556532364793
0.09102148719862006
0.09701756374696595
0.0980090277610647
0.0989964093895441
0.0969808272625283
0.0949562708473888
0.08892736843028773
0.0798796050401854
0.06381884609975512
0.03473432109684742
-0.030385601930002035
-0.19655036102956874
-0.6387166002305857
-1.692731912950125
-3.5737386849045634
-5.649305167591915
-6.527352694195215
-5.542866636670417
-4.173079246664867
-4.317876160376524
-5.316385461848766
-5.439765635644057
-4.313611916355876
-2.7649639164415922
-1.5074599119244678
-0.7173944997373536
-0.28227675900445504
-0.061167808853005684
0.04591565881264262
0.09598136932800468
0.11601192400712963
0.12303736574396039
0.12304902853559208
0.1200584947920619
0.11606302317860856
0.11106332994459929
0.10606257581765353
0.10106038439350926
0.09505804577468718
0.0920306205409199
0.09802930073490979
0.1040268413193143
0.11002286134229354
0.11801642174212723
0.12700709157574644
0.13699326014633192
0.15097596884462364
0.16994771936058944
0.19691480488594887
0.235863788606087
0.2927881549551277
0.36766611630536883
0.42945991264995004
0.3231867580491775
-0.33370836387256486
-1.4790498374301224
-1.5376470885201021
-0.6517023709198472
-0.1819170954876708
1.6350343803202125
0.0391991282236858
-3.2195209943562673
-4.790005423451303
-4.0956768427698975
-2.356500618076827
-0.9594687902352743
-0.21633923538326458
0.10479302314759564
0.2188926265219557
0.24496060203317982
0.2370051786035359
0.21703123117292228
0.19605020660419628
0.1760579317549809
0.15806320072648086
0.14406476720150702
0.13106415552592324
0.12006238091019393
0.1110594048822498
0.10305614921912515
0.0970335477532744
0.1050330573736278
0.11403173451427367
0.12402961832883969
0.13702557293626233
0.15301951967520463
0.17401194472749185
0.20199795501083057
0.24098507405490946
0.2959540701076783
0.3779164103275853
0.502856826465366
0.6927462025070747
0.9695038950941571
1.2959657352112104
1.7148081908166386
4.9812555603636595
22.48865627790302
31.955275975179855
15.24473572420079
13.29176308271774
10.996094589924896
9.702732406102573
3.8070446168899106
-1.5779742491559474
-1.1803066728931502
-0.06749575515837104
0.4106721410564713
0.5148440892957029
0.4859456625632007
0.4230020555303614
0.35703463560035265
0.3010554359548828
0.2550629778256798
0.21806748039458068
0.18906871330991237
0.16506841002677028
0.14706620841941329
0.13206296971047407
0.11905980634626884
0.10905620498459821
0.10403828357354941
0.11403886941556998
0.12603875977062587
0.14003824707697884
0.15703672060549143
0.17903367145224552
0.20802750148840496
0.24602140145836182
0.2980058961310716
0.37099498179168444
0.4749718163336717
0.6299335113427534
0.858859342857923
1.1906829058161574
1.6282582717210434
2.441119531525404
7.626972268589426
33.71813721831107
46.95556921010385
21.77597852413146
18.37341434582514
22.76645001325183
47.1913556716975
33.59875785320057
6.016344915498084
1.3626100467322553
1.1573143082665414
1.053696163502625
0.8748985310628624
0.6989946040975792
0.5560384573587923
0.4450596880334423
0.3610759841863031
0.29707110976081513
0.24807610957550136
0.2100732784445127
0.1810707476474423
0.15806746239752462
0.1390639537278603
0.12406018744045985
0.11205616110710423
0.10603990707841861
0.11604163972313762
0.12904259877388272
0.14504329688706186
0.1640437610544862
0.18804339268173673
0.21804297809836876
0.258038841602448
0.3110388858156417
0.3810280060319024
0.4760184373574751
0.603003495378543
0.7669770071541855
0.9459264876042215
1.0428661891318782
0.9450268875192376
1.6291192693485208
6.375946926114087
9.89125102531062
9.121899168412021
11.053597416607413
14.582182606453726
31.762423995901454
25.978230559053866
7.15329374971983
2.7015003862340112
1.8923901084256551
1.4237641950277191
1.061944652812156
0.8010224268576984
0.6160555987045614
0.4830698814776577
0.38606996592184034
0.3140767217358515
0.2590743365071961
0.2180729395497344
0.18507005380196673
0.16006632617373495
0.14006235097052483
0.12405847725531918
0.11105457304773375
0.10304011124214509
0.11304221118626932
0.12604406565267456
0.14104578935469222
0.15904779999509702
0.1820494891317822
0.2100501673611183
0.24505107378859559
0.28805268664404743
0.3420525036149307
0.4220563538669787
0.4970596146208684
0.5630669628410411
0.56108809578287
0.35415067677405243
-0.2877183428865321
-1.393688553418193
-2.2519036094563796
-1.7409312332572437
0.4210978232996355
2.0473902732640115
1.8961910133341942
3.4509636865233504
3.750258653300432
2.246330489021246
1.9150883102328569
1.7198791825253843
1.3779676784794763
1.0530376257283607
0.8040703502735007
0.6220829374762386
0.49008633967921617
0.392090762639851
0.3190832472152062
0.2630809059537112
0.22107542538449979
0.1880710303514781
0.16206656222169172
0.1410620671303318
0.1250579072179541
0.11105395946783592
0.10004126668203545
0.1100436330683364
0.12204622544454227
0.136049084853301
0.15205210925933768
0.17205522796217598
0.19506066698371788
0.2230616351840638
0.2550738145250529
0.29006670340544183
0.3220804238220651
0.3400927800156078
0.31511297946217165
0.1891481793281571
-0.1457923302135433
-0.8227133267480798
-1.8406594457667762
-2.7846593650869544
-2.9366465934167096
-2.257557725307832
-1.8605216169515644
-2.3456580220816674
-2.5557037267735496
-1.5925280484327127
-0.1794033265767003
0.7853982447895682
1.1021990517380529
1.046134851145494
0.878122162863518
0.710117501409555
0.5701125563869809
0.4601063281481163
0.374094817230293
0.3080931751959566
0.25708574962536135
0.21708080000351956
0.1850748394108548
0.16006924820955531
0.14006420772935085
0.12305959158421466
0.11005522109763134
0.09504195108445744
0.10404479547825311
0.1140479826851821
0.12705138873576227
0.14105504698402066
0.15605948824575894
0.1740647594745733
0.19406809646315315
0.21307734698203296
0.2290877670097651
0.23409769512429915
0.21411408977911262
0.14513745936384762
-0.015829302435800958
-0.3277851610940972
-0.8377352275576138
-1.5076885417950294
-2.137638355835131
-2.4605611855167897
-2.4564723018919357
-2.4404366224939786
-2.5324846047738148
-2.3475506783024156
-1.5905815730390276
-0.5705929017184657
0.2123383709083965
0.5942474507042274
0.6901869216949101
0.6501544035849705
0.5661353438174679
0.47812216632687404
0.4001115037207312
0.33410449041487267
0.28009434796914523
0.2370875799463359
0.2020803301338798
0.17407388872082402
0.15206802731395788
0.13306291904110037
0.11805816886307886
0.10505392542884597
0.08904199564264799
0.096045352223115
0.10504882471548774
0.11505254970428538
0.12605698094415288
0.13706187402556727
0.1490688572729131
0.16007788589738414
0.16808332696822853
0.16809382502560358
0.15410767811461587
0.11412359947984789
0.02814590503876263
-0.12682557266423006
-0.3787903757800785
-0.7377493509772965
-1.1677042598871457
-1.5746525393536475
-1.858593288422418
-1.9865382293634601
-2.0115170521087915
-1.9395438702621512
-1.6685930488970724
-1.1626355823141552
-0.5576746568291103
-0.04972168388085737
0.2652283448324241
0.40618815488078014
0.4391592405466571
0.4181387896573801
0.3751238115950702
0.32811262041694106
0.2831017402356437
0.24409283647024563
0.2110864689627097
0.18307828303310417
0.16007193927000993
0.14006642017529508
0.12406122602823408
0.11005671838916765
0.09905231483856779
0.0810420248417136
0.08804523967836073
0.09504892225413072
0.10205298497343189
0.11005759388348949
0.11706301041417974
0.12406919462514135
0.12707696514829422
0.1260884403680612
0.11609635484681992
0.09110800081829612
0.04212514843463758
-0.0428544474223986
-0.17683003754358997
-0.3708013986039743
-0.6207684431653395
-0.9037315363655729
-1.172690900716005
-1.3766492742182943
-1.4886158602125155
-1.5056038020116917
-1.415618328932476
-1.2016511094708882
-0.8716887514488808
-0.4957249983269134
-0.16175950534640818
0.07620735474392226
0.2141785185776919
0.2771550013986489
0.29113632579841664
0.2801217200517668
0.2581117776133511
0.2310992594447928
0.2060926120168883
0.18208255309385757
0.16007553658086948
0.14206935864957604
0.12606386064133007
0.11305883794016836
0.10105445105111721
0.09205027829842104
0.0740415170888234
0.0790448072391869
0.08404851370450339
0.08905274365983631
0.09405745449595498
0.09706475329960938
0.09907000052628193
0.09807687228939187
0.09008834212544882
0.07409480831212538
0.04412369240481131
-0.00584922877748905
-0.08285842562443052
-0.19183831810043894
-0.33781578686783703
-0.5137899339572838
-0.7047614638431864
-0.8857324638955271
-1.0227053849217358
-1.1016853794828003
-1.1076786940982182
-1.0356872454362809
-0.8827080266524369
-0.6667344170025167
-0.42576210483048993
-0.2017885850765702
-0.026813277095917236
0.09116463907782459
0.15914568074474272
0.19112950106066567
0.19911583995821597
0.1941050244741747
0.1820951672463531
0.1680865530708563
0.1520791103670237
0.13707253651644916
0.1240668242144917
0.1120614260383135
0.10105669775586101
0.09205235062682972
0.08404845630138082
0.06604078242155319
0.06904411428590324
0.07304772933971015
0.07605186098136563
0.07805650767148385
0.07906177172439553
0.07706793191117547
0.0710750645684117
0.0600831891590378
0.0400927589704977
0.009103839337164518
-0.03688320950784441
-0.10286578912948058
-0.19085162663758598
-0.29983920037373085
-0.42581295832419624
-0.5567962539621599
-0.6778075474751422
-0.7707543604985627
-0.8227435208859649
-0.823739027262861
-0.7697435258311807
-0.6647567969910488
-0.5217747367815696
-0.36279466738967775
-0.20881444648195238
-0.080833402382258
0.015151119118645539
0.07913604878344806
0.11612249528331134
0.1351269326516427
0.14110732238473664
0.1390896246205154
0.1320835575421622
0.1240754475035797
0.11506936126877257
0.10606415281517438
0.09705871472799978
0.0890542441457348
0.0820500332695692
0.07504646601207654
0.05803970329352084
0.06004297048820607
0.06204647998607973
0.06305047924390308
0.06305500202099956
0.06205997533049593
0.057065802236332834
0.049072325194714383
0.0360798073172561
0.015088766450712656
-0.014902621989194568
-0.05589120047028732
-0.11087863509582446
-0.18085967150837148
-0.26284951696891784
-0.35383486391114743
-0.4458193355686765
-0.5277976440054813
-0.5907634304863328
-0.6247863331424415
-0.6237735717054688
-0.5857861559758312
-0.5137965747399671
-0.4168091269002726
-0.3078231000785861
-0.20083731479579964
-0.10585378287162117
-0.030872123496763923
0.025122790052851958
0.06211553052161592
0.08510149777107195
0.09709242117756517
0.1020845321850428
0.10207743467111693
0.09807124044491998
0.09406550342280709
0.08806049866040801
0.08305576468661559
0.0770516019286851
0.07204781150915239
0.06704439660466678
