0.18304254753579238
0.1980460966114977
0.21405010442151082
0.2320545777214445
0.25205952902133305
0.2740652615797305
0.29907161186655007
0.3270788959851973
0.35908712237989077
0.3950968419899586
0.4361060048196419
0.4821183514412473
0.532131698913686
0.5851522299614615
0.6411627015336204
0.6981775743929546
0.752193653306323
0.8042158387998228
0.8512513239238699
0.8772266438943124
0.9012396885663153
0.9062271255224301
0.8962166274247431
0.8712037357360738
0.8311889722530967
0.7781741330243374
0.7191562771914436
0.6571360240308632
0.5961303249862764
0.5391223985042694
0.4871068322183178
0.4410968983968234
0.3990882481534441
0.36208059473212595
0.3290738771148224
0.3000675927801525
0.2740621656899787
0.25105726395578937
0.2300528027179899
0.21204870728318861
0.19504510418035018
0.19004412204901563
0.20604775491927155
0.22305207972002675
0.24205682251197727
0.2630621830944168
0.2870682445661008
0.3140752314923144
0.345083248914236
0.3810923229398434
0.4211028778329167
0.4681151132292162
0.5221292900455478
0.5821487276273705
0.6491635304472245
0.7211759708934495
0.794204276868607
0.8642219013520215
0.920208285515587
0.9872642510905647
1.0322749167798386
1.0632794857728851
1.0772752779639816
1.0682624406429142
1.0352447535295746
0.9802240107034642
0.9062023749632636
0.8241816003806038
0.7421640699181699
0.6631467865306755
0.5931313913974463
0.5301364659924528
0.4761143136992769
0.4280946567391184
0.38608782393689806
0.3490791029109759
0.31707230953077487
0.2880666540975432
0.263060661593654
0.24105581646479488
0.22105152124043187
0.20304750217455264
0.19704540591829545
0.21304936417462586
0.23105374914798277
0.2510587355453436
0.2730643166539833
0.29807299680638344
0.32707912656336885
0.3610871537784358
0.39910050065838276
0.4451074305708867
0.4971417616040755
0.5581737766225336
0.6331602219705741
0.7161822901574165
0.8082070796371994
0.9042348628285222
0.9982644920143128
1.0842939775617264
1.1603212511368255
1.2233409771274144
1.269348456555117
1.2923407400744698
1.2863215368515604
1.244295681254547
1.1652663875023699
1.0612370135020135
0.9462082787290262
0.834182550438552
0.7341603609422654
0.6471412147913042
0.573125802078436
0.5091132095431822
0.45510181151146767
0.40809236859250664
0.36808375261354526
0.333076336852976
0.3020700308205112
0.2750641181766722
0.25105883289676495
0.23005405022818712
0.21104989896993884
0.2030465628194111
0.2200505896267624
0.23805515854957676
0.2590600813948469
0.282065820059942
0.30807247904136015
0.3380800651592126
0.37308936273094306
0.41310331762750063
0.46211252045513684
0.5211260978733656
0.5921457825018054
0.6791692418070918
0.7821969385577869
0.9002292256544686
1.0272658347388173
1.1513054123182085
1.2653477401031583
1.3673890769375656
1.4534215489820141
1.5214343410247593
1.5594237612793185
1.557395506960075
1.5013601521581925
1.3883210132315822
1.2352799861648038
1.0722388833517753
0.9252032018285
0.7991747450349468
0.6961521521484516
0.6101346627948047
0.5391230676812514
0.4791080477413553
0.4281003768794696
0.3850886669091122
0.3470806296912987
0.3140736357567326
0.28606729587146124
0.2610616403416157
0.23805668441159103
0.21905207320350564
0.20904732785540875
0.22605138013384912
0.24405584057778634
0.26506079804357424
0.28906661185219823
0.315072897697569
0.3450820445076819
0.38009353584893846
0.4221003468996505
0.4721133651531114
0.5341305078730197
0.6121494586325467
0.7121759382617278
0.8382098366888653
0.989251375302349
1.1552991991717156
1.31735034159094
1.4644038683456833
1.5994618953942548
1.7265127564730718
1.8185352712340326
1.8565201190410283
1.8394852503801127
1.7614499801459322
1.6044049209267695
1.3913407248688991
1.1752736013310034
0.9912210624185215
0.846184567929464
0.731159138753469
0.6381402131587947
0.5611262746070905
0.49811270913716205
0.4441021489028314
0.4000943201659399
0.36008482766956634
0.32607732905703457
0.29607082979868216
0.27006477733812934
0.2470593594060902
0.226054589307971
0.21404781288694066
0.23105182045286263
0.2490560784635829
0.2700608699214173
0.293066085713666
0.31907227298347635
0.3480797019797718
0.3820846507433373
0.4220972922598261
0.4701114901311073
0.5321242075273962
0.6121452214132542
0.7191746166947095
0.8642156551185759
1.0462706725656712
1.2423340965135683
1.4163925375559185
1.564448349239765
1.7645196446803133
2.014591901099817
2.1346271103078225
1.9896150882251082
1.7405936324200486
1.615584462277099
1.5195629358507412
1.3484428829270858
1.1613073595805252
0.996226333158039
0.8591847020330883
0.7471602251602126
0.6541425421255248
0.5761282951895215
0.51111904766844
0.4561059256779825
0.40909737996408513
0.36908824112501876
0.3340804376740437
0.30307354404562503
0.2770671278017668
0.2530617114908617
0.23205666710210468
0.21804785321940695
0.23505148818205626
0.2530554322181021
0.27305985190691695
0.29506437094129107
0.3190697532801848
0.34607806703082356
0.37608107447326483
0.411099168424871
0.45409033716828906
0.5061109471903972
0.5781280743232184
0.6761551051924268
0.8142012146031881
0.9842814131488534
1.1263960770689858
1.1164892062955356
1.0214939144503554
1.3424752858351632
2.1195082278487725
2.3565237401319674
1.28947100132877
-0.1844592193700634
-0.43904936022166874
0.07708078462780615
0.5275705348485449
0.7852350151766472
0.8481613135486615
0.8031510789083462
0.7261450056428735
0.6461365335891527
0.5751264167999636
0.5131104428153013
0.4601070216944022
0.41409708718237176
0.3740903362103924
0.33908273548878964
0.309075678278352
0.2820695410313318
0.2580637932311936
0.23605864944501406
0.22104749653557668
0.23805068522559722
0.2550541710323836
0.27405772947655893
0.2940615141773522
0.3160656782088517
0.33906862077212974
0.36307239268818586
0.39007765781774256
0.42008092023040194
0.463091110918403
0.5090995087014283
0.5681138162944278
0.6281472305912168
0.6222471764718213
0.32650413060778605
-0.6933079951412192
-2.3126959805190546
-1.9667409803834177
1.04619467222954
2.1007911875897616
-1.8517849647610585
-7.158366893428815
-7.526976357764188
-4.985645294387747
-2.101814195069546
-0.19128628941496056
0.5259243912075848
0.6830467592841925
0.6690922419733223
0.615106031286168
0.5561072132886286
0.501110001249991
0.4530984065753557
0.4100938743195366
0.3720858694128639
0.33907955023146474
0.310073475365578
0.2830678222086466
0.26006255477124796
0.2390576154624896
0.2240484427954647
0.24005136561135887
0.2570541001550169
0.2750567545256544
0.2920593806995344
0.3100615859134536
0.3280644934840819
0.34506278592188283
0.36106859365552857
0.37405898772930396
0.3830527596903187
0.3820394550592181
0.3490108092200002
0.19594944183508506
-0.39509405208073356
-2.173468663286458
-6.048563658932105
-11.338884770292745
-11.170495592365782
-3.8734558049297942
-0.31046730958008784
-7.743733880880723
-15.281185390143099
-16.86756684708918
-13.325440932391457
-6.005755724968913
-1.4680333871549351
0.1056434330176977
0.5039340461623238
0.5710417898918646
0.5540806067264931
0.51709341470979
0.4760889391534945
0.43709447776203314
0.40008863208747414
0.36708529953866176
0.3360799400517886
0.3090744841214654
0.2840689629503983
0.261063824602514
0.24105902015322772
0.22504723613882494
0.2410491694608879
0.2560511811361363
0.27105249143749777
0.28605315439106804
0.2990527665468201
0.31004867348220577
0.31804604925490826
0.318030593058634
0.3090252697023785
0.2830027620250682
0.22396073076432313
0.07486831180965234
-0.36836637611756606
-1.8419049718471043
-6.051592936523817
-13.503397770394425
-16.442587608246065
-13.333650459517152
-11.148730235778533
-5.346479691317111
-11.748343001598828
-15.872670869942944
-20.363174820776113
-16.09644383678428
-6.839491078128813
-1.8389891043821525
-0.1363964438091207
0.3378988773717447
0.4580218420337419
0.47807000463324195
0.46608861962098813
0.44210320206449505
0.41409131815039124
0.3850939919667971
0.3570876614070567
0.33108261293257346
0.30607711194628423
0.28307144868273887
0.26106635807150536
0.24206094153873514
0.22604269098559449
0.2400439052045909
0.2540441868457702
0.26704381399122373
0.27804176843184386
0.28603786944817283
0.2900332169179943
0.2860208097487872
0.27001340142892444
0.2379797214889848
0.17694034091156488
0.06287205254504416
-0.17226624791758738
-0.7715820063661779
-2.5732171263553383
-7.461150435206026
-15.86807961036929
-21.06021214971922
-20.601552774460252
-16.36994186466457
-9.04028979613019
-12.439973062562675
-18.76980929813792
-17.9303298320731
-10.362932817473402
-4.2533330919399654
-1.307603432946834
-0.20037134634044593
0.1868562534203369
0.32997787757415004
0.38503729281107685
0.400066984416867
0.39708447104735023
0.3830867149881417
0.36508683650875046
0.3430850908371307
0.3220813455128034
0.30007723067522285
0.2800720117488041
0.26006708063199857
0.2420619814006288
0.22604039363785997
0.23904044483528017
0.25103962076048625
0.2610374853350115
0.26803305656054627
0.2710254283595267
0.266012796308531
0.25099795247143897
0.21896839760742395
0.16393750120335343
0.07188348213268717
-0.08020217577481736
-0.34834817365285353
-0.8925987321128007
-2.173862352960178
-5.070511416071187
-9.852928522129911
-14.95605848476698
-16.421938726320217
-12.290144524107275
-8.204183060726088
-8.181063170918236
-9.236848467504961
-7.773860422754368
-4.63318292794246
-2.2384815455452736
-0.9524747016169982
-0.31832645673296917
0.005824947953124285
0.17993200952294397
0.27400019317777435
0.3220410735167119
0.3410616831556459
0.34507681103595456
0.3380794426716027
0.3250809007808916
0.31007943448753217
0.2930760935675216
0.2750717514279971
0.25806725202088915
0.2410622234049038
0.2260376979063911
0.23703707379209404
0.24703483944215937
0.2540326217794331
0.2570261603204511
0.25401544323599756
0.24100222736169433
0.21397870952081038
0.16795351688075816
0.09190245133029996
-0.024160873260714758
-0.20125153367796164
-0.47038463373530837
-0.8965669725187471
-1.6117252497192192
-2.798669042670859
-4.504641034241906
-6.373197552694255
-7.324904147356339
-6.798339248725755
-5.940528189367501
-5.535329622746809
-5.160934649666556
-4.280675058021068
-3.018202650370888
-1.8920751657425872
-1.0923957468314167
-0.5603382375639073
-0.209224442546819
0.014882678821961932
0.1539623993570836
0.237026979345045
0.2810477473468073
0.30306840009411357
0.30907408148920185
0.3060793928433202
0.29708050664076224
0.28507771937128323
0.2700741967071677
0.2550699529263702
0.24006534115028041
0.22503632630126721
0.2350347507910709
0.24303162051080654
0.24702606334543398
0.24701665025974015
0.23800267577319964
0.21798260533113684
0.18095594265056125
0.11991527910087496
0.026863457521915764
-0.11120927960581375
-0.31030609794012226
-0.5874318722602048
-0.9655851586706078
-1.4667408123786199
-2.1108634976628813
-2.897313710876539
-3.7744980505528427
-4.537864541300517
-5.0092139748716225
-5.162375849461879
-4.999237412965323
-4.5239131217302555
-3.7936440503441857
-2.9308504860138966
-2.093211765777811
-1.3775182608646364
-0.8264354631605341
-0.4253042704821891
-0.15117951355818898
0.02991714427225396
0.14498356453052297
0.21602712854540337
0.25605102469343427
0.2760653806146479
0.28307437461308566
0.28107722453523826
0.2740762802527607
0.26307385448871634
0.2510695893086927
0.23706587062926246
0.22403389415084074
0.23303104985907722
0.23902652535196928
0.2410193383442681
0.23600806366604443
0.22199143770382973
0.1949653427289815
0.14893506837497678
0.07588679606567665
-0.03317251233394799
-0.19025328615054746
-0.40935648934893126
-0.7034835770620337
-1.083629715848215
-1.555779925711195
-2.116844365405309
-2.7593709189641547
-3.457555849892556
-4.139824340366916
-4.692062200393436
-4.974155483696577
-4.91406863902667
-4.52284140345883
-3.890594678594261
-3.1166440420806563
-2.333788421090921
-1.6257216412542568
-1.0495574024067944
-0.6133875848364013
-0.3012399031442112
-0.08612874959633447
0.05795198553160413
0.1510058780592055
0.20903033973164245
0.24205555154229075
0.25906962417090557
0.26507288999877676
0.26307416929939914
0.2560723558817444
0.2460692847020147
0.23406558483807877
0.2230325610154566
0.23102839476652132
0.2360220304743666
0.2350133046609274
0.22699946300757845
0.20898029883014152
0.17594917015316272
0.12090683488962178
0.03686264391266001
-0.08520552974947802
-0.2582933348956954
-0.49440088614817657
-0.8075322227839842
-1.2056820651129112
-1.689838623799179
-2.256864116913556
-2.883358443726662
-3.53454120302869
-4.141750062508293
-4.619912580947027
-4.857978119082399
-4.808922732448012
-4.476767140407053
-3.90656266511734
-3.2025012585695327
-2.4690757666373395
-1.7868681492045715
-1.2136565704263382
-0.7634603715492139
-0.4282947446513113
-0.18915740571713563
-0.021076697064513636
0.09098035135435176
0.16502502021260235
0.21005033837247514
0.23606346023375346
0.24906950031333178
0.2510726349286458
0.24807142696357526
0.241068007664997
0.23106520013149165
0.2220303089218362
0.22902543962871094
0.23201859037709482
0.2300069369323164
0.21899192084856772
0.19696977416119285
0.15793890878923578
0.09589668271417326
0.002835852730320135
-0.1302316179761863
-0.31731798404816863
-0.5674367990716057
-0.894573539568434
-1.3057279186865784
-1.799892279285811
-2.365947718120539
-2.977343115409006
-3.583518010511917
-4.122686539889096
-4.516807520217762
-4.709854262131639
-4.645816133318819
-4.34270755295428
-3.829553173704608
-3.197352056676168
-2.521161190650511
-1.8809425784438938
-1.3267208212091355
-0.876514363930746
-0.5313324672665684
-0.274205812886979
-0.08911677230480157
0.03896706165893193
0.12601245702969768
0.18204163899625175
0.21505856609372107
0.23406602440932653
0.2410708911030054
0.241070533571196
0.23606877162807802
0.22806417567664686
0.2220265086981781
0.2280229021776063
0.22901621045589718
0.22500461764380694
0.2119846717303232
0.186960588186116
0.14392836844562903
0.07588022995812899
-0.023174266273761547
-0.16626860336316154
-0.3623729287724075
-0.6234670145833494
-0.9616041565709024
-1.3797595315227087
-1.8739273887574122
-2.4319823627770565
-3.0193310403845968
-3.5834934578209494
-4.067637196921271
-4.407734389459117
-4.553762004161422
-4.47772946183334
-4.186651619842597
-3.718685079791313
-3.150070450882055
-2.529171411277631
-1.935016943808551
-1.3997604589817585
-0.9595699938394294
-0.608396878306111
-0.3392233698698753
-0.1441251699670368
-0.0030484318025189292
0.09300207042150707
0.1580327382080365
0.19805356797443244
0.22106324949510264
0.23206766338474777
0.2350698504497687
0.23206694115558443
0.2250633773390494
0.2210258904679432
0.22602484700220354
0.2270157452037036
0.22199849684256115
0.20698268818859986
0.17895734471293484
0.13292076550303983
0.061873195500640195
-0.04318814907559225
-0.1922665521430594
-0.3953648440698871
-0.6644901191746904
-1.0076239787821304
-1.4287696609969214
-1.9239444951701938
-2.470997857212474
-3.0363281707235448
-3.5694820629975386
-4.012608410712098
-4.316695628249106
-4.4407628111643165
-4.350689054067565
-4.070588432580878
-3.637527047860883
-3.103160295848608
-2.5231749545686752
-1.9579853768964608
-1.4457759048871635
-1.0115723632787426
-0.6593951569184342
-0.38724813542080216
-0.1831397023685549
-0.03505912798074934
0.06899500901368982
0.13902752079748923
0.18504710476298167
0.21106205216693433
0.2250702493260998
0.2300687982552322
0.22807064329644838
0.22306012493980626
0.2210089947505509
0.22601484229530136
0.2260103353949711
0.2199958160828694
0.2039875011712435
0.17495013675011872
0.12691316189805554
0.05286043870703401
-0.056195099185677694
-0.20827206147917937
-0.4153736275323131
-0.6884950138003376
-1.0366524311124534
-1.4597908864978002
-1.9519553071472215
-2.493293316448558
-3.0433197197484296
-3.5574606626470207
-3.9805853159454347
-4.2606512331616155
-4.361682646627213
-4.274675546009905
-3.9985796760436916
-3.5815125199175015
-3.068326296899466
-2.510168572180081
-1.967987569227591
-1.468785570887922
-1.0405848865619736
-0.6894077284551215
-0.41525441861548124
-0.20614707918979525
-0.054067459204906465
0.05398696959461514
0.1280197875616643
0.17604871574908623
0.20506417583715145
0.22106820618964937
0.22706247994199275
0.22606735042930695
0.22106689841737337
0.22094582638364255
0.22523092761688365
0.22591823676945127
0.2191905548752808
0.20316286778779852
0.17312853187253413
0.12408606558084313
0.04903366921854898
-0.060031213711254146
-0.21410960946194846
-0.42319167550139614
-0.6975936747960695
-1.0473966922159468
-1.4728618293630762
-1.9680127025219207
-2.5031673905454315
-3.0542460844259756
-3.556457996557924
-3.975574844991094
-4.246651702658654
-4.335827207326039
-4.245650347573243
-3.973573141082238
-3.5634552949123246
-3.05515896312099
-2.503165917023105
-1.9656987829587165
-1.4728604384813715
-1.0477188416246415
-0.6985917174479869
-0.4234819476476053
-0.21438818175834784
-0.06031069555316871
0.04910103197772726
0.12414812628514563
0.17318483754978556
0.2028740608461018
0.21923542208051777
0.22591842883948335
0.22526502752732824
0.22094596289655558
0.2210089947505509
0.22601484229530136
0.2260103353949711
0.2199958160828694
0.2039875011712435
0.17495013675011872
0.12691316189805554
0.05286043870703401
-0.056195099185677694
-0.20827206147917937
-0.4153736275323131
-0.6884950138003376
-1.0366524311124534
-1.4597908864978002
-1.9519553071472215
-2.493293316448558
-3.0433197197484296
-3.5574606626470207
-3.9805853159454347
-4.2606512331616155
-4.361682646627213
-4.274675546009905
-3.9985796760436916
-3.5815125199175015
-3.068326296899466
-2.510168572180081
-1.967987569227591
-1.468785570887922
-1.0405848865619736
-0.6894077284551215
-0.41525441861548124
-0.20614707918979525
-0.054067459204906465
0.05398696959461514
0.1280197875616643
0.17604871574908623
0.20506417583715145
0.22106820618964937
0.22706247994199275
0.22606735042930695
0.22106689841737337
0.2210258904679432
0.22602484700220354
0.2270157452037036
0.22199849684256115
0.20698268818859986
0.17895734471293484
0.13292076550303983
0.061873195500640195
-0.04318814907559225
-0.1922665521430594
-0.3953648440698871
-0.6644901191746904
-1.0076239787821304
-1.4287696609969214
-1.9239444951701938
-2.470997857212474
-3.0363281707235448
-3.5694820629975386
-4.012608410712098
-4.316695628249106
-4.4407628111643165
-4.350689054067565
-4.070588432580878
-3.637527047860883
-3.103160295848608
-2.5231749545686752
-1.9579853768964608
-1.4457759048871635
-1.0115723632787426
-0.6593951569184342
-0.38724813542080216
-0.1831397023685549
-0.03505912798074934
0.06899500901368982
0.13902752079748923
0.18504710476298167
0.21106205216693433
0.2250702493260998
0.2300687982552322
0.22807064329644838
0.22306012493980626
0.2220265086981781
0.2280229021776063
0.22901621045589718
0.22500461764380694
0.2119846717303232
0.186960588186116
0.14392836844562903
0.07588022995812899
-0.023174266273761547
-0.16626860336316154
-0.3623729287724075
-0.6234670145833494
-0.9616041565709024
-1.3797595315227087
-1.8739273887574122
-2.4319823627770565
-3.0193310403845968
-3.5834934578209494
-4.067637196921271
-4.407734389459117
-4.553762004161422
-4.47772946183334
-4.186651619842597
-3.718685079791313
-3.150070450882055
-2.529171411277631
-1.935016943808551
-1.3997604589817585
-0.9595699938394294
-0.608396878306111
-0.3392233698698753
-0.1441251699670368
-0.0030484318025189292
0.09300207042150707
0.1580327382080365
0.19805356797443244
0.22106324949510264
0.23206766338474777
0.2350698504497687
0.23206694115558443
0.2250633773390494
0.2220303089218362
0.22902543962871094
0.23201859037709482
0.2300069369323164
0.21899192084856772
0.19696977416119285
0.15793890878923578
0.09589668271417326
0.002835852730320135
-0.1302316179761863
-0.31731798404816863
-0.5674367990716057
-0.894573539568434
-1.3057279186865784
-1.799892279285811
-2.365947718120539
-2.977343115409006
-3.583518010511917
-4.122686539889096
-4.516807520217762
-4.709854262131639
-4.645816133318819
-4.34270755295428
-3.829553173704608
-3.197352056676168
-2.521161190650511
-1.8809425784438938
-1.3267208212091355
-0.876514363930746
-0.5313324672665684
-0.274205812886979
-0.08911677230480157
0.03896706165893193
0.12601245702969768
0.18204163899625175
0.21505856609372107
0.23406602440932653
0.2410708911030054
0.241070533571196
0.23606877162807802
0.22806417567664686
0.2230325610154566
0.23102839476652132
0.2360220304743666
0.2350133046609274
0.22699946300757845
0.20898029883014152
0.17594917015316272
0.12090683488962178
0.03686264391266001
-0.08520552974947802
-0.2582933348956954
-0.49440088614817657
-0.8075322227839842
-1.2056820651129112
-1.689838623799179
-2.256864116913556
-2.883358443726662
-3.53454120302869
-4.141750062508293
-4.619912580947027
-4.857978119082399
-4.808922732448012
-4.476767140407053
-3.90656266511734
-3.2025012585695327
-2.4690757666373395
-1.7868681492045715
-1.2136565704263382
-0.7634603715492139
-0.4282947446513113
-0.18915740571713563
-0.021076697064513636
0.09098035135435176
0.16502502021260235
0.21005033837247514
0.23606346023375346
0.24906950031333178
0.2510726349286458
0.24807142696357526
0.241068007664997
0.23106520013149165
0.22403389415084074
0.23303104985907722
0.23902652535196928
0.2410193383442681
0.23600806366604443
0.22199143770382973
0.1949653427289815
0.14893506837497678
0.07588679606567665
-0.03317251233394799
-0.19025328615054746
-0.40935648934893126
-0.7034835770620337
-1.083629715848215
-1.555779925711195
-2.116844365405309
-2.7593709189641547
-3.457555849892556
-4.139824340366916
-4.692062200393436
-4.974155483696577
-4.91406863902667
-4.52284140345883
-3.890594678594261
-3.1166440420806563
-2.333788421090921
-1.6257216412542568
-1.0495574024067944
-0.6133875848364013
-0.3012399031442112
-0.08612874959633447
0.05795198553160413
0.1510058780592055
0.20903033973164245
0.24205555154229075
0.25906962417090557
0.26507288999877676
0.26307416929939914
0.2560723558817444
0.2460692847020147
0.23406558483807877
0.22503632630126721
0.2350347507910709
0.24303162051080654
0.24702606334543398
0.24701665025974015
0.23800267577319964
0.21798260533113684
0.18095594265056125
0.11991527910087496
0.026863457521915764
-0.11120927960581375
-0.31030609794012226
-0.5874318722602048
-0.9655851586706078
-1.4667408123786199
-2.1108634976628813
-2.897313710876539
-3.7744980505528427
-4.537864541300517
-5.0092139748716225
-5.162375849461879
-4.999237412965323
-4.5239131217302555
-3.7936440503441857
-2.9308504860138966
-2.093211765777811
-1.3775182608646364
-0.8264354631605341
-0.4253042704821891
-0.15117951355818898
0.02991714427225396
0.14498356453052297
0.21602712854540337
0.25605102469343427
0.2760653806146479
0.28307437461308566
0.28107722453523826
0.2740762802527607
0.26307385448871634
0.2510695893086927
0.23706587062926246
0.2260376979063911
0.23703707379209404
0.24703483944215937
0.2540326217794331
0.2570261603204511
0.25401544323599756
0.24100222736169433
0.21397870952081038
0.16795351688075816
0.09190245133029996
-0.024160873260714758
-0.20125153367796164
-0.47038463373530837
-0.8965669725187471
-1.6117252497192192
-2.798669042670859
-4.504641034241906
-6.373197552694255
-7.324904147356339
-6.798339248725755
-5.940528189367501
-5.535329622746809
-5.160934649666556
-4.280675058021068
-3.018202650370888
-1.8920751657425872
-1.0923957468314167
-0.5603382375639073
-0.209224442546819
0.014882678821961932
0.1539623993570836
0.237026979345045
0.2810477473468073
0.30306840009411357
0.30907408148920185
0.3060793928433202
0.29708050664076224
0.28507771937128323
0.2700741967071677
0.2550699529263702
0.24006534115028041
0.22604039363785997
0.23904044483528017
0.25103962076048625
0.2610374853350115
0.26803305656054627
0.2710254283595267
0.266012796308531
0.25099795247143897
0.21896839760742395
0.16393750120335343
0.07188348213268717
-0.08020217577481736
-0.34834817365285353
-0.8925987321128007
-2.173862352960178
-5.070511416071187
-9.852928522129911
-14.95605848476698
-16.421938726320217
-12.290144524107275
-8.204183060726088
-8.181063170918236
-9.236848467504961
-7.773860422754368
-4.63318292794246
-2.2384815455452736
-0.9524747016169982
-0.31832645673296917
0.005824947953124285
0.17993200952294397
0.27400019317777435
0.3220410735167119
0.3410616831556459
0.34507681103595456
0.3380794426716027
0.3250809007808916
0.31007943448753217
0.2930760935675216
0.2750717514279971
0.25806725202088915
0.2410622234049038
0.22604269098559449
0.2400439052045909
0.2540441868457702
0.26704381399122373
0.27804176843184386
0.28603786944817283
0.2900332169179943
0.2860208097487872
0.27001340142892444
0.2379797214889848
0.17694034091156488
0.06287205254504416
-0.17226624791758738
-0.7715820063661779
-2.5732171263553383
-7.461150435206026
-15.86807961036929
-21.06021214971922
-20.601552774460252
-16.36994186466457
-9.04028979613019
-12.439973062562675
-18.76980929813792
-17.9303298320731
-10.362932817473402
-4.2533330919399654
-1.307603432946834
-0.20037134634044593
0.1868562534203369
0.32997787757415004
0.38503729281107685
0.400066984416867
0.39708447104735023
0.3830867149881417
0.36508683650875046
0.3430850908371307
0.3220813455128034
0.30007723067522285
0.2800720117488041
0.26006708063199857
0.2420619814006288
0.22504723613882494
0.2410491694608879
0.2560511811361363
0.27105249143749777
0.28605315439106804
0.2990527665468201
0.31004867348220577
0.31804604925490826
0.318030593058634
0.3090252697023785
0.2830027620250682
0.22396073076432313
0.07486831180965234
-0.36836637611756606
-1.8419049718471043
-6.051592936523817
-13.503397770394425
-16.442587608246065
-13.333650459517152
-11.148730235778533
-5.346479691317111
-11.748343001598828
-15.872670869942944
-20.363174820776113
-16.09644383678428
-6.839491078128813
-1.8389891043821525
-0.1363964438091207
0.3378988773717447
0.4580218420337419
0.47807000463324195
0.46608861962098813
0.44210320206449505
0.41409131815039124
0.3850939919667971
0.3570876614070567
0.33108261293257346
0.30607711194628423
0.28307144868273887
0.26106635807150536
0.24206094153873514
0.2240484427954647
0.24005136561135887
0.2570541001550169
0.2750567545256544
0.2920593806995344
0.3100615859134536
0.3280644934840819
0.34506278592188283
0.36106859365552857
0.37405898772930396
0.3830527596903187
0.3820394550592181
0.3490108092200002
0.19594944183508506
-0.39509405208073356
-2.173468663286458
-6.048563658932105
-11.338884770292745
-11.170495592365782
-3.8734558049297942
-0.31046730958008784
-7.743733880880723
-15.281185390143099
-16.86756684708918
-13.325440932391457
-6.005755724968913
-1.4680333871549351
0.1056434330176977
0.5039340461623238
0.5710417898918646
0.5540806067264931
0.51709341470979
0.4760889391534945
0.43709447776203314
0.40008863208747414
0.36708529953866176
0.3360799400517886
0.3090744841214654
0.2840689629503983
0.261063824602514
0.24105902015322772
0.22104749653557668
0.23805068522559722
0.2550541710323836
0.27405772947655893
0.2940615141773522
0.3160656782088517
0.33906862077212974
0.36307239268818586
0.39007765781774256
0.42008092023040194
0.463091110918403
0.5090995087014283
0.5681138162944278
0.6281472305912168
0.6222471764718213
0.32650413060778605
-0.6933079951412192
-2.3126959805190546
-1.9667409803834177
1.04619467222954
2.1007911875897616
-1.8517849647610585
-7.158366893428815
-7.526976357764188
-4.985645294387747
-2.101814195069546
-0.19128628941496056
0.5259243912075848
0.6830467592841925
0.6690922419733223
0.615106031286168
0.5561072132886286
0.501110001249991
0.4530984065753557
0.4100938743195366
0.3720858694128639
0.33907955023146474
0.310073475365578
0.2830678222086466
0.26006255477124796
0.2390576154624896
0.21804785321940695
0.23505148818205626
0.2530554322181021
0.27305985190691695
0.29506437094129107
0.3190697532801848
0.34607806703082356
0.37608107447326483
0.411099168424871
0.45409033716828906
0.5061109471903972
0.5781280743232184
0.6761551051924268
0.8142012146031881
0.9842814131488534
1.1263960770689858
1.1164892062955356
1.0214939144503554
1.3424752858351632
2.1195082278487725
2.3565237401319674
1.28947100132877
-0.1844592193700634
-0.43904936022166874
0.07708078462780615
0.5275705348485449
0.7852350151766472
0.8481613135486615
0.8031510789083462
0.7261450056428735
0.6461365335891527
0.5751264167999636
0.5131104428153013
0.4601070216944022
0.41409708718237176
0.3740903362103924
0.33908273548878964
0.309075678278352
0.2820695410313318
0.2580637932311936
0.23605864944501406
0.21404781288694066
0.23105182045286263
0.2490560784635829
0.2700608699214173
0.293066085713666
0.31907227298347635
0.3480797019797718
0.3820846507433373
0.4220972922598261
0.4701114901311073
0.5321242075273962
0.6121452214132542
0.7191746166947095
0.8642156551185759
1.0462706725656712
1.2423340965135683
1.4163925375559185
1.564448349239765
1.7645196446803133
2.014591901099817
2.1346271103078225
1.9896150882251082
1.7405936324200486
1.615584462277099
1.5195629358507412
1.3484428829270858
1.1613073595805252
0.996226333158039
0.8591847020330883
0.7471602251602126
0.6541425421255248
0.5761282951895215
0.51111904766844
0.4561059256779825
0.40909737996408513
0.36908824112501876
0.3340804376740437
0.30307354404562503
0.2770671278017668
0.2530617114908617
0.23205666710210468
0.20904732785540875
0.22605138013384912
0.24405584057778634
0.26506079804357424
0.28906661185219823
0.315072897697569
0.3450820445076819
0.38009353584893846
0.4221003468996505
0.4721133651531114
0.5341305078730197
0.6121494586325467
0.7121759382617278
0.8382098366888653
0.989251375302349
1.1552991991717156
1.31735034159094
1.4644038683456833
1.5994618953942548
1.7265127564730718
1.8185352712340326
1.8565201190410283
1.8394852503801127
1.7614499801459322
1.6044049209267695
1.3913407248688991
1.1752736013310034
0.9912210624185215
0.846184567929464
0.731159138753469
0.6381402131587947
0.5611262746070905
0.49811270913716205
0.4441021489028314
0.4000943201659399
0.36008482766956634
0.32607732905703457
0.29607082979868216
0.27006477733812934
0.2470593594060902
0.226054589307971
0.2030465628194111
0.2200505896267624
0.23805515854957676
0.2590600813948469
0.282065820059942
0.30807247904136015
0.3380800651592126
0.37308936273094306
0.41310331762750063
0.46211252045513684
0.5211260978733656
0.5921457825018054
0.6791692418070918
0.7821969385577869
0.9002292256544686
1.0272658347388173
1.1513054123182085
1.2653477401031583
1.3673890769375656
1.4534215489820141
1.5214343410247593
1.5594237612793185
1.557395506960075
1.5013601521581925
1.3883210132315822
1.2352799861648038
1.0722388833517753
0.9252032018285
0.7991747450349468
0.6961521521484516
0.6101346627948047
0.5391230676812514
0.4791080477413553
0.4281003768794696
0.3850886669091122
0.3470806296912987
0.3140736357567326
0.28606729587146124
0.2610616403416157
0.23805668441159103
0.21905207320350564
0.19704540591829545
0.21304936417462586
0.23105374914798277
0.2510587355453436
0.2730643166539833
0.29807299680638344
0.32707912656336885
0.3610871537784358
0.39910050065838276
0.4451074305708867
0.4971417616040755
0.5581737766225336
0.6331602219705741
0.7161822901574165
0.8082070796371994
0.9042348628285222
0.9982644920143128
1.0842939775617264
1.1603212511368255
1.2233409771274144
1.269348456555117
1.2923407400744698
1.2863215368515604
1.244295681254547
1.1652663875023699
1.0612370135020135
0.9462082787290262
0.834182550438552
0.7341603609422654
0.6471412147913042
0.573125802078436
0.5091132095431822
0.45510181151146767
0.40809236859250664
0.36808375261354526
0.333076336852976
0.3020700308205112
0.2750641181766722
0.25105883289676495
0.23005405022818712
0.21104989896993884
0.19004412204901563
0.20604775491927155
0.22305207972002675
0.24205682251197727
0.2630621830944168
0.2870682445661008
0.3140752314923144
0.345083248914236
0.3810923229398434
0.4211028778329167
0.4681151132292162
0.5221292900455478
0.5821487276273705
0.6491635304472245
0.7211759708934495
0.794204276868607
0.8642219013520215
0.920208285515587
0.9872642510905647
1.0322749167798386
1.0632794857728851
1.0772752779639816
1.0682624406429142
1.0352447535295746
0.9802240107034642
0.9062023749632636
0.8241816003806038
0.7421640699181699
0.6631467865306755
0.5931313913974463
0.5301364659924528
0.4761143136992769
0.4280946567391184
0.38608782393689806
0.3490791029109759
0.31707230953077487
0.2880666540975432
0.263060661593654
0.24105581646479488
0.22105152124043187
0.20304750217455264
0.18304254753579238
0.1980460966114977
0.21405010442151082
0.2320545777214445
0.25205952902133305
0.2740652615797305
0.29907161186655007
0.3270788959851973
0.35908712237989077
0.3950968419899586
0.4361060048196419
0.4821183514412473
0.532131698913686
0.5851522299614615
0.6411627015336204
0.6981775743929546
0.752193653306323
0.8042158387998228
0.8512513239238699
0.8772266438943124
0.9012396885663153
0.9062271255224301
0.8962166274247431
0.8712037357360738
0.8311889722530967
0.7781741330243374
0.7191562771914436
0.6571360240308632
0.5961303249862764
0.5391223985042694
0.4871068322183178
0.4410968983968234
0.3990882481534441
0.36208059473212595
0.3290738771148224
0.3000675927801525
0.2740621656899787
0.25105726395578937
0.2300528027179899
0.21204870728318861
0.19504510418035018
