0.019052590052849233
0.017057071774417246
0.010061852725398482
0.009067297005776681
0.00407360217314336
7.978119655134393e-05
-0.006912218513108153
-0.014903332494368439
-0.012893747349525916
-0.013882159111167882
-0.009871205008167733
-0.001856484383577931
0.015159181381337268
0.05118202431406451
0.09719334630068412
0.15720963170558383
0.21522682380976796
0.28625109376080493
0.3602899127790052
0.40125979183478344
0.4292731138974276
0.43125681459973697
0.41324288587643865
0.37022676574961294
0.3152087624166793
0.2501910139121033
0.19917055876607162
0.1551479397866436
0.11914132544618782
0.09913197259861684
0.07911526590953116
0.07110450568667605
0.0620953087409899
0.05908721453298947
0.0590797232835856
0.0550732039748999
0.05306766620465961
0.05206275360883625
0.04905766937072202
0.04905338389192832
0.04804922394345951
0.017055106186216407
0.012059593468993185
0.011064180956693214
0.005070201446066638
0.0010763739252431107
-0.007915965702253515
-0.019907293739474273
-0.02389837450563067
-0.03388721494638383
-0.0408743032651896
-0.03685993691241598
-0.027843950751810422
-0.01482119151150545
0.0241955083546558
0.07620966791158981
0.1492412237318969
0.23425956525764224
0.32524179057718666
0.4193046873825656
0.5003145807781225
0.5403178438608852
0.5473107354958207
0.5142937036226306
0.44127149056209675
0.35724579167217363
0.27122026129541804
0.1981957753861615
0.1441758003439336
0.10415665761028733
0.08414003074718203
0.06914449115668228
0.06412130048574038
0.05910049905981794
0.05709364637740405
0.05508496182995787
0.053078281476411915
0.05307187678261165
0.05106587281999288
0.052060513860641124
0.05205538010995969
0.052051786716931066
0.02105627831188134
0.015061254823329746
0.009066459487714262
0.004072597812783125
-0.0019209332186204472
-0.014910894277495581
-0.02590333193579381
-0.03989350695328293
-0.05587764825681616
-0.0708686951203813
-0.07682951297001601
-0.07779274279112527
-0.06380719389828916
-0.0317820039706756
0.029245747070962357
0.12127663310045124
0.2413093248292046
0.3803405225587499
0.5103691607174299
0.6163898132120516
0.6873948450743893
0.6993839761069075
0.6423586812424529
0.5403254840759091
0.4072896347170995
0.27325450989805306
0.17822118809744045
0.11519252919272724
0.0721684158856518
0.05614832330879717
0.04613192920359413
0.048118669838221835
0.0491072844534807
0.05109734797937606
0.04908901832150164
0.05308146143771554
0.055074788090636734
0.054068681590249586
0.05606309962760898
0.05305872932297492
0.05105440262715973
0.02305732999991882
0.01906258343816839
0.007068969946437391
0.004074106939389598
-0.012918332179439055
-0.025910636181493835
-0.03690242041965975
-0.0608905734627738
-0.08187404448869469
-0.10586277197887556
-0.1258468835445364
-0.14682328410655474
-0.14179634217025933
-0.12076435919806693
-0.04972800559499469
0.06231281393357706
0.21535732442232336
0.4004031175709758
0.5854478392527401
0.7424825359944518
0.8484945471965708
0.8714793104896569
0.7894425586157445
0.6223950076250222
0.4223449274557673
0.24329480604988102
0.12024831506054336
0.05320923361190049
0.01717954322802808
0.016156103300865896
0.023138291567643406
0.029126596285797047
0.03611219391059929
0.04510389053722937
0.04909291686452809
0.05408489460500981
0.05507806052385115
0.06207077920637573
0.05806559797042642
0.05706162105278789
0.05905608095861546
0.029058233821859087
0.020063662292984608
0.012068808219503452
0.00607453250546348
-0.009918170961900844
-0.027910732075681483
-0.04889967430396423
-0.07788582655151968
-0.11287711859765373
-0.1508615872736226
-0.19084136339336108
-0.23281900510187045
-0.2607881774538508
-0.2547494528488459
-0.2037018654691728
-0.07864791501150299
0.1194095161449171
0.35946987219130316
0.5935337450975149
0.7995911369210075
0.9556164021456377
1.001596282380884
0.8895483953893992
0.635493360329718
0.3424269943305938
0.10634840318432093
-0.02272565931072847
-0.06878035721333539
-0.06281661812225967
-0.0428413005801088
-0.017859084087518226
0.005127722062494329
0.028114392833807664
0.03910447315389721
0.0460974674865866
0.05608798355578587
0.05808096279206239
0.056075179989835175
0.06306869791828741
0.06306256931611953
0.06205820160541871
0.03505851022272293
0.02706356528401046
0.019068950154612317
0.005075151877669956
-0.01091892674132634
-0.02991122989809155
-0.057902290034785545
-0.0938958946193032
-0.1398805453855402
-0.19686420524201884
-0.2638486505789767
-0.3388239556158308
-0.41578983559755445
-0.4687424904894625
-0.4676792485325871
-0.36960700259827445
-0.17053935394118913
0.08052511329468662
0.3206078498634732
0.5386951201595441
0.7167415234037859
0.740726711354038
0.5346820359840372
0.20363301476643347
-0.09843384648232915
-0.2755788081869171
-0.3107132027093164
-0.26378846200938594
-0.18282567431211014
-0.11284698380073563
-0.054861984016515354
-0.011874230547539229
0.01811770672788241
0.03410652431969279
0.05109825096292947
0.05609082814604761
0.06308274833092571
0.06907631858581288
0.07107037093201776
0.07006475607321973
0.0700592582638965
0.038058940089471464
0.034062908912471504
0.02506786301639239
0.006074452569996826
-0.006920603963229917
-0.032913781562314205
-0.06190427255745123
-0.1029004193714108
-0.16487915321977678
-0.2438868984557919
-0.3418637350140086
-0.4708428539865561
-0.6188114694508028
-0.7827575489474856
-0.927665998958687
-1.0015341397423412
-1.0254221474148282
-1.0274075086612176
-0.9484217534872336
-0.7193651397029459
-0.5523205162979747
-0.8843790990341257
-1.5833208336419218
-1.7519897390238461
-1.4740636335813582
-1.1495748587821952
-0.8138286235905433
-0.5238707958471008
-0.3168704389883246
-0.1738702014569507
-0.08587370361832437
-0.028880046093656648
0.00910712338586002
0.03810524083370367
0.056096758992951086
0.06509094601927923
0.07008434181802337
0.07407816483589717
0.07607197669331053
0.07006767160891463
0.07106220034795063
0.04405923851388561
0.041061932371101985
0.02606719689985721
0.022070976910858926
0.0030759412292759897
-0.021918739887163027
-0.06091429014130157
-0.10990966103043093
-0.18390234400064132
-0.27789796841861253
-0.3248900115331859
-0.4858796253475543
-0.70486175016726
-1.0128210358310088
-1.4057105182637781
-1.9614330417612387
-2.902173187131343
-4.4025512933490205
-5.274577636868366
-4.524581797985883
-3.7669976053055523
-5.450447014473109
-7.781601063833551
-6.513440582001773
-4.361398965017308
-2.721440194377488
-1.5614107266496098
-0.8671034956554506
-0.4779706871916091
-0.2669187247717311
-0.13390057076258832
-0.05689552789099355
-0.01088928607660633
0.026100221317301636
0.04109822560717144
0.05609131342278169
0.06308507142962373
0.06608007524749836
0.07007462827950722
0.06706991782536482
0.0680646051169088
0.07505655877243807
0.07206021597742462
0.0660633356933024
0.06306686661250588
0.048069675362707336
0.027072887225169547
-0.0049231695084686845
-0.04892505334172491
-0.12191780936153987
-0.21192767369457507
-0.3569332265672927
-0.5689449263094589
-0.8959704940447512
-1.4070256428088783
-2.2550925555705037
-3.724702479698025
-6.219959904771663
-9.86531026336705
-12.717670171867523
-10.756003838472667
-8.210472187559475
-10.185999277392481
-10.64099382222674
-7.137733208776275
-6.981528494561299
-4.102392339824989
-1.975302312526489
-0.9593958075819694
-0.4860915780269249
-0.2509774343216158
-0.12193143341157613
-0.04091352061054293
0.013085741179640986
0.040093771844222935
0.05709158752843493
0.07108866332372915
0.0780857987935932
0.07408170774236521
0.07807544144198228
0.07807122688423643
0.07506679979965326
0.0900530293045915
0.0850578094734315
0.08205928656532878
0.07806151436268044
0.06606186390963377
0.049061628650545905
0.01705863006911188
-0.02394464240617182
-0.09095956296697262
-0.19096528111539754
-0.3489873313922737
-0.5890281828038342
-0.9751159603241845
-1.6483378246764073
-2.908933328108033
-5.293317122501855
-8.198608222189513
-6.184889922140806
-11.163062004638752
-16.064753252138907
-11.805652421766053
-12.051142820493427
-11.224080498873754
-9.314376252142424
-7.905630966081189
-3.7239827307843814
-1.550211496834342
-0.6314522472328671
-0.2871486049011683
-0.11701721613050685
-0.021959257008639002
0.03106764681145573
0.0700862647930609
0.09008123257953315
0.09908689379028124
0.11008199667948985
0.1070802417639146
0.10407656759809254
0.1060703520847053
0.10206628196338581
0.10006173906639393
0.07605424667670672
0.07305597202031196
0.0710569034760295
0.06505535083623554
0.0510551769447494
0.03405100644891847
0.0010469942072066664
-0.05196465421765964
-0.1279710029340444
-0.23500530457521554
-0.40804285962905984
-0.6721087058590084
-1.1042385467196125
-1.8405342401657727
-3.223213180908183
-5.881572536654392
-9.676608714445612
-10.83499263063682
-15.172471072844553
-13.937956863221233
-8.136754251709153
-7.258716948900856
-9.766878141679852
-8.267096859377087
-3.547953426689952
-1.0644198508976122
-0.31368304166019945
-0.11143317292533476
-0.028200212034626745
0.025931866252653344
0.06600234691032564
0.09304107112648427
0.11106545348901788
0.12407306032243764
0.1280776532978369
0.12707889240469167
0.1260764450089105
0.12507463321694667
0.11807050201449171
0.1130653924791612
0.10606162474585434
0.0870524376061884
0.09005269673876103
0.09105058748072399
0.0870497090347035
0.0800445628538145
0.05903834211265139
0.0380256869109662
-0.0029885319069256756
-0.060018741812822435
-0.15404900436480673
-0.2921026619990692
-0.5041861199405855
-0.8283279969392233
-1.3325727813791997
-2.1408843641691857
-3.4157484499552377
-5.199017972337348
-6.5907562480580015
-7.201597681880674
-3.9912397649552163
-1.2124534075365512
0.25871315951394314
0.72219527225917
1.1212858016369727
1.4627687576198218
1.1554206822607038
0.6754346521241994
0.37159166184658865
0.2337575383286105
0.18188011310927843
0.1649604625088955
0.1670105751065913
0.16403937497815368
0.16305920965917897
0.1570680008150496
0.15607194422986317
0.14607363919529015
0.14407033940489467
0.1350686019160571
0.12706465952212492
0.12105977750633633
0.1040471556111519
0.1070474574008909
0.11304489239612595
0.11404421962642294
0.11103661172467505
0.1070264118326388
0.0900129712742453
0.06498922828255671
0.0259633684880026
-0.03608741178279167
-0.13015088348697917
-0.26724152633226633
-0.44937464078280326
-0.6735612854737234
-0.8877401846406755
-0.9397301373815775
-0.621694256215581
0.08384202142863798
0.9821316496714723
1.615562524002538
1.9082890366352352
2.4814903962742565
3.06895619040904
3.0742435889386264
2.4901679092447817
1.6924558690426392
1.0394501176819206
0.6345574295966089
0.42269880147527306
0.31882443117178405
0.26791841344839135
0.2399911471909793
0.22302223383352973
0.2080496930958458
0.19406078534527146
0.18206987753092363
0.17207318638010125
0.16407373326059044
0.14907203965612167
0.13307037181433765
0.12706295822583466
0.12104609575342576
0.12404733955133786
0.13204232837605717
0.1380356025473897
0.14502627634915538
0.14401302631109414
0.14699063261170922
0.12996495781467587
0.10792462642023813
0.07787206908475487
0.025798880228364497
-0.04029920378565572
-0.11442804032722842
-0.16358820954813214
-0.10875965299987836
0.18610046929652815
0.8108682355160459
1.5964646184534805
2.1370625616518684
2.180660541885973
2.0284618534288437
2.1196002110559506
2.3359497226799375
2.308230789117663
1.946683385663206
1.4590816555744262
1.019311716491593
0.714457828872193
0.5226191256511973
0.4097612616351354
0.34687083353922105
0.29794946254571436
0.270000661306097
0.25003006996799754
0.2280491330246194
0.20906504899788061
0.19406800400695054
0.17707185929432903
0.1660694019126959
0.15306557808981505
0.13806454846733887
0.13604207299292553
0.14304032974267733
0.15903485998755912
0.16602796722714794
0.17601753443662185
0.18300059732420695
0.18897536024471884
0.19794272917301675
0.1898958091338235
0.18483441974477466
0.16875343029265177
0.1516489879022395
0.1445178012819173
0.16936597286332453
0.27920937182921374
0.528268873360913
0.9136529598996711
1.323369266588355
1.560069526652414
1.5388040115937194
1.4386893654522879
1.416775302553575
1.4770183774504502
1.4682801969650154
1.3328489451333188
1.1188887098077254
0.8941456385369653
0.707349917047595
0.5715402994629637
0.4747008015272503
0.40582388765917204
0.3549156270025164
0.3159753117522775
0.287008667195934
0.26003730801414054
0.23505735949148657
0.21406531159358302
0.1950678646747253
0.17606948306587072
0.16106831876696592
0.143063720649933
0.147036684502234
0.16203374994024836
0.17203610842373254
0.18402684785412535
0.20800594834064612
0.221990266978627
0.2419565249322729
0.2559147844639141
0.2698692762635445
0.28280081306176075
0.2917126504971213
0.30760263363315293
0.32646846079825653
0.3753126276539375
0.46215969979323046
0.6045552018201533
0.78260633231757
0.9463688835548885
1.0221364515839826
0.9989540780354972
0.9468794775928198
0.9299353485362496
0.955100805394059
0.9713227186374227
0.9476528816457795
0.8817927712645681
0.7870358960870741
0.6822657245140822
0.5874739561899883
0.5156478420027232
0.4487923919115894
0.39988316300645615
0.3529513571164389
0.32000145503792843
0.28903186934156644
0.259049564392269
0.23605627942342344
0.2130626363674059
0.19406055947637274
0.17406835490241787
0.15606246504134563
0.15703900234398863
0.17302918065365303
0.19402711933981454
0.21101563384848268
0.23100158252593314
0.252980364040343
0.27994727118846363
0.30490222919786486
0.3298424485443611
0.3557751425217582
0.3836866355868176
0.41756469059160933
0.44942447751301257
0.49226617641694465
0.5481044387889604
0.6116535729907245
0.6765935705337195
0.7203882723727909
0.7242021050830031
0.6950676340880522
0.6630155387355144
0.6530553886478992
0.6831713467445039
0.7223356521510254
0.7485051973111434
0.7447585018584583
0.7089848264640269
0.657212648191802
0.5984252083840839
0.5416086786234107
0.48474659817050475
0.43184962045227737
0.38793433888080375
0.344987541385814
0.30902368228081123
0.2810433218665127
0.24905988221452982
0.2260530437721819
0.2010625874763794
0.1840658308990029
0.16406556099455252
0.16504231764866337
0.18303546881403313
0.20502242793964215
0.22801941285886446
0.2549928998262613
0.28096797728715994
0.3099362894294903
0.34388733048065323
0.38082893778776045
0.41573634861302944
0.4546299344068008
0.48753670740966787
0.5293904870614097
0.5592329775510579
0.5910687170017425
0.6149025199170898
0.61459605728872
0.6034137384297743
0.5672565245462268
0.5351480656318026
0.5091150938716233
0.5171490991661347
0.55423466523409
0.6141227595976109
0.6391262429319061
0.663762957273332
0.6729228276569075
0.6451807592430835
0.6043777252867778
0.5595496139034477
0.5047307412431802
0.45583944624870726
0.4109203478387015
0.36997174787269155
0.3280208313324164
0.2920454685544958
0.26304649804922886
0.24104332515309376
0.21205840957152283
0.1930593603937619
0.17106353264998522
0.17302300623629358
0.19501800060345859
0.21699731659331917
0.2400111809251897
0.27099148959181035
0.2999578963864545
0.33492497616000144
0.37387964918631844
0.4178110966876051
0.4527450114798072
0.4976354391988121
0.539506843361664
0.5713726010515426
0.5982270088324944
0.6090500906263339
0.6070675245689882
0.5745971686012628
0.529427950301772
0.4882865743560544
0.44918988320103814
0.4271171432718366
0.44019627021514623
0.4803046994843571
0.5333639400784345
0.5890409527674294
0.6257628943278054
0.6399580184071452
0.6321693269579023
0.604380600556437
0.5695495305629185
0.5247011282783798
0.47880061605859564
0.4289081671898382
0.38395818414967897
0.3469983525138384
0.303070763963005
0.27603910994119785
0.24505469014190756
0.21905666489814818
0.19208023581287745
0.17606329576691593
0.17704359979581244
0.19612632101599206
0.2288542372785382
0.24702006565007972
0.27699306414166763
0.3119828938048591
0.35089759050949837
0.3869024726351023
0.43281757723453146
0.4797315248718545
0.5256213780135315
0.5664947822209897
0.5933474876591747
0.6181952975090401
0.6170301482667556
0.6020845264063668
0.5546052972345635
0.4984506776478617
0.44531234307254386
0.40323656550815173
0.386202310185924
0.40421005000154325
0.4433146849835735
0.49738693490012686
0.55505978889123
0.6017717756319155
0.6289582683961049
0.6261662577308871
0.6083535580614647
0.5725477375411435
0.5356881933611561
0.4848274037615651
0.439893840310363
0.39396856466102637
0.35106652240269476
0.31805458659046837
0.2810380291070496
0.24905621150828858
0.22703084582454908
0.20005202703546168
0.18100971981700115
0.17854840711267228
0.19982913598346466
0.22374389804030329
0.2506117477736069
0.2815902319075367
0.31470770762033695
0.3518085150507782
0.395475682237481
0.43841380243483646
0.48849667110865613
0.5320991695393771
0.5716030768837257
0.6029678764421289
0.6221112603310367
0.6178827861304397
0.593227287181258
0.5484562422246702
0.49144671025846576
0.43419501102449254
0.3888062605424757
0.37605742098541983
0.3909261836994506
0.4323375024998115
0.4929297941867748
0.5499273295905791
0.5957756023946589
0.6199476265281595
0.6254546270095335
0.6099807397196667
0.5768757951770852
0.535859038434019
0.490318661895309
0.44169470734257593
0.39840959163163686
0.35553722460778475
0.3188485749854194
0.28157672800931904
0.2565768340023888
0.22525790458036418
0.2005998836765503
0.1812779300587447
0.17704359979581244
0.19612632101599206
0.2288542372785382
0.24702006565007972
0.27699306414166763
0.3119828938048591
0.35089759050949837
0.3869024726351023
0.43281757723453146
0.4797315248718545
0.5256213780135315
0.5664947822209897
0.5933474876591747
0.6181952975090401
0.6170301482667556
0.6020845264063668
0.5546052972345635
0.4984506776478617
0.44531234307254386
0.40323656550815173
0.386202310185924
0.40421005000154325
0.4433146849835735
0.49738693490012686
0.55505978889123
0.6017717756319155
0.6289582683961049
0.6261662577308871
0.6083535580614647
0.5725477375411435
0.5356881933611561
0.4848274037615651
0.439893840310363
0.39396856466102637
0.35106652240269476
0.31805458659046837
0.2810380291070496
0.24905621150828858
0.22703084582454908
0.20005202703546168
0.18100971981700115
0.17302300623629358
0.19501800060345859
0.21699731659331917
0.2400111809251897
0.27099148959181035
0.2999578963864545
0.33492497616000144
0.37387964918631844
0.4178110966876051
0.4527450114798072
0.4976354391988121
0.539506843361664
0.5713726010515426
0.5982270088324944
0.6090500906263339
0.6070675245689882
0.5745971686012628
0.529427950301772
0.4882865743560544
0.44918988320103814
0.4271171432718366
0.44019627021514623
0.4803046994843571
0.5333639400784345
0.5890409527674294
0.6257628943278054
0.6399580184071452
0.6321693269579023
0.604380600556437
0.5695495305629185
0.5247011282783798
0.47880061605859564
0.4289081671898382
0.38395818414967897
0.3469983525138384
0.303070763963005
0.27603910994119785
0.24505469014190756
0.21905666489814818
0.19208023581287745
0.17606329576691593
0.16504231764866337
0.18303546881403313
0.20502242793964215
0.22801941285886446
0.2549928998262613
0.28096797728715994
0.3099362894294903
0.34388733048065323
0.38082893778776045
0.41573634861302944
0.4546299344068008
0.48753670740966787
0.5293904870614097
0.5592329775510579
0.5910687170017425
0.6149025199170898
0.61459605728872
0.6034137384297743
0.5672565245462268
0.5351480656318026
0.5091150938716233
0.5171490991661347
0.55423466523409
0.6141227595976109
0.6391262429319061
0.663762957273332
0.6729228276569075
0.6451807592430835
0.6043777252867778
0.5595496139034477
0.5047307412431802
0.45583944624870726
0.4109203478387015
0.36997174787269155
0.3280208313324164
0.2920454685544958
0.26304649804922886
0.24104332515309376
0.21205840957152283
0.1930593603937619
0.17106353264998522
0.15703900234398863
0.17302918065365303
0.19402711933981454
0.21101563384848268
0.23100158252593314
0.252980364040343
0.27994727118846363
0.30490222919786486
0.3298424485443611
0.3557751425217582
0.3836866355868176
0.41756469059160933
0.44942447751301257
0.49226617641694465
0.5481044387889604
0.6116535729907245
0.6765935705337195
0.7203882723727909
0.7242021050830031
0.6950676340880522
0.6630155387355144
0.6530553886478992
0.6831713467445039
0.7223356521510254
0.7485051973111434
0.7447585018584583
0.7089848264640269
0.657212648191802
0.5984252083840839
0.5416086786234107
0.48474659817050475
0.43184962045227737
0.38793433888080375
0.344987541385814
0.30902368228081123
0.2810433218665127
0.24905988221452982
0.2260530437721819
0.2010625874763794
0.1840658308990029
0.16406556099455252
0.147036684502234
0.16203374994024836
0.17203610842373254
0.18402684785412535
0.20800594834064612
0.221990266978627
0.2419565249322729
0.2559147844639141
0.2698692762635445
0.28280081306176075
0.2917126504971213
0.30760263363315293
0.32646846079825653
0.3753126276539375
0.46215969979323046
0.6045552018201533
0.78260633231757
0.9463688835548885
1.0221364515839826
0.9989540780354972
0.9468794775928198
0.9299353485362496
0.955100805394059
0.9713227186374227
0.9476528816457795
0.8817927712645681
0.7870358960870741
0.6822657245140822
0.5874739561899883
0.5156478420027232
0.4487923919115894
0.39988316300645615
0.3529513571164389
0.32000145503792843
0.28903186934156644
0.259049564392269
0.23605627942342344
0.2130626363674059
0.19406055947637274
0.17406835490241787
0.15606246504134563
0.13604207299292553
0.14304032974267733
0.15903485998755912
0.16602796722714794
0.17601753443662185
0.18300059732420695
0.18897536024471884
0.19794272917301675
0.1898958091338235
0.18483441974477466
0.16875343029265177
0.1516489879022395
0.1445178012819173
0.16936597286332453
0.27920937182921374
0.528268873360913
0.9136529598996711
1.323369266588355
1.560069526652414
1.5388040115937194
1.4386893654522879
1.416775302553575
1.4770183774504502
1.4682801969650154
1.3328489451333188
1.1188887098077254
0.8941456385369653
0.707349917047595
0.5715402994629637
0.4747008015272503
0.40582388765917204
0.3549156270025164
0.3159753117522775
0.287008667195934
0.26003730801414054
0.23505735949148657
0.21406531159358302
0.1950678646747253
0.17606948306587072
0.16106831876696592
0.143063720649933
0.12104609575342576
0.12404733955133786
0.13204232837605717
0.1380356025473897
0.14502627634915538
0.14401302631109414
0.14699063261170922
0.12996495781467587
0.10792462642023813
0.07787206908475487
0.025798880228364497
-0.04029920378565572
-0.11442804032722842
-0.16358820954813214
-0.10875965299987836
0.18610046929652815
0.8108682355160459
1.5964646184534805
2.1370625616518684
2.180660541885973
2.0284618534288437
2.1196002110559506
2.3359497226799375
2.308230789117663
1.946683385663206
1.4590816555744262
1.019311716491593
0.714457828872193
0.5226191256511973
0.4097612616351354
0.34687083353922105
0.29794946254571436
0.270000661306097
0.25003006996799754
0.2280491330246194
0.20906504899788061
0.19406800400695054
0.17707185929432903
0.1660694019126959
0.15306557808981505
0.13806454846733887
0.1040471556111519
0.1070474574008909
0.11304489239612595
0.11404421962642294
0.11103661172467505
0.1070264118326388
0.0900129712742453
0.06498922828255671
0.0259633684880026
-0.03608741178279167
-0.13015088348697917
-0.26724152633226633
-0.44937464078280326
-0.6735612854737234
-0.8877401846406755
-0.9397301373815775
-0.621694256215581
0.08384202142863798
0.9821316496714723
1.615562524002538
1.9082890366352352
2.4814903962742565
3.06895619040904
3.0742435889386264
2.4901679092447817
1.6924558690426392
1.0394501176819206
0.6345574295966089
0.42269880147527306
0.31882443117178405
0.26791841344839135
0.2399911471909793
0.22302223383352973
0.2080496930958458
0.19406078534527146
0.18206987753092363
0.17207318638010125
0.16407373326059044
0.14907203965612167
0.13307037181433765
0.12706295822583466
0.0870524376061884
0.09005269673876103
0.09105058748072399
0.0870497090347035
0.0800445628538145
0.05903834211265139
0.0380256869109662
-0.0029885319069256756
-0.060018741812822435
-0.15404900436480673
-0.2921026619990692
-0.5041861199405855
-0.8283279969392233
-1.3325727813791997
-2.1408843641691857
-3.4157484499552377
-5.199017972337348
-6.5907562480580015
-7.201597681880674
-3.9912397649552163
-1.2124534075365512
0.25871315951394314
0.72219527225917
1.1212858016369727
1.4627687576198218
1.1554206822607038
0.6754346521241994
0.37159166184658865
0.2337575383286105
0.18188011310927843
0.1649604625088955
0.1670105751065913
0.16403937497815368
0.16305920965917897
0.1570680008150496
0.15607194422986317
0.14607363919529015
0.14407033940489467
0.1350686019160571
0.12706465952212492
0.12105977750633633
0.07605424667670672
0.07305597202031196
0.0710569034760295
0.06505535083623554
0.0510551769447494
0.03405100644891847
0.0010469942072066664
-0.05196465421765964
-0.1279710029340444
-0.23500530457521554
-0.40804285962905984
-0.6721087058590084
-1.1042385467196125
-1.8405342401657727
-3.223213180908183
-5.881572536654392
-9.676608714445612
-10.83499263063682
-15.172471072844553
-13.937956863221233
-8.136754251709153
-7.258716948900856
-9.766878141679852
-8.267096859377087
-3.547953426689952
-1.0644198508976122
-0.31368304166019945
-0.11143317292533476
-0.028200212034626745
0.025931866252653344
0.06600234691032564
0.09304107112648427
0.11106545348901788
0.12407306032243764
0.1280776532978369
0.12707889240469167
0.1260764450089105
0.12507463321694667
0.11807050201449171
0.1130653924791612
0.10606162474585434
0.0900530293045915
0.0850578094734315
0.08205928656532878
0.07806151436268044
0.06606186390963377
0.049061628650545905
0.01705863006911188
-0.02394464240617182
-0.09095956296697262
-0.19096528111539754
-0.3489873313922737
-0.5890281828038342
-0.9751159603241845
-1.6483378246764073
-2.908933328108033
-5.293317122501855
-8.198608222189513
-6.184889922140806
-11.163062004638752
-16.064753252138907
-11.805652421766053
-12.051142820493427
-11.224080498873754
-9.314376252142424
-7.905630966081189
-3.7239827307843814
-1.550211496834342
-0.6314522472328671
-0.2871486049011683
-0.11701721613050685
-0.021959257008639002
0.03106764681145573
0.0700862647930609
0.09008123257953315
0.09908689379028124
0.11008199667948985
0.1070802417639146
0.10407656759809254
0.1060703520847053
0.10206628196338581
0.10006173906639393
0.07505655877243807
0.07206021597742462
0.0660633356933024
0.06306686661250588
0.048069675362707336
0.027072887225169547
-0.0049231695084686845
-0.04892505334172491
-0.12191780936153987
-0.21192767369457507
-0.3569332265672927
-0.5689449263094589
-0.8959704940447512
-1.4070256428088783
-2.2550925555705037
-3.724702479698025
-6.219959904771663
-9.86531026336705
-12.717670171867523
-10.756003838472667
-8.210472187559475
-10.185999277392481
-10.64099382222674
-7.137733208776275
-6.981528494561299
-4.102392339824989
-1.975302312526489
-0.9593958075819694
-0.4860915780269249
-0.2509774343216158
-0.12193143341157613
-0.04091352061054293
0.013085741179640986
0.040093771844222935
0.05709158752843493
0.07108866332372915
0.0780857987935932
0.07408170774236521
0.07807544144198228
0.07807122688423643
0.07506679979965326
0.04405923851388561
0.041061932371101985
0.02606719689985721
0.022070976910858926
0.0030759412292759897
-0.021918739887163027
-0.06091429014130157
-0.10990966103043093
-0.18390234400064132
-0.27789796841861253
-0.3248900115331859
-0.4858796253475543
-0.70486175016726
-1.0128210358310088
-1.4057105182637781
-1.9614330417612387
-2.902173187131343
-4.4025512933490205
-5.274577636868366
-4.524581797985883
-3.7669976053055523
-5.450447014473109
-7.781601063833551
-6.513440582001773
-4.361398965017308
-2.721440194377488
-1.5614107266496098
-0.8671034956554506
-0.4779706871916091
-0.2669187247717311
-0.13390057076258832
-0.05689552789099355
-0.01088928607660633
0.026100221317301636
0.04109822560717144
0.05609131342278169
0.06308507142962373
0.06608007524749836
0.07007462827950722
0.06706991782536482
0.0680646051169088
0.038058940089471464
0.034062908912471504
0.02506786301639239
0.006074452569996826
-0.006920603963229917
-0.032913781562314205
-0.06190427255745123
-0.1029004193714108
-0.16487915321977678
-0.2438868984557919
-0.3418637350140086
-0.4708428539865561
-0.6188114694508028
-0.7827575489474856
-0.927665998958687
-1.0015341397423412
-1.0254221474148282
-1.0274075086612176
-0.9484217534872336
-0.7193651397029459
-0.5523205162979747
-0.8843790990341257
-1.5833208336419218
-1.7519897390238461
-1.4740636335813582
-1.1495748587821952
-0.8138286235905433
-0.5238707958471008
-0.3168704389883246
-0.1738702014569507
-0.08587370361832437
-0.028880046093656648
0.00910712338586002
0.03810524083370367
0.056096758992951086
0.06509094601927923
0.07008434181802337
0.07407816483589717
0.07607197669331053
0.07006767160891463
0.07106220034795063
0.03505851022272293
0.02706356528401046
0.019068950154612317
0.005075151877669956
-0.01091892674132634
-0.02991122989809155
-0.057902290034785545
-0.0938958946193032
-0.1398805453855402
-0.19686420524201884
-0.2638486505789767
-0.3388239556158308
-0.41578983559755445
-0.4687424904894625
-0.4676792485325871
-0.36960700259827445
-0.17053935394118913
0.08052511329468662
0.3206078498634732
0.5386951201595441
0.7167415234037859
0.740726711354038
0.5346820359840372
0.20363301476643347
-0.09843384648232915
-0.2755788081869171
-0.3107132027093164
-0.26378846200938594
-0.18282567431211014
-0.11284698380073563
-0.054861984016515354
-0.011874230547539229
0.01811770672788241
0.03410652431969279
0.05109825096292947
0.05609082814604761
0.06308274833092571
0.06907631858581288
0.07107037093201776
0.07006475607321973
0.0700592582638965
0.029058233821859087
0.020063662292984608
0.012068808219503452
0.00607453250546348
-0.009918170961900844
-0.027910732075681483
-0.04889967430396423
-0.07788582655151968
-0.11287711859765373
-0.1508615872736226
-0.19084136339336108
-0.23281900510187045
-0.2607881774538508
-0.2547494528488459
-0.2037018654691728
-0.07864791501150299
0.1194095161449171
0.35946987219130316
0.5935337450975149
0.7995911369210075
0.9556164021456377
1.001596282380884
0.8895483953893992
0.635493360329718
0.3424269943305938
0.10634840318432093
-0.02272565931072847
-0.06878035721333539
-0.06281661812225967
-0.0428413005801088
-0.017859084087518226
0.005127722062494329
0.028114392833807664
0.03910447315389721
0.0460974674865866
0.05608798355578587
0.05808096279206239
0.056075179989835175
0.06306869791828741
0.06306256931611953
0.06205820160541871
0.02305732999991882
0.01906258343816839
0.007068969946437391
0.004074106939389598
-0.012918332179439055
-0.025910636181493835
-0.03690242041965975
-0.0608905734627738
-0.08187404448869469
-0.10586277197887556
-0.1258468835445364
-0.14682328410655474
-0.14179634217025933
-0.12076435919806693
-0.04972800559499469
0.06231281393357706
0.21535732442232336
0.4004031175709758
0.5854478392527401
0.7424825359944518
0.8484945471965708
0.8714793104896569
0.7894425586157445
0.6223950076250222
0.4223449274557673
0.24329480604988102
0.12024831506054336
0.05320923361190049
0.01717954322802808
0.016156103300865896
0.023138291567643406
0.029126596285797047
0.03611219391059929
0.04510389053722937
0.04909291686452809
0.05408489460500981
0.05507806052385115
0.06207077920637573
0.05806559797042642
0.05706162105278789
0.05905608095861546
0.02105627831188134
0.015061254823329746
0.009066459487714262
0.004072597812783125
-0.0019209332186204472
-0.014910894277495581
-0.02590333193579381
-0.03989350695328293
-0.05587764825681616
-0.0708686951203813
-0.07682951297001601
-0.07779274279112527
-0.06380719389828916
-0.0317820039706756
0.029245747070962357
0.12127663310045124
0.2413093248292046
0.3803405225587499
0.5103691607174299
0.6163898132120516
0.6873948450743893
0.6993839761069075
0.6423586812424529
0.5403254840759091
0.4072896347170995
0.27325450989805306
0.17822118809744045
0.11519252919272724
0.0721684158856518
0.05614832330879717
0.04613192920359413
0.048118669838221835
0.0491072844534807
0.05109734797937606
0.04908901832150164
0.05308146143771554
0.055074788090636734
0.054068681590249586
0.05606309962760898
0.05305872932297492
0.05105440262715973
0.017055106186216407
0.012059593468993185
0.011064180956693214
0.005070201446066638
0.0010763739252431107
-0.007915965702253515
-0.019907293739474273
-0.02389837450563067
-0.03388721494638383
-0.0408743032651896
-0.03685993691241598
-0.027843950751810422
-0.01482119151150545
0.0241955083546558
0.07620966791158981
0.1492412237318969
0.23425956525764224
0.32524179057718666
0.4193046873825656
0.5003145807781225
0.5403178438608852
0.5473107354958207
0.5142937036226306
0.44127149056209675
0.35724579167217363
0.27122026129541804
0.1981957753861615
0.1441758003439336
0.10415665761028733
0.08414003074718203
0.06914449115668228
0.06412130048574038
0.05910049905981794
0.05709364637740405
0.05508496182995787
0.053078281476411915
0.05307187678261165
0.05106587281999288
0.052060513860641124
0.05205538010995969
0.052051786716931066
0.019052590052849233
0.017057071774417246
0.010061852725398482
0.009067297005776681
0.00407360217314336
7.978119655134393e-05
-0.006912218513108153
-0.014903332494368439
-0.012893747349525916
-0.013882159111167882
-0.009871205008167733
-0.001856484383577931
0.015159181381337268
0.05118202431406451
0.09719334630068412
0.15720963170558383
0.21522682380976796
0.28625109376080493
0.3602899127790052
0.40125979183478344
0.4292731138974276
0.43125681459973697
0.41324288587643865
0.37022676574961294
0.3152087624166793
0.2501910139121033
0.19917055876607162
0.1551479397866436
0.11914132544618782
0.09913197259861684
0.07911526590953116
0.07110450568667605
0.0620953087409899
0.05908721453298947
0.0590797232835856
0.0550732039748999
0.05306766620465961
0.05206275360883625
0.04905766937072202
0.04905338389192832
0.04804922394345951
