0.18795693843199107
0.24695331052595929
0.3199495683986217
0.4029453468333753
0.5039413489004096
0.626935949490476
0.7709307545442451
0.9459249242608698
1.145918571861452
1.379912125311959
1.6519059507566907
1.9678978265007452
2.31089104164577
2.684881123375829
3.0828778433866035
3.480872808814788
3.8608682262011724
4.194859661722646
4.453844200045275
4.6248645283204
4.680862116282648
4.617874146112746
4.440883521937697
4.163892395032343
3.808900301428564
3.402907280100978
2.9909136439851434
2.57892183464758
2.1989230008756033
1.8569253208588978
1.5579319332311699
1.2969358499314294
1.0699402847019786
0.8779444006979398
0.7199480372527279
0.5849511676071556
0.4669552621334607
0.376958184842979
0.29796035208489735
0.23296284799987735
0.17496618083950838
0.14395378332742967
0.1999507809341828
0.27094676726151234
0.3569416923189936
0.4629370130158124
0.5849318595722564
0.7419246825091244
0.924918557146373
1.1469111141213584
1.4099036083356993
1.7238949117869429
2.0888862882898773
2.50687626281301
2.9718691098997847
3.478864658076627
4.000853258110361
4.5048501911599095
4.950866316168187
5.31283894203971
5.541840102558557
5.629844318515243
5.5488534244630525
5.306865580831025
4.9258780891857255
4.436888737694542
3.892897398709416
3.3459040830568125
2.820909407501336
2.348914684193927
1.9419199197275376
1.5929162115200093
1.2939262409792935
1.0489355323139533
0.8469389441124091
0.6789438562951018
0.5339481831227644
0.4199514995242188
0.32795524822018957
0.24995798137319564
0.18696025006502742
0.130964297869857
0.09195185561149861
0.14494814268836476
0.21394330837874828
0.29593855306397404
0.4039327531586276
0.5289251609503138
0.6869190394258893
0.8809116246457122
1.1209008520536636
1.4098951552202805
1.7578728086008146
2.186853223802936
2.6938621268647065
3.2708520111003594
3.9178425135384525
4.605833115882121
5.294823759774631
5.91081545663645
6.408808507735848
6.736806262477108
6.86481193561726
6.768826278829077
6.437845114191794
5.898862895523114
5.211877095114889
4.464886627154507
3.7218946505102366
3.0539007815432
2.4739070256400293
1.9909132631590192
1.591919580559998
1.2629249143979435
1.0019295095043457
0.7869349234626993
0.6099401853989389
0.47194399342859406
0.3589479306595357
0.2639527030422754
0.18795586457825178
0.13095809021626206
0.07996193765894784
0.0319502738488409
0.08194531958495005
0.1419410322711173
0.2209353858941769
0.32092931181245576
0.4479219827598516
0.603914570552805
0.8019059662298367
1.053893582968014
1.3678853801155528
1.7578754182234921
2.242861742801157
2.840847953826556
3.5598350072750624
4.399822291902421
5.323810926815217
6.2697994850826015
7.136786487340241
7.837772655481006
8.30376419670206
8.496770288600674
8.393792253352665
7.952821948087407
7.179848119178291
6.178864758711886
5.109874709042945
4.102882453802958
3.238890203745919
2.532897582084639
1.9759048500626746
1.5289120875245237
1.1849175129531404
0.908924720216129
0.691928729950044
0.517935480820344
0.3839405300980243
0.2719449947798943
0.1889491719685047
0.11595285661456438
0.06295623360745532
0.019959171564252046
-0.03705245029238814
0.003943095788808645
0.057937985835501415
0.12793265827314942
0.22492509772764196
0.34091807443732297
0.49090864484202423
0.6838973355770651
0.9418886265664208
1.2658763664252213
1.6868624824513525
2.2288486270135195
2.9248320959840255
3.8128148829367645
4.897798839707792
6.156785940694303
7.502773809939791
8.754757718941624
9.737733372623987
10.377710457230993
10.684712726575968
10.622749518623749
10.05779816762299
8.92283206269682
7.396845804145841
5.8088514665512845
4.424860501321119
3.3268728789029143
2.490885213678685
1.869894836908099
1.3949037908448232
1.037911217894066
0.765918586273908
0.5559254195547918
0.39392997607084174
0.270935863070808
0.16894113696967192
0.09194570372957632
0.030949971796154857
-0.016045652953084646
-0.0500429538146946
-0.11405400412211776
-0.08305891746311028
-0.03806499299776113
0.021929342978771305
0.09892286207422939
0.20191403271740732
0.34190500604810475
0.5268960110669888
0.7698823326393426
1.0938675239193696
1.5208537157957345
2.104835309786805
2.8888141325394643
3.9457903270205725
5.342767137342802
7.0947514214386445
9.080745949386943
10.94973541746383
12.315696782114244
13.104639124731944
13.548623928419683
13.71068543369909
13.156768280169338
11.430807801570387
8.901795165542387
6.451781658474361
4.548804102378882
3.205839376859498
2.2738656443824397
1.6258827640413664
1.1608944627140108
0.824903532261691
0.5709110137173744
0.3809191508364538
0.23492581169892898
0.12793211208872365
0.044937680125018094
-0.024056844577011904
-0.06605229490201416
-0.10304840810248823
-0.127044513303768
-0.20005674172252352
-0.1820607646372899
-0.1500667652437736
-0.1030735622391759
-0.04208115224759459
0.04491071959931022
0.1628991069177189
0.32089021057038913
0.5348724767724298
0.8358675614137703
1.2548447223779107
1.8308232009857446
2.6597945028552927
3.85575558269303
5.59070611673391
8.037666593404857
11.129673220129
14.15871045563256
15.972699769859426
16.50758895403458
16.933512951197525
17.871641236802624
17.995757262946793
15.187737667827113
10.5536244904319
6.676522931025415
4.2096450649493224
2.726777523447034
1.8048420269339656
1.2148698842402696
0.8068851868996189
0.5208960781888442
0.3119081865814438
0.15691400396685415
0.044922090761192544
-0.037072702795377055
-0.10006579601558108
-0.14406056402920608
-0.1800546367357223
-0.19805070587977183
-0.2130467880830975
-0.29605710556744197
-0.2850629685113582
-0.27606762355091247
-0.246075663887399
-0.20408363961752699
-0.14609237559775773
-0.05710216166887867
0.06188668852391117
0.2408721276296949
0.4818579361708268
0.8158374995404856
1.3258117367642333
2.0967703911383198
3.290695595436525
5.232560804475659
8.424415983697711
13.34346955847793
18.89273437868022
21.209727660104107
19.87044732424366
18.980184793972903
21.890155828047757
24.845107424580174
19.743443327099
10.826667285021975
5.4756502573131804
2.9662326580307794
1.731661696805348
1.0478012225603979
0.6238490776115407
0.3388708498198637
0.14688483352296444
0.002893775792552199
-0.09909422899706827
-0.1740859390092695
-0.22307799233661316
-0.2590712761427736
-0.2800648222599863
-0.2920593969817842
-0.2990545197531917
-0.3010509881716577
-0.4000577446076717
-0.41306347855468567
-0.415069198274495
-0.41307578261760836
-0.3990844841127198
-0.37109373862174133
-0.327104772972037
-0.2531154720929758
-0.14613240498486968
0.021854659122661883
0.2728344200636018
0.6508053828146111
1.2417528642211848
2.2206249433351943
3.966297015639213
7.340866245384751
14.164992997596473
24.701083206208484
27.400344170900002
20.057932264369704
16.67152609255962
19.74732202501607
25.480575672897412
15.852203209901251
5.027715542385149
1.6439705855090665
0.6289483772051672
0.22960749483134232
0.01778407875249319
-0.12616190746567052
-0.23113857468657256
-0.31012223600457184
-0.3601070344726066
-0.3970997343499809
-0.4210889700463967
-0.43608099385508503
-0.43307438740280624
-0.4350672027428237
-0.42106291395150014
-0.4120572208934961
-0.4010519948150722
-0.5010607263655548
-0.528065287734936
-0.551071430714532
-0.575078184156263
-0.5910853475231357
-0.6030942666021498
-0.6031032024876506
-0.5891164176003512
-0.5581246995402277
-0.4871463205954189
-0.3811659856747799
-0.2081950218152309
0.0877475833882749
0.5605842226275585
1.414047112021702
3.1093805875546203
6.92952407310983
13.911474793680188
13.732326678155232
7.27263961848191
4.502521226271386
2.1969685264052012
-8.152991054383909
-15.66499355757526
-8.484129461543569
-4.130522400696168
-2.3386682024878898
-1.6063046960501055
-1.2131962664732951
-1.0111574965991525
-0.8961374905732141
-0.8271232428073304
-0.7771136808366826
-0.7360978328520351
-0.6990908876085071
-0.6640810334588646
-0.6320736391893982
-0.6010669824328193
-0.5620616191851813
-0.5330558768309879
-0.5030517194209357
-0.605059238639164
-0.6400672759492237
-0.6870717453414912
-0.7360786568902464
-0.7860861544495541
-0.8300953315837798
-0.8791070825970829
-0.9271179490480118
-0.9751375181871929
-1.017148549945992
-1.062168892173672
-1.1131973993800726
-1.1872492998738648
-1.34138770239297
-1.719796531415039
-2.8930549424061476
-6.91615451715983
-18.797343022585242
-25.517529773778147
-14.53732514662103
-10.369924304404014
-13.341671274818703
-22.713980922442527
-24.393330886912082
-15.059941272244052
-8.260151183629862
-4.90728885304465
-3.2552350995560535
-2.374188501444977
-1.8681631684272222
-1.5551453647776665
-1.3441302099612602
-1.1931170126965662
-1.073105054800954
-0.9780941315764743
-0.8970835736756118
-0.8280767445436378
-0.7600705098944367
-0.7040634777153728
-0.6510581933943171
-0.6050529862143721
-0.7020606417235725
-0.7640652810450339
-0.8330713324901944
-0.9010801324174701
-0.9880860899152584
-1.077094965530201
-1.175104106825225
-1.2891177464731267
-1.424127390681475
-1.5821474293058644
-1.7821679359821088
-2.055193896049596
-2.465233441769369
-3.150312173589962
-4.438451029301129
-7.126390118639374
-12.893982196147224
-19.98847002828713
-26.238240175023964
-20.87361788999363
-17.081739282594533
-17.297718214041602
-19.376478472193565
-18.583876079026414
-13.878756337453236
-9.375114141686284
-6.31719676355465
-4.478199381131758
-3.3571869192015065
-2.6551689628922617
-2.1831523372203345
-1.8491362953902708
-1.6011210909592877
-1.4101096362484031
-1.2570974985822854
-1.1290877997259212
-1.0190802153218472
-0.9260714450883966
-0.8430652640740145
-0.7690591836771228
-0.7060533082295455
-0.8030610337559665
-0.8810676286069766
-0.9720728022302464
-1.0700800870134901
-1.18408734907456
-1.3160947537963295
-1.4631069301209643
-1.6431178851111432
-1.8561344287225516
-2.1231469004856773
-2.4521674487464584
-2.910191395285985
-3.552222725584101
-4.535264353964073
-6.127306869164107
-8.754269123869573
-12.820165756941922
-17.505078495586496
-19.837377697436267
-18.900581635078517
-17.367693074724
-16.672669601571656
-16.256516620716546
-14.844169536242951
-12.195569719159186
-9.318268908182981
-6.979124538252044
-5.296192543113814
-4.138192114569618
-3.3241775379167273
-2.752157754948307
-2.322145256778241
-1.9941271700904273
-1.7371144109170487
-1.5291005978389078
-1.359090379742302
-1.2150823553996102
-1.0850771909319215
-0.9780694996964218
-0.8900616370114431
-0.8040564427450579
-0.9050602682068614
-0.9980661532918766
-1.105071681840803
-1.227080128793099
-1.3740864427058643
-1.5400939703452539
-1.7371036343273987
-1.9681162516617867
-2.2491290143684592
-2.5931477032887242
-3.0271681768549064
-3.6021920475663856
-4.372221053527575
-5.44225419816674
-6.9492865634476235
-9.03628871353693
-11.663300553362893
-14.260335991811417
-15.877476713624667
-16.179584908542413
-15.757649918724765
-15.119637186525445
-14.25655101728537
-12.897368047350218
-11.055079503618083
-9.06097122347066
-7.2731470756853565
-5.8282092904459075
-4.718201424269235
-3.875182893745024
-3.232163776337899
-2.739144943496275
-2.351129043919447
-2.0331177699739693
-1.783104418944015
-1.567095207124496
-1.3900843324634868
-1.2400760026156885
-1.1090699118348497
-0.9970618211282231
-0.9000547683830415
-0.9880595610383056
-1.1000652631861716
-1.2250728103182977
-1.373081085441666
-1.5420879385024677
-1.7450935380173673
-1.9771040556412944
-2.259116127045555
-2.5911279853951377
-3.000146798764565
-3.506168304106103
-4.144192521445485
-4.9542222920771355
-5.994254140964497
-7.323271873754891
-8.947922219118128
-10.753157390255659
-12.451436324186535
-13.65152692455067
-14.184591922601909
-14.163624961649672
-13.72061728834013
-12.934567177488676
-11.798467841035489
-10.383289508613938
-8.866918924193449
-7.433231119433512
-6.180233820590826
-5.143212215246215
-4.304187879351522
-3.6361654043167406
-3.099144068182541
-2.659132525140424
-2.3061158614783652
-2.00910517518887
-1.762097174315887
-1.553088429250324
-1.3770793988566665
-1.2280728011724067
-1.0930673416199839
-0.9840563752581757
-1.065057915446345
-1.189068507394908
-1.3310740050572194
-1.5010790341174771
-1.6910883227043614
-1.9250928838025403
-2.1891016306303
-2.5031118157049383
-2.881128794291092
-3.3311454023491835
-3.8771667045215366
-4.540193641741543
-5.351222988087851
-6.329253636199389
-7.480263727735122
-8.782317849535191
-10.139340272007136
-11.380481735250706
-12.311542967013024
-12.835585368769477
-12.93360637950591
-12.644599064203687
-12.013564889316665
-11.089515039215973
-9.94955432136247
-8.729298566406346
-7.5242911542856215
-6.418254755215414
-5.459217847167341
-4.637192480701255
-3.957171822968142
-3.3901507367882475
-2.922135874236482
-2.535117300113516
-2.204110435116074
-1.9320954120496803
-1.700090233095408
-1.500081516277211
-1.328073475724317
-1.183067744614963
-1.059058799117044
-1.129062994751902
-1.26606900665119
-1.424071023081316
-1.6100754704960647
-1.8210845213853875
-2.070093583233949
-2.361103915542632
-2.7051145411395776
-3.113124021058923
-3.5931446154581748
-4.15716901110145
-4.833192992145783
-5.6182236119703015
-6.5232556698755575
-7.542266136397536
-8.626962049147727
-9.719417932967982
-10.693496211759603
-11.460542291811052
-11.918575874897755
-12.04859174536664
-11.84858367331264
-11.344549347619383
-10.588490878168043
-9.651329963452543
-8.615383707591107
-7.573317306520685
-6.571265475866783
-5.678222611701299
-4.886192997892425
-4.206166498699143
-3.6251470406320516
-3.1341370649365543
-2.7201236559489494
-2.3671115302866106
-2.073104767560839
-1.8190877579660003
-1.6050837035331742
-1.4160763834303962
-1.2610628655387424
-1.1230574379593554
-1.1810452910367681
-1.329062522800052
-1.499065014841449
-1.6920747003742012
-1.918087717790609
-2.1880911097204936
-2.4981009916249697
-2.859110366669251
-3.2851283843891856
-3.7811396307963805
-4.359157764044418
-5.030192201641637
-5.789223627844642
-6.636256656200968
-7.556270769773739
-8.50425784729028
-9.430440728744045
-10.249494886230613
-10.893535992375314
-11.299566587626876
-11.433578037971047
-11.281566724742772
-10.86852509729106
-10.227027526494272
-9.3926513573524
-8.51939514850471
-7.582342848062995
-6.673269887421392
-5.824229735542667
-5.063194680654861
-4.388170019957953
-3.8011522088341625
-3.3011377264711164
-2.8661281705165225
-2.5001162068877014
-2.1860952768831368
-1.9160879202304273
-1.685089686116627
-1.4890808504276158
-1.321072185606674
-1.1760754379351732
-1.217063789579472
-1.3710452044941897
-1.5460688544092656
-1.748091470317783
-1.9940762328380346
-2.2700906791114797
-2.592100251918443
-2.96612048342521
-3.4051294227198308
-3.9181407408795894
-4.497164098278129
-5.157192007749998
-5.895226127521152
-6.701256698272265
-7.555269006405989
-8.404644135753086
-9.239446159153259
-9.966493729022087
-10.534532664018691
-10.899562811201502
-11.019585765496984
-10.898561459089974
-10.538509665656534
-9.977409244635208
-9.255795511485685
-8.441396906887608
-7.578330061593559
-6.727266562538331
-5.917227106129689
-5.174195223068968
-4.51216876165588
-3.9281483571551568
-3.4151272106892545
-2.975110747216561
-2.5941179697899734
-2.2661031595271846
-1.9861030830961992
-1.749075235770247
-1.5440617963900072
-1.3660658748486887
-1.2180215058669588
-1.2380783065574694
-1.3931268147169122
-1.5760693819709823
-1.7890680609566438
-2.035085376771372
-2.321046771845594
-2.6510483852093167
-3.033102236374673
-3.4751884171774594
-3.995109374311402
-4.5731627012279485
-5.232190677565332
-5.953236145251335
-6.734271062238333
-7.551265805141693
-8.354774856503392
-9.135445530406908
-9.807488021664593
-10.336529751314606
-10.669554537659549
-10.785567451810326
-10.678557146723696
-10.343522085248447
-9.82240615501066
-9.146122955087593
-8.387393574838564
-7.569329845949152
-6.754270834299967
-5.967240059730607
-5.2421911536134465
-4.58316955037636
-3.9961886986254536
-3.4791838980361023
-3.033186073580664
-2.6511402704878204
-2.318105374835776
-2.032100131321776
-1.7850631480664216
-1.5780055984241785
-1.3979238652421884
-1.2390555570021209
-1.2461164408585592
-1.4017218337825308
-1.5850862621421218
-1.7978619287990945
-2.0461937307620786
-2.331474094286322
-2.6662072858979933
-3.0550757072190873
-3.5016568374968506
-4.015519046962759
-4.601736246039984
-5.256695181477282
-5.978587489598812
-6.752541753072777
-7.5578071064828025
-8.356392848435064
-9.1134459946143
-9.76349421832721
-10.27440293836254
-10.599415031002207
-10.712566038547786
-10.597871155890504
-10.278531993258627
-9.765972001003796
-9.110608597091236
-8.358573105865167
-7.560898509240483
-6.757942148761549
-5.9792350100528955
-5.259296425937139
-4.6058361710425455
-4.0214733747106735
-3.5046017087799
-3.0574245149780688
-2.670059485173389
-2.3357044446567943
-2.048037029898608
-1.8023370748236498
-1.5893559408101599
-1.4053566047435366
-1.2476729950403729
-1.2380783065574694
-1.3931268147169122
-1.5760693819709823
-1.7890680609566438
-2.035085376771372
-2.321046771845594
-2.6510483852093167
-3.033102236374673
-3.4751884171774594
-3.995109374311402
-4.5731627012279485
-5.232190677565332
-5.953236145251335
-6.734271062238333
-7.551265805141693
-8.354774856503392
-9.135445530406908
-9.807488021664593
-10.336529751314606
-10.669554537659549
-10.785567451810326
-10.678557146723696
-10.343522085248447
-9.82240615501066
-9.146122955087593
-8.387393574838564
-7.569329845949152
-6.754270834299967
-5.967240059730607
-5.2421911536134465
-4.58316955037636
-3.9961886986254536
-3.4791838980361023
-3.033186073580664
-2.6511402704878204
-2.318105374835776
-2.032100131321776
-1.7850631480664216
-1.5780055984241785
-1.3979238652421884
-1.2390555570021209
-1.217063789579472
-1.3710452044941897
-1.5460688544092656
-1.748091470317783
-1.9940762328380346
-2.2700906791114797
-2.592100251918443
-2.96612048342521
-3.4051294227198308
-3.9181407408795894
-4.497164098278129
-5.157192007749998
-5.895226127521152
-6.701256698272265
-7.555269006405989
-8.404644135753086
-9.239446159153259
-9.966493729022087
-10.534532664018691
-10.899562811201502
-11.019585765496984
-10.898561459089974
-10.538509665656534
-9.977409244635208
-9.255795511485685
-8.441396906887608
-7.578330061593559
-6.727266562538331
-5.917227106129689
-5.174195223068968
-4.51216876165588
-3.9281483571551568
-3.4151272106892545
-2.975110747216561
-2.5941179697899734
-2.2661031595271846
-1.9861030830961992
-1.749075235770247
-1.5440617963900072
-1.3660658748486887
-1.2180215058669588
-1.1810452910367681
-1.329062522800052
-1.499065014841449
-1.6920747003742012
-1.918087717790609
-2.1880911097204936
-2.4981009916249697
-2.859110366669251
-3.2851283843891856
-3.7811396307963805
-4.359157764044418
-5.030192201641637
-5.789223627844642
-6.636256656200968
-7.556270769773739
-8.50425784729028
-9.430440728744045
-10.249494886230613
-10.893535992375314
-11.299566587626876
-11.433578037971047
-11.281566724742772
-10.86852509729106
-10.227027526494272
-9.3926513573524
-8.51939514850471
-7.582342848062995
-6.673269887421392
-5.824229735542667
-5.063194680654861
-4.388170019957953
-3.8011522088341625
-3.3011377264711164
-2.8661281705165225
-2.5001162068877014
-2.1860952768831368
-1.9160879202304273
-1.685089686116627
-1.4890808504276158
-1.321072185606674
-1.1760754379351732
-1.129062994751902
-1.26606900665119
-1.424071023081316
-1.6100754704960647
-1.8210845213853875
-2.070093583233949
-2.361103915542632
-2.7051145411395776
-3.113124021058923
-3.5931446154581748
-4.15716901110145
-4.833192992145783
-5.6182236119703015
-6.5232556698755575
-7.542266136397536
-8.626962049147727
-9.719417932967982
-10.693496211759603
-11.460542291811052
-11.918575874897755
-12.04859174536664
-11.84858367331264
-11.344549347619383
-10.588490878168043
-9.651329963452543
-8.615383707591107
-7.573317306520685
-6.571265475866783
-5.678222611701299
-4.886192997892425
-4.206166498699143
-3.6251470406320516
-3.1341370649365543
-2.7201236559489494
-2.3671115302866106
-2.073104767560839
-1.8190877579660003
-1.6050837035331742
-1.4160763834303962
-1.2610628655387424
-1.1230574379593554
-1.065057915446345
-1.189068507394908
-1.3310740050572194
-1.5010790341174771
-1.6910883227043614
-1.9250928838025403
-2.1891016306303
-2.5031118157049383
-2.881128794291092
-3.3311454023491835
-3.8771667045215366
-4.540193641741543
-5.351222988087851
-6.329253636199389
-7.480263727735122
-8.782317849535191
-10.139340272007136
-11.380481735250706
-12.311542967013024
-12.835585368769477
-12.93360637950591
-12.644599064203687
-12.013564889316665
-11.089515039215973
-9.94955432136247
-8.729298566406346
-7.5242911542856215
-6.418254755215414
-5.459217847167341
-4.637192480701255
-3.957171822968142
-3.3901507367882475
-2.922135874236482
-2.535117300113516
-2.204110435116074
-1.9320954120496803
-1.700090233095408
-1.500081516277211
-1.328073475724317
-1.183067744614963
-1.059058799117044
-0.9880595610383056
-1.1000652631861716
-1.2250728103182977
-1.373081085441666
-1.5420879385024677
-1.7450935380173673
-1.9771040556412944
-2.259116127045555
-2.5911279853951377
-3.000146798764565
-3.506168304106103
-4.144192521445485
-4.9542222920771355
-5.994254140964497
-7.323271873754891
-8.947922219118128
-10.753157390255659
-12.451436324186535
-13.65152692455067
-14.184591922601909
-14.163624961649672
-13.72061728834013
-12.934567177488676
-11.798467841035489
-10.383289508613938
-8.866918924193449
-7.433231119433512
-6.180233820590826
-5.143212215246215
-4.304187879351522
-3.6361654043167406
-3.099144068182541
-2.659132525140424
-2.3061158614783652
-2.00910517518887
-1.762097174315887
-1.553088429250324
-1.3770793988566665
-1.2280728011724067
-1.0930673416199839
-0.9840563752581757
-0.9050602682068614
-0.9980661532918766
-1.105071681840803
-1.227080128793099
-1.3740864427058643
-1.5400939703452539
-1.7371036343273987
-1.9681162516617867
-2.2491290143684592
-2.5931477032887242
-3.0271681768549064
-3.6021920475663856
-4.372221053527575
-5.44225419816674
-6.9492865634476235
-9.03628871353693
-11.663300553362893
-14.260335991811417
-15.877476713624667
-16.179584908542413
-15.757649918724765
-15.119637186525445
-14.25655101728537
-12.897368047350218
-11.055079503618083
-9.06097122347066
-7.2731470756853565
-5.8282092904459075
-4.718201424269235
-3.875182893745024
-3.232163776337899
-2.739144943496275
-2.351129043919447
-2.0331177699739693
-1.783104418944015
-1.567095207124496
-1.3900843324634868
-1.2400760026156885
-1.1090699118348497
-0.9970618211282231
-0.9000547683830415
-0.8030610337559665
-0.8810676286069766
-0.9720728022302464
-1.0700800870134901
-1.18408734907456
-1.3160947537963295
-1.4631069301209643
-1.6431178851111432
-1.8561344287225516
-2.1231469004856773
-2.4521674487464584
-2.910191395285985
-3.552222725584101
-4.535264353964073
-6.127306869164107
-8.754269123869573
-12.820165756941922
-17.505078495586496
-19.837377697436267
-18.900581635078517
-17.367693074724
-16.672669601571656
-16.256516620716546
-14.844169536242951
-12.195569719159186
-9.318268908182981
-6.979124538252044
-5.296192543113814
-4.138192114569618
-3.3241775379167273
-2.752157754948307
-2.322145256778241
-1.9941271700904273
-1.7371144109170487
-1.5291005978389078
-1.359090379742302
-1.2150823553996102
-1.0850771909319215
-0.9780694996964218
-0.8900616370114431
-0.8040564427450579
-0.7020606417235725
-0.7640652810450339
-0.8330713324901944
-0.9010801324174701
-0.9880860899152584
-1.077094965530201
-1.175104106825225
-1.2891177464731267
-1.424127390681475
-1.5821474293058644
-1.7821679359821088
-2.055193896049596
-2.465233441769369
-3.150312173589962
-4.438451029301129
-7.126390118639374
-12.893982196147224
-19.98847002828713
-26.238240175023964
-20.87361788999363
-17.081739282594533
-17.297718214041602
-19.376478472193565
-18.583876079026414
-13.878756337453236
-9.375114141686284
-6.31719676355465
-4.478199381131758
-3.3571869192015065
-2.6551689628922617
-2.1831523372203345
-1.8491362953902708
-1.6011210909592877
-1.4101096362484031
-1.2570974985822854
-1.1290877997259212
-1.0190802153218472
-0.9260714450883966
-0.8430652640740145
-0.7690591836771228
-0.7060533082295455
-0.605059238639164
-0.6400672759492237
-0.6870717453414912
-0.7360786568902464
-0.7860861544495541
-0.8300953315837798
-0.8791070825970829
-0.9271179490480118
-0.9751375181871929
-1.017148549945992
-1.062168892173672
-1.1131973993800726
-1.1872492998738648
-1.34138770239297
-1.719796531415039
-2.8930549424061476
-6.91615451715983
-18.797343022585242
-25.517529773778147
-14.53732514662103
-10.369924304404014
-13.341671274818703
-22.713980922442527
-24.393330886912082
-15.059941272244052
-8.260151183629862
-4.90728885304465
-3.2552350995560535
-2.374188501444977
-1.8681631684272222
-1.5551453647776665
-1.3441302099612602
-1.1931170126965662
-1.073105054800954
-0.9780941315764743
-0.8970835736756118
-0.8280767445436378
-0.7600705098944367
-0.7040634777153728
-0.6510581933943171
-0.6050529862143721
-0.5010607263655548
-0.528065287734936
-0.551071430714532
-0.575078184156263
-0.5910853475231357
-0.6030942666021498
-0.6031032024876506
-0.5891164176003512
-0.5581246995402277
-0.4871463205954189
-0.3811659856747799
-0.2081950218152309
0.0877475833882749
0.5605842226275585
1.414047112021702
3.1093805875546203
6.92952407310983
13.911474793680188
13.732326678155232
7.27263961848191
4.502521226271386
2.1969685264052012
-8.152991054383909
-15.66499355757526
-8.484129461543569
-4.130522400696168
-2.3386682024878898
-1.6063046960501055
-1.2131962664732951
-1.0111574965991525
-0.8961374905732141
-0.8271232428073304
-0.7771136808366826
-0.7360978328520351
-0.6990908876085071
-0.6640810334588646
-0.6320736391893982
-0.6010669824328193
-0.5620616191851813
-0.5330558768309879
-0.5030517194209357
-0.4000577446076717
-0.41306347855468567
-0.415069198274495
-0.41307578261760836
-0.3990844841127198
-0.37109373862174133
-0.327104772972037
-0.2531154720929758
-0.14613240498486968
0.021854659122661883
0.2728344200636018
0.6508053828146111
1.2417528642211848
2.2206249433351943
3.966297015639213
7.340866245384751
14.164992997596473
24.701083206208484
27.400344170900002
20.057932264369704
16.67152609255962
19.74732202501607
25.480575672897412
15.852203209901251
5.027715542385149
1.6439705855090665
0.6289483772051672
0.22960749483134232
0.01778407875249319
-0.12616190746567052
-0.23113857468657256
-0.31012223600457184
-0.3601070344726066
-0.3970997343499809
-0.4210889700463967
-0.43608099385508503
-0.43307438740280624
-0.4350672027428237
-0.42106291395150014
-0.4120572208934961
-0.4010519948150722
-0.29605710556744197
-0.2850629685113582
-0.27606762355091247
-0.246075663887399
-0.20408363961752699
-0.14609237559775773
-0.05710216166887867
0.06188668852391117
0.2408721276296949
0.4818579361708268
0.8158374995404856
1.3258117367642333
2.0967703911383198
3.290695595436525
5.232560804475659
8.424415983697711
13.34346955847793
18.89273437868022
21.209727660104107
19.87044732424366
18.980184793972903
21.890155828047757
24.845107424580174
19.743443327099
10.826667285021975
5.4756502573131804
2.9662326580307794
1.731661696805348
1.0478012225603979
0.6238490776115407
0.3388708498198637
0.14688483352296444
0.002893775792552199
-0.09909422899706827
-0.1740859390092695
-0.22307799233661316
-0.2590712761427736
-0.2800648222599863
-0.2920593969817842
-0.2990545197531917
-0.3010509881716577
-0.20005674172252352
-0.1820607646372899
-0.1500667652437736
-0.1030735622391759
-0.04208115224759459
0.04491071959931022
0.1628991069177189
0.32089021057038913
0.5348724767724298
0.8358675614137703
1.2548447223779107
1.8308232009857446
2.6597945028552927
3.85575558269303
5.59070611673391
8.037666593404857
11.129673220129
14.15871045563256
15.972699769859426
16.50758895403458
16.933512951197525
17.871641236802624
17.995757262946793
15.187737667827113
10.5536244904319
6.676522931025415
4.2096450649493224
2.726777523447034
1.8048420269339656
1.2148698842402696
0.8068851868996189
0.5208960781888442
0.3119081865814438
0.15691400396685415
0.044922090761192544
-0.037072702795377055
-0.10006579601558108
-0.14406056402920608
-0.1800546367357223
-0.19805070587977183
-0.2130467880830975
-0.11405400412211776
-0.08305891746311028
-0.03806499299776113
0.021929342978771305
0.09892286207422939
0.20191403271740732
0.34190500604810475
0.5268960110669888
0.7698823326393426
1.0938675239193696
1.5208537157957345
2.104835309786805
2.8888141325394643
3.9457903270205725
5.342767137342802
7.0947514214386445
9.080745949386943
10.94973541746383
12.315696782114244
13.104639124731944
13.548623928419683
13.71068543369909
13.156768280169338
11.430807801570387
8.901795165542387
6.451781658474361
4.548804102378882
3.205839376859498
2.2738656443824397
1.6258827640413664
1.1608944627140108
0.824903532261691
0.5709110137173744
0.3809191508364538
0.23492581169892898
0.12793211208872365
0.044937680125018094
-0.024056844577011904
-0.06605229490201416
-0.10304840810248823
-0.127044513303768
-0.03705245029238814
0.003943095788808645
0.057937985835501415
0.12793265827314942
0.22492509772764196
0.34091807443732297
0.49090864484202423
0.6838973355770651
0.9418886265664208
1.2658763664252213
1.6868624824513525
2.2288486270135195
2.9248320959840255
3.8128148829367645
4.897798839707792
6.156785940694303
7.502773809939791
8.754757718941624
9.737733372623987
10.377710457230993
10.684712726575968
10.622749518623749
10.05779816762299
8.92283206269682
7.396845804145841
5.8088514665512845
4.424860501321119
3.3268728789029143
2.490885213678685
1.869894836908099
1.3949037908448232
1.037911217894066
0.765918586273908
0.5559254195547918
0.39392997607084174
0.270935863070808
0.16894113696967192
0.09194570372957632
0.030949971796154857
-0.016045652953084646
-0.0500429538146946
0.0319502738488409
0.08194531958495005
0.1419410322711173
0.2209353858941769
0.32092931181245576
0.4479219827598516
0.603914570552805
0.8019059662298367
1.053893582968014
1.3678853801155528
1.7578754182234921
2.242861742801157
2.840847953826556
3.5598350072750624
4.399822291902421
5.323810926815217
6.2697994850826015
7.136786487340241
7.837772655481006
8.30376419670206
8.496770288600674
8.393792253352665
7.952821948087407
7.179848119178291
6.178864758711886
5.109874709042945
4.102882453802958
3.238890203745919
2.532897582084639
1.9759048500626746
1.5289120875245237
1.1849175129531404
0.908924720216129
0.691928729950044
0.517935480820344
0.3839405300980243
0.2719449947798943
0.1889491719685047
0.11595285661456438
0.06295623360745532
0.019959171564252046
0.09195185561149861
0.14494814268836476
0.21394330837874828
0.29593855306397404
0.4039327531586276
0.5289251609503138
0.6869190394258893
0.8809116246457122
1.1209008520536636
1.4098951552202805
1.7578728086008146
2.186853223802936
2.6938621268647065
3.2708520111003594
3.9178425135384525
4.605833115882121
5.294823759774631
5.91081545663645
6.408808507735848
6.736806262477108
6.86481193561726
6.768826278829077
6.437845114191794
5.898862895523114
5.211877095114889
4.464886627154507
3.7218946505102366
3.0539007815432
2.4739070256400293
1.9909132631590192
1.591919580559998
1.2629249143979435
1.0019295095043457
0.7869349234626993
0.6099401853989389
0.47194399342859406
0.3589479306595357
0.2639527030422754
0.18795586457825178
0.13095809021626206
0.07996193765894784
0.14395378332742967
0.1999507809341828
0.27094676726151234
0.3569416923189936
0.4629370130158124
0.5849318595722564
0.7419246825091244
0.924918557146373
1.1469111141213584
1.4099036083356993
1.7238949117869429
2.0888862882898773
2.50687626281301
2.9718691098997847
3.478864658076627
4.000853258110361
4.5048501911599095
4.950866316168187
5.31283894203971
5.541840102558557
5.629844318515243
5.5488534244630525
5.306865580831025
4.9258780891857255
4.436888737694542
3.892897398709416
3.3459040830568125
2.820909407501336
2.348914684193927
1.9419199197275376
1.5929162115200093
1.2939262409792935
1.0489355323139533
0.8469389441124091
0.6789438562951018
0.5339481831227644
0.4199514995242188
0.32795524822018957
0.24995798137319564
0.18696025006502742
0.130964297869857
0.18795693843199107
0.24695331052595929
0.3199495683986217
0.4029453468333753
0.5039413489004096
0.626935949490476
0.7709307545442451
0.9459249242608698
1.145918571861452
1.379912125311959
1.6519059507566907
1.9678978265007452
2.31089104164577
2.684881123375829
3.0828778433866035
3.480872808814788
3.8608682262011724
4.194859661722646
4.453844200045275
4.6248645283204
4.680862116282648
4.617874146112746
4.440883521937697
4.163892395032343
3.808900301428564
3.402907280100978
2.9909136439851434
2.57892183464758
2.1989230008756033
1.8569253208588978
1.5579319332311699
1.2969358499314294
1.0699402847019786
0.8779444006979398
0.7199480372527279
0.5849511676071556
0.4669552621334607
0.376958184842979
0.29796035208489735
0.23296284799987735
0.17496618083950838
