-0.017967401868024972
-0.05896603943862764
-0.10896298170736653
-0.18795540190536372
-0.26695405099777947
-0.3439540641152173
-0.47394803237234384
-0.6059420612951574
-0.7639376630060931
-0.9819328782491543
-1.2199266089438543
-1.4929214654685805
-1.7999175340289144
-2.163910705128506
-2.5269091464074105
-2.938903595086599
-3.329900227585482
-3.679894987540477
-3.971882284992312
-4.166898166976874
-4.207896437770793
-4.166902803183086
-3.9639103700953076
-3.6559166494292095
-3.2769209758828506
-2.8739240487068134
-2.452928987188494
-2.096932341416316
-1.725933451599713
-1.4209336646140676
-1.1519394218809638
-0.923942880324882
-0.7579455160298788
-0.5999497118558569
-0.4679535539094577
-0.34895675955667427
-0.25696029907741097
-0.180964049038343
-0.13396535553003522
-0.07296749933290156
-0.03596852152056604
0.041033976008399684
0.015035759116080159
-0.05296120157837406
-0.11895680769878134
-0.19095308104177827
-0.28894727626758715
-0.43094076151510724
-0.5649357322611558
-0.7259327964059245
-0.9519265218208209
-1.2179198091946184
-1.5399135121131367
-1.9329040265714539
-2.3539009354763127
-2.845898819488094
-3.3418899598250977
-3.8578890723056443
-4.360899318377198
-4.766878268061871
-5.014879646908482
-5.137881457039261
-5.023888401254186
-4.778896665473142
-4.338904420482083
-3.848907660033773
-3.2749142855448907
-2.740918255636772
-2.2299203994426855
-1.814924112188631
-1.440927510029183
-1.136924692285747
-0.8959307235950199
-0.6859419872311369
-0.5299454429216813
-0.3929502666849417
-0.28695291582957805
-0.18995563979811367
-0.12096137754566066
-0.0599641876063094
-0.017965357570690402
0.011034215152254126
0.0930358435135357
0.028043987490823017
0.0010433764622890878
-0.055951104651815096
-0.13394719608283878
-0.2179429751813449
-0.32793799649549255
-0.46793264423756503
-0.6689238159115201
-0.8949186684264279
-1.1909002467966248
-1.5678855801011484
-2.0038945314238306
-2.539887030654724
-3.1448804122514957
-3.824875588531099
-4.550866690554617
-5.205862612540215
-5.758856233863276
-6.1438539899144455
-6.279858200944987
-6.196866524854186
-5.831880756779048
-5.198892980718279
-4.456899521283169
-3.671905288805498
-2.9499075969221455
-2.3349119471581523
-1.8319140485475818
-1.4169197539562084
-1.0839238794853512
-0.8099298441060089
-0.5909356778932483
-0.4379379522272196
-0.30494591139425353
-0.20694874066041383
-0.12195269990926044
-0.043957755529071635
0.018036887128022944
0.04303549782787597
0.07103540477873496
0.15304041594692466
0.09604479721356739
0.08004723365321142
0.029051745610577828
-0.04294119424811532
-0.12193912997256183
-0.23293105274974474
-0.3869235278364826
-0.5609168889074162
-0.8089101063477796
-1.105902854536019
-1.5208916395107592
-2.017882400939853
-2.6628736113916873
-3.4438652995655388
-4.358858737402004
-5.33185036922953
-6.2758417635703525
-7.07783004757168
-7.612823709905201
-7.8368303081890165
-7.726846679184883
-7.201868550711494
-6.326881887779715
-5.229888227356549
-4.126888745347693
-3.155892140214508
-2.3718958001966763
-1.7689022071253802
-1.2909097781714296
-0.967913861698646
-0.6909188601051615
-0.4789291200645118
-0.30693348714188945
-0.18294129717465413
-0.09794623452278688
-0.01995095013213266
0.046043680585297626
0.0820423348563448
0.12503846107299102
0.14803365713484112
0.2220413570150729
0.19004494074602196
0.15605158164268745
0.11705495756959887
0.06305993514984205
0.0030655913035137873
-0.12192352663072997
-0.22791772306392785
-0.4149120832974161
-0.6529004726884711
-0.9628902667770491
-1.401878868686822
-1.972866664412159
-2.712856576928405
-3.721845076047331
-4.923838623722393
-6.304832033115275
-7.649823288778681
-8.738804650608811
-9.461787988333338
-9.812793921515983
-9.768826085017096
-9.111860408150921
-7.812874759374564
-6.123869296115295
-4.513859258475016
-3.232860727725602
-2.281870603931695
-1.5908827005884896
-1.083896063072477
-0.7469045369910555
-0.48691348173628146
-0.3109192006323303
-0.1799233105770362
-0.04593211286843865
0.03305900954244659
0.09805383587202791
0.139048209986508
0.16604502245985223
0.19704354626739287
0.22003772271741268
0.2890434038864506
0.2920460131743397
0.27704914052073926
0.24705523867758794
0.2020618110747525
0.13806797868324366
0.057078643004043805
-0.05391441737267893
-0.21090316607981505
-0.43389011754028983
-0.7398794886915536
-1.1738639918287057
-1.7688482723295098
-2.6328301741167386
-3.847817180361915
-5.494809918336602
-7.490815306644621
-9.445813292118288
-10.847786232928476
-11.633741692072475
-12.150737089011141
-12.48779479794776
-11.95285698321973
-10.025856242862249
-7.311797395573795
-4.830760647673725
-3.0797835691923834
-1.9578246430371
-1.2338561926484761
-0.7728751228249495
-0.4728877158961028
-0.24390081612600073
-0.07190986237673652
0.019084324342666506
0.11507463649045903
0.18806362240405372
0.21305932393465662
0.2710512983594857
0.2760485469217325
0.2690470133649019
0.28404152930185256
0.37604388453496296
0.3730494887240315
0.36705440092408864
0.3540586867704868
0.34206660645702197
0.2940737411950322
0.24108472968532954
0.15809109665764065
0.014108710002504363
-0.13889004944782896
-0.40786942038127344
-0.7748521661221194
-1.3748267774243312
-2.2537978007162995
-3.687759668059116
-5.9087368284648525
-8.99476097399646
-12.101809558155788
-13.674802462634595
-13.665715274768417
-14.026669513818188
-15.701790048619847
-16.59289532642019
-13.87779826276138
-9.014480439995015
-5.0093765674113016
-2.611581286095835
-1.3587464524080741
-0.6808209734283382
-0.3068551088123859
-0.07787468108366018
0.06411342359699854
0.18809670574076404
0.2570891780006968
0.3140784700120623
0.341071219548046
0.39505851532241687
0.38805549832186415
0.3780528171153098
0.379045970208078
0.3690456648350521
0.45504806684684196
0.4820509228507162
0.4920552512137288
0.5090586845967786
0.49606889319461744
0.5070730187692257
0.47208276430611046
0.4210948416539785
0.3321081402659205
0.21812159247159976
-0.031856784684508845
-0.320834365026306
-0.8197946648784527
-1.6527270947094623
-3.211604031579127
-6.140477948383917
-11.13860454337222
-16.808878911780404
-17.904891473159594
-14.301670228203424
-13.121339306050922
-18.324450793562683
-24.220876236444024
-20.756978393280683
-11.435916232241265
-4.845027579575981
-1.5911083797814765
-0.35463294001342127
0.10921671917890288
0.29016486165591604
0.39813760672570353
0.4461204842568698
0.47311149879337683
0.5120930785353193
0.5260843337371612
0.5360747265813526
0.538063915280178
0.5400570123247064
0.5150475127242026
0.48704503204418204
0.47104017787208136
0.5430544184780066
0.5820564324117242
0.5940639883423283
0.6330639343982745
0.6510726854472667
0.6510826564909212
0.6650929100988976
0.6371040448727888
0.6171202983143564
0.5481331236882794
0.4831488815576766
0.3081778435177581
0.00022832656089560307
-0.625649961864598
-2.1152972680390523
-5.800631886239173
-14.004596560542389
-26.179657954420342
-25.841174196873894
-13.189383153539053
-8.776520927143656
-17.3060570456855
-30.11277014086361
-25.587036775311127
-11.373621499451577
-3.546334295982812
-0.1426777104154925
0.8574301172752253
0.9822404345146428
0.95617906339064
0.8911526918206019
0.8471313211674582
0.824109858760686
0.7940992933984126
0.7560880739912348
0.7330808650009306
0.6770722763406122
0.6730589360318459
0.6290510223694827
0.5940475331933316
0.544046109371604
0.6370483196149047
0.6830563185671297
0.7240616825887792
0.7700658592741043
0.8160750863024702
0.8540846566852898
0.8890958954370289
0.9431065306474494
0.9651161738742209
0.9901367848895022
0.9931576629565543
1.0021850823039782
0.9652361418969717
0.7233868902298659
-0.36901688980203323
-3.8676560115400505
-12.236312425797067
-24.155186669457837
-15.895915653580152
-2.358613077915841
1.9636511723925236
-1.903169282275324
3.501403642696995
4.6102209334582955
0.2773462516703401
1.0300136509024758
2.0498905102381997
2.107359029753512
1.8482441703697339
1.6001942712033574
1.3951651677202361
1.2571445041854055
1.140130473170596
1.0611104296106215
0.9930957088175134
0.9090882564178527
0.8660739106300509
0.7970701277557756
0.7450581312003095
0.6830601138566016
0.619053745781884
0.7570463938752799
0.8100543450110796
0.867057371575202
0.9230662520712729
0.9980746820814939
1.0830825705539215
1.1610946795146682
1.2591062300844178
1.3581238220207397
1.4921356217934445
1.6551516912330797
1.8571783762947303
2.115223170362854
2.410340148842491
2.3727925066489597
1.294477044702823
0.7046875368572433
8.577047951177649
20.104437999083967
12.099340149307205
9.47838841507557
8.169414757057364
13.70605322322924
14.739093336353852
8.25896174385304
5.086237903968626
3.908369182247038
3.1702973569988027
2.579245520517153
2.185206561184918
1.8871784560268052
1.6581547141272925
1.4741381752246883
1.33711726947772
1.1941081359083887
1.10608805588251
1.0130828797946108
0.9500630718421073
0.8620652856536534
0.7950565686985333
0.7270501289727122
0.8370453484660645
0.8930568865625881
0.9900561085203945
1.0860616016947013
1.1660783799784873
1.2660870618055238
1.4040906463403375
1.5241082569231574
1.6921141468394232
1.9021333824866948
2.1421532416436073
2.4811772895781874
2.953213314701137
3.5782863677431487
4.394474412472512
5.476626826411428
8.251071634842106
11.620835762942683
17.00090005455671
12.57071355281252
10.100007799538606
8.855942524531619
9.414435362400251
9.689730723782418
7.7877967753391575
5.981210923769507
4.683287565671392
3.774281937552932
3.1312552170762347
2.6572200023151544
2.2971932181850185
2.009165070728658
1.7791430580552032
1.5941250407899805
1.4461107049996864
1.2980959258395237
1.180087742247037
1.0670784846231456
0.9800700597963786
0.9070634406113484
0.8280573078415744
0.9180521373863895
1.004055663406546
1.1060570397854053
1.208070907649866
1.3160803098327225
1.4660846322070757
1.6040956994587017
1.780107244120234
2.0051260340132355
2.243137910085034
2.551158559197187
2.955181631874188
3.5382124068586776
4.315258749430396
5.4103210312649965
6.8933299826591945
8.939218863450723
11.03403933616377
11.520341531523961
10.482679638269468
9.51787517319989
8.665848757174949
8.026626145633553
7.5002504618275605
6.710174431068344
5.732735277846805
4.850277817064487
4.0882987177306624
3.5232688970768686
3.028237451354088
2.6372050862835286
2.3301776085249424
2.075147717338388
1.8391334049207764
1.6541117512225456
1.4741049851328214
1.33708966070219
1.2030798935867593
1.09507670730657
1.0020653779511761
0.9230506249531003
0.9990508961743171
1.104053708661259
1.2050642889598542
1.3270735653217274
1.4720780666426394
1.6320853533085147
1.7971004762505636
2.0141061384040055
2.2481211770070377
2.5471389202695223
2.892160287904106
3.344184105625265
3.893217375981082
4.630257722066344
5.594305387924558
6.746324353843059
7.945132759996601
8.878374076141874
9.215549108630679
8.976710968602147
8.585812215446671
8.014799264000725
7.398688341296874
6.807493042089626
6.174546829123168
5.5246517686609184
4.8833165819571756
4.28131601791097
3.7582825602355188
3.309243928727978
2.9232094543445117
2.5871786122658076
2.2971615334480004
2.046136800149943
1.8251177398433573
1.6351136475848689
1.4920823737428992
1.3340815447011078
1.2070802280520372
1.0970657490578781
0.9890604720950464
1.0640566773133855
1.1700630321307035
1.3130595337658746
1.44307542970187
1.6060784351802713
1.7730893251763673
1.9680962406784217
2.207107819040081
2.463124053086029
2.7841397597981925
3.141160837798887
3.56718912008928
4.106220347418533
4.733261187314576
5.496282532037535
6.294810810224574
7.0811311664432806
7.667511374988604
7.9476336817830235
7.959725178434267
7.756780051414177
7.385773346780673
6.956705526241806
6.428593876242952
5.914817772831601
5.417244747245992
4.931358484063376
4.417327486386292
3.95528782827852
3.5512428261878295
3.148210581837447
2.8081828993218743
2.498162179330258
2.2261426468536443
2.0071139818596127
1.7951073966443503
1.6130989459104979
1.4520784242187843
1.3050736079437493
1.1760792007882395
1.0580801918988847
1.1410386720476517
1.259048190211963
1.3870640369371467
1.5280835302192757
1.7070756241928415
1.8820951872186138
2.116099408846552
2.3751058881737745
2.6421212723282834
2.979136300738776
3.3091610868569976
3.7401901369576964
4.2142225573806344
4.745261514159099
5.323267126284382
5.921908806223324
6.477373901015098
6.916570400807798
7.145657200268062
7.221718469032558
7.136747689188515
6.905741345788353
6.574697647374065
6.233628569369724
5.808328526277541
5.369434328726521
4.9503884152596465
4.509336850137301
4.093289507436435
3.696247641580281
3.327217006227926
2.9741943552148777
2.6571662322938434
2.3661397013027696
2.120120041886495
1.9170989814233614
1.7160919345674273
1.533090317975899
1.3860812759503707
1.2470783136219872
1.1300651396071948
1.198027951242684
1.3280434377804438
1.46405509478883
1.6240849310490995
1.8000913776433238
2.0060933728515433
2.238105968008375
2.5081011236343866
2.795123972668961
3.09913521629166
3.4591600847267423
3.8511937819494957
4.278224112317448
4.720264112035507
5.202268360684749
5.639404039672913
6.066482762431231
6.389589762253211
6.61665305478728
6.705701276032079
6.670722308804332
6.552711229410494
6.31567099567954
6.019603381141282
5.697479634484034
5.363462717707001
4.978388306726241
4.597323244133145
4.207281609031528
3.8012585609669625
3.4472123147499545
3.104190005988091
2.786161198768615
2.4961475392468726
2.236132831336464
2.02411125986986
1.8080887512137966
1.6180899309528267
1.4530967206068228
1.30408412004916
1.1880755102995533
1.2380319497790344
1.365045987216168
1.5180760019907393
1.6871141512169492
1.8860587830134823
2.090091654307136
2.3331001729124328
2.5791263443955814
2.8881325379444527
3.1981404814487786
3.5671477197374437
3.915193448830594
4.308226511253371
4.721255877936783
5.106275965596276
5.456318064089372
5.80251364625027
6.074587749078354
6.261642355538485
6.35768327254268
6.362702575653842
6.274690059261221
6.126637408432238
5.901203972166947
5.598114702234061
5.321461132463615
4.96840226687613
4.634329286485254
4.247281280117034
3.9032387325383677
3.539217450648168
3.1881970213780346
2.8891597579365462
2.601146374784031
2.329135723207005
2.0990824401238277
1.8771158030146404
1.6920332613731457
1.5111264459172682
1.3621050330576798
1.2220511444060496
1.2730908634335376
1.4040784658121226
1.5680370805482073
1.739031937340995
1.951037142703282
2.1351237851995073
2.3881428074308837
2.663136693517399
2.960098544696278
3.2671466924077524
3.6141677031128334
3.9601980034664845
4.323224794834707
4.6742520248011274
5.018274966266479
5.340293975067408
5.630519899816946
5.849585881877596
6.027637054432766
6.130677070772757
6.148705551971019
6.119675536458528
5.9836177405913515
5.798528366083227
5.569070882886423
5.3094577447467035
4.970393340340594
4.659315833755377
4.2882808024628645
3.932290693179452
3.6082241006397715
3.2582167622283555
2.936195362898194
2.6432089842483633
2.390186093339309
2.143114535315873
1.9231259883250047
1.7390240149896914
1.548046610182829
1.3941444513799977
1.263125083374416
1.2868548806709066
1.4368266347793852
1.5791565002694972
1.753179105943703
1.9670956483406836
2.1871075629116152
2.444658539235295
2.71890774507849
2.9912394795912935
3.295178831421052
3.6312257327512554
3.982141427930157
4.32420115970795
4.64036559981922
4.9862758117146075
5.2555798872934325
5.533522009594852
5.750578763940742
5.911633021200841
6.022665329982121
6.034683468078217
6.0036732209248695
5.906626520609702
5.7355841942314285
5.513989382695192
5.2814530394079275
4.970381640125732
4.641325337625979
4.318269846508256
3.978204006149332
3.635113917037778
3.3109080174743957
2.9793104028772204
2.70101949490773
2.419120966423375
2.1763777908492195
1.9707632332556895
1.7663276108586954
1.5812343677492569
1.424129497743491
1.277052546135615
1.290210788247282
1.4267989900628386
1.586010382367376
1.7761485574127873
1.968079184762631
2.1916190534774582
2.4393817429149114
2.7089162238258853
2.9904542356149886
3.307280230929229
3.6349802187752913
3.9845062357006977
4.347306132963302
4.6565684301871215
4.963661674070928
5.260824127896637
5.496301592028254
5.706595189150113
5.857799220548809
5.9603942021647995
6.02714223625543
5.968919653389409
5.858558917880065
5.7224994324472105
5.500227689007676
5.262810525587504
4.974193539740172
4.658230995734115
4.327680469119576
3.988826586172677
3.661935278568302
3.3094500864255325
3.0184813025528894
2.70546505948289
2.4406706199431243
2.207697907273412
1.9757099820600375
1.7680630026849131
1.5936865749750597
1.424665110149807
1.2879713196649514
1.2868548806709066
1.4368266347793852
1.5791565002694972
1.753179105943703
1.9670956483406836
2.1871075629116152
2.444658539235295
2.71890774507849
2.9912394795912935
3.295178831421052
3.6312257327512554
3.982141427930157
4.32420115970795
4.64036559981922
4.9862758117146075
5.2555798872934325
5.533522009594852
5.750578763940742
5.911633021200841
6.022665329982121
6.034683468078217
6.0036732209248695
5.906626520609702
5.7355841942314285
5.513989382695192
5.2814530394079275
4.970381640125732
4.641325337625979
4.318269846508256
3.978204006149332
3.635113917037778
3.3109080174743957
2.9793104028772204
2.70101949490773
2.419120966423375
2.1763777908492195
1.9707632332556895
1.7663276108586954
1.5812343677492569
1.424129497743491
1.277052546135615
1.2730908634335376
1.4040784658121226
1.5680370805482073
1.739031937340995
1.951037142703282
2.1351237851995073
2.3881428074308837
2.663136693517399
2.960098544696278
3.2671466924077524
3.6141677031128334
3.9601980034664845
4.323224794834707
4.6742520248011274
5.018274966266479
5.340293975067408
5.630519899816946
5.849585881877596
6.027637054432766
6.130677070772757
6.148705551971019
6.119675536458528
5.9836177405913515
5.798528366083227
5.569070882886423
5.3094577447467035
4.970393340340594
4.659315833755377
4.2882808024628645
3.932290693179452
3.6082241006397715
3.2582167622283555
2.936195362898194
2.6432089842483633
2.390186093339309
2.143114535315873
1.9231259883250047
1.7390240149896914
1.548046610182829
1.3941444513799977
1.263125083374416
1.2380319497790344
1.365045987216168
1.5180760019907393
1.6871141512169492
1.8860587830134823
2.090091654307136
2.3331001729124328
2.5791263443955814
2.8881325379444527
3.1981404814487786
3.5671477197374437
3.915193448830594
4.308226511253371
4.721255877936783
5.106275965596276
5.456318064089372
5.80251364625027
6.074587749078354
6.261642355538485
6.35768327254268
6.362702575653842
6.274690059261221
6.126637408432238
5.901203972166947
5.598114702234061
5.321461132463615
4.96840226687613
4.634329286485254
4.247281280117034
3.9032387325383677
3.539217450648168
3.1881970213780346
2.8891597579365462
2.601146374784031
2.329135723207005
2.0990824401238277
1.8771158030146404
1.6920332613731457
1.5111264459172682
1.3621050330576798
1.2220511444060496
1.198027951242684
1.3280434377804438
1.46405509478883
1.6240849310490995
1.8000913776433238
2.0060933728515433
2.238105968008375
2.5081011236343866
2.795123972668961
3.09913521629166
3.4591600847267423
3.8511937819494957
4.278224112317448
4.720264112035507
5.202268360684749
5.639404039672913
6.066482762431231
6.389589762253211
6.61665305478728
6.705701276032079
6.670722308804332
6.552711229410494
6.31567099567954
6.019603381141282
5.697479634484034
5.363462717707001
4.978388306726241
4.597323244133145
4.207281609031528
3.8012585609669625
3.4472123147499545
3.104190005988091
2.786161198768615
2.4961475392468726
2.236132831336464
2.02411125986986
1.8080887512137966
1.6180899309528267
1.4530967206068228
1.30408412004916
1.1880755102995533
1.1410386720476517
1.259048190211963
1.3870640369371467
1.5280835302192757
1.7070756241928415
1.8820951872186138
2.116099408846552
2.3751058881737745
2.6421212723282834
2.979136300738776
3.3091610868569976
3.7401901369576964
4.2142225573806344
4.745261514159099
5.323267126284382
5.921908806223324
6.477373901015098
6.916570400807798
7.145657200268062
7.221718469032558
7.136747689188515
6.905741345788353
6.574697647374065
6.233628569369724
5.808328526277541
5.369434328726521
4.9503884152596465
4.509336850137301
4.093289507436435
3.696247641580281
3.327217006227926
2.9741943552148777
2.6571662322938434
2.3661397013027696
2.120120041886495
1.9170989814233614
1.7160919345674273
1.533090317975899
1.3860812759503707
1.2470783136219872
1.1300651396071948
1.0640566773133855
1.1700630321307035
1.3130595337658746
1.44307542970187
1.6060784351802713
1.7730893251763673
1.9680962406784217
2.207107819040081
2.463124053086029
2.7841397597981925
3.141160837798887
3.56718912008928
4.106220347418533
4.733261187314576
5.496282532037535
6.294810810224574
7.0811311664432806
7.667511374988604
7.9476336817830235
7.959725178434267
7.756780051414177
7.385773346780673
6.956705526241806
6.428593876242952
5.914817772831601
5.417244747245992
4.931358484063376
4.417327486386292
3.95528782827852
3.5512428261878295
3.148210581837447
2.8081828993218743
2.498162179330258
2.2261426468536443
2.0071139818596127
1.7951073966443503
1.6130989459104979
1.4520784242187843
1.3050736079437493
1.1760792007882395
1.0580801918988847
0.9990508961743171
1.104053708661259
1.2050642889598542
1.3270735653217274
1.4720780666426394
1.6320853533085147
1.7971004762505636
2.0141061384040055
2.2481211770070377
2.5471389202695223
2.892160287904106
3.344184105625265
3.893217375981082
4.630257722066344
5.594305387924558
6.746324353843059
7.945132759996601
8.878374076141874
9.215549108630679
8.976710968602147
8.585812215446671
8.014799264000725
7.398688341296874
6.807493042089626
6.174546829123168
5.5246517686609184
4.8833165819571756
4.28131601791097
3.7582825602355188
3.309243928727978
2.9232094543445117
2.5871786122658076
2.2971615334480004
2.046136800149943
1.8251177398433573
1.6351136475848689
1.4920823737428992
1.3340815447011078
1.2070802280520372
1.0970657490578781
0.9890604720950464
0.9180521373863895
1.004055663406546
1.1060570397854053
1.208070907649866
1.3160803098327225
1.4660846322070757
1.6040956994587017
1.780107244120234
2.0051260340132355
2.243137910085034
2.551158559197187
2.955181631874188
3.5382124068586776
4.315258749430396
5.4103210312649965
6.8933299826591945
8.939218863450723
11.03403933616377
11.520341531523961
10.482679638269468
9.51787517319989
8.665848757174949
8.026626145633553
7.5002504618275605
6.710174431068344
5.732735277846805
4.850277817064487
4.0882987177306624
3.5232688970768686
3.028237451354088
2.6372050862835286
2.3301776085249424
2.075147717338388
1.8391334049207764
1.6541117512225456
1.4741049851328214
1.33708966070219
1.2030798935867593
1.09507670730657
1.0020653779511761
0.9230506249531003
0.8370453484660645
0.8930568865625881
0.9900561085203945
1.0860616016947013
1.1660783799784873
1.2660870618055238
1.4040906463403375
1.5241082569231574
1.6921141468394232
1.9021333824866948
2.1421532416436073
2.4811772895781874
2.953213314701137
3.5782863677431487
4.394474412472512
5.476626826411428
8.251071634842106
11.620835762942683
17.00090005455671
12.57071355281252
10.100007799538606
8.855942524531619
9.414435362400251
9.689730723782418
7.7877967753391575
5.981210923769507
4.683287565671392
3.774281937552932
3.1312552170762347
2.6572200023151544
2.2971932181850185
2.009165070728658
1.7791430580552032
1.5941250407899805
1.4461107049996864
1.2980959258395237
1.180087742247037
1.0670784846231456
0.9800700597963786
0.9070634406113484
0.8280573078415744
0.7570463938752799
0.8100543450110796
0.867057371575202
0.9230662520712729
0.9980746820814939
1.0830825705539215
1.1610946795146682
1.2591062300844178
1.3581238220207397
1.4921356217934445
1.6551516912330797
1.8571783762947303
2.115223170362854
2.410340148842491
2.3727925066489597
1.294477044702823
0.7046875368572433
8.577047951177649
20.104437999083967
12.099340149307205
9.47838841507557
8.169414757057364
13.70605322322924
14.739093336353852
8.25896174385304
5.086237903968626
3.908369182247038
3.1702973569988027
2.579245520517153
2.185206561184918
1.8871784560268052
1.6581547141272925
1.4741381752246883
1.33711726947772
1.1941081359083887
1.10608805588251
1.0130828797946108
0.9500630718421073
0.8620652856536534
0.7950565686985333
0.7270501289727122
0.6370483196149047
0.6830563185671297
0.7240616825887792
0.7700658592741043
0.8160750863024702
0.8540846566852898
0.8890958954370289
0.9431065306474494
0.9651161738742209
0.9901367848895022
0.9931576629565543
1.0021850823039782
0.9652361418969717
0.7233868902298659
-0.36901688980203323
-3.8676560115400505
-12.236312425797067
-24.155186669457837
-15.895915653580152
-2.358613077915841
1.9636511723925236
-1.903169282275324
3.501403642696995
4.6102209334582955
0.2773462516703401
1.0300136509024758
2.0498905102381997
2.107359029753512
1.8482441703697339
1.6001942712033574
1.3951651677202361
1.2571445041854055
1.140130473170596
1.0611104296106215
0.9930957088175134
0.9090882564178527
0.8660739106300509
0.7970701277557756
0.7450581312003095
0.6830601138566016
0.619053745781884
0.5430544184780066
0.5820564324117242
0.5940639883423283
0.6330639343982745
0.6510726854472667
0.6510826564909212
0.6650929100988976
0.6371040448727888
0.6171202983143564
0.5481331236882794
0.4831488815576766
0.3081778435177581
0.00022832656089560307
-0.625649961864598
-2.1152972680390523
-5.800631886239173
-14.004596560542389
-26.179657954420342
-25.841174196873894
-13.189383153539053
-8.776520927143656
-17.3060570456855
-30.11277014086361
-25.587036775311127
-11.373621499451577
-3.546334295982812
-0.1426777104154925
0.8574301172752253
0.9822404345146428
0.95617906339064
0.8911526918206019
0.8471313211674582
0.824109858760686
0.7940992933984126
0.7560880739912348
0.7330808650009306
0.6770722763406122
0.6730589360318459
0.6290510223694827
0.5940475331933316
0.544046109371604
0.45504806684684196
0.4820509228507162
0.4920552512137288
0.5090586845967786
0.49606889319461744
0.5070730187692257
0.47208276430611046
0.4210948416539785
0.3321081402659205
0.21812159247159976
-0.031856784684508845
-0.320834365026306
-0.8197946648784527
-1.6527270947094623
-3.211604031579127
-6.140477948383917
-11.13860454337222
-16.808878911780404
-17.904891473159594
-14.301670228203424
-13.121339306050922
-18.324450793562683
-24.220876236444024
-20.756978393280683
-11.435916232241265
-4.845027579575981
-1.5911083797814765
-0.35463294001342127
0.10921671917890288
0.29016486165591604
0.39813760672570353
0.4461204842568698
0.47311149879337683
0.5120930785353193
0.5260843337371612
0.5360747265813526
0.538063915280178
0.5400570123247064
0.5150475127242026
0.48704503204418204
0.47104017787208136
0.37604388453496296
0.3730494887240315
0.36705440092408864
0.3540586867704868
0.34206660645702197
0.2940737411950322
0.24108472968532954
0.15809109665764065
0.014108710002504363
-0.13889004944782896
-0.40786942038127344
-0.7748521661221194
-1.3748267774243312
-2.2537978007162995
-3.687759668059116
-5.9087368284648525
-8.99476097399646
-12.101809558155788
-13.674802462634595
-13.665715274768417
-14.026669513818188
-15.701790048619847
-16.59289532642019
-13.87779826276138
-9.014480439995015
-5.0093765674113016
-2.611581286095835
-1.3587464524080741
-0.6808209734283382
-0.3068551088123859
-0.07787468108366018
0.06411342359699854
0.18809670574076404
0.2570891780006968
0.3140784700120623
0.341071219548046
0.39505851532241687
0.38805549832186415
0.3780528171153098
0.379045970208078
0.3690456648350521
0.2890434038864506
0.2920460131743397
0.27704914052073926
0.24705523867758794
0.2020618110747525
0.13806797868324366
0.057078643004043805
-0.05391441737267893
-0.21090316607981505
-0.43389011754028983
-0.7398794886915536
-1.1738639918287057
-1.7688482723295098
-2.6328301741167386
-3.847817180361915
-5.494809918336602
-7.490815306644621
-9.445813292118288
-10.847786232928476
-11.633741692072475
-12.150737089011141
-12.48779479794776
-11.95285698321973
-10.025856242862249
-7.311797395573795
-4.830760647673725
-3.0797835691923834
-1.9578246430371
-1.2338561926484761
-0.7728751228249495
-0.4728877158961028
-0.24390081612600073
-0.07190986237673652
0.019084324342666506
0.11507463649045903
0.18806362240405372
0.21305932393465662
0.2710512983594857
0.2760485469217325
0.2690470133649019
0.28404152930185256
0.2220413570150729
0.19004494074602196
0.15605158164268745
0.11705495756959887
0.06305993514984205
0.0030655913035137873
-0.12192352663072997
-0.22791772306392785
-0.4149120832974161
-0.6529004726884711
-0.9628902667770491
-1.401878868686822
-1.972866664412159
-2.712856576928405
-3.721845076047331
-4.923838623722393
-6.304832033115275
-7.649823288778681
-8.738804650608811
-9.461787988333338
-9.812793921515983
-9.768826085017096
-9.111860408150921
-7.812874759374564
-6.123869296115295
-4.513859258475016
-3.232860727725602
-2.281870603931695
-1.5908827005884896
-1.083896063072477
-0.7469045369910555
-0.48691348173628146
-0.3109192006323303
-0.1799233105770362
-0.04593211286843865
0.03305900954244659
0.09805383587202791
0.139048209986508
0.16604502245985223
0.19704354626739287
0.22003772271741268
0.15304041594692466
0.09604479721356739
0.08004723365321142
0.029051745610577828
-0.04294119424811532
-0.12193912997256183
-0.23293105274974474
-0.3869235278364826
-0.5609168889074162
-0.8089101063477796
-1.105902854536019
-1.5208916395107592
-2.017882400939853
-2.6628736113916873
-3.4438652995655388
-4.358858737402004
-5.33185036922953
-6.2758417635703525
-7.07783004757168
-7.612823709905201
-7.8368303081890165
-7.726846679184883
-7.201868550711494
-6.326881887779715
-5.229888227356549
-4.126888745347693
-3.155892140214508
-2.3718958001966763
-1.7689022071253802
-1.2909097781714296
-0.967913861698646
-0.6909188601051615
-0.4789291200645118
-0.30693348714188945
-0.18294129717465413
-0.09794623452278688
-0.01995095013213266
0.046043680585297626
0.0820423348563448
0.12503846107299102
0.14803365713484112
0.0930358435135357
0.028043987490823017
0.0010433764622890878
-0.055951104651815096
-0.13394719608283878
-0.2179429751813449
-0.32793799649549255
-0.46793264423756503
-0.6689238159115201
-0.8949186684264279
-1.1909002467966248
-1.5678855801011484
-2.0038945314238306
-2.539887030654724
-3.1448804122514957
-3.824875588531099
-4.550866690554617
-5.205862612540215
-5.758856233863276
-6.1438539899144455
-6.279858200944987
-6.196866524854186
-5.831880756779048
-5.198892980718279
-4.456899521283169
-3.671905288805498
-2.9499075969221455
-2.3349119471581523
-1.8319140485475818
-1.4169197539562084
-1.0839238794853512
-0.8099298441060089
-0.5909356778932483
-0.4379379522272196
-0.30494591139425353
-0.20694874066041383
-0.12195269990926044
-0.043957755529071635
0.018036887128022944
0.04303549782787597
0.07103540477873496
0.041033976008399684
0.015035759116080159
-0.05296120157837406
-0.11895680769878134
-0.19095308104177827
-0.28894727626758715
-0.43094076151510724
-0.5649357322611558
-0.7259327964059245
-0.9519265218208209
-1.2179198091946184
-1.5399135121131367
-1.9329040265714539
-2.3539009354763127
-2.845898819488094
-3.3418899598250977
-3.8578890723056443
-4.360899318377198
-4.766878268061871
-5.014879646908482
-5.137881457039261
-5.023888401254186
-4.778896665473142
-4.338904420482083
-3.848907660033773
-3.2749142855448907
-2.740918255636772
-2.2299203994426855
-1.814924112188631
-1.440927510029183
-1.136924692285747
-0.8959307235950199
-0.6859419872311369
-0.5299454429216813
-0.3929502666849417
-0.28695291582957805
-0.18995563979811367
-0.12096137754566066
-0.0599641876063094
-0.017965357570690402
0.011034215152254126
-0.017967401868024972
-0.05896603943862764
-0.10896298170736653
-0.18795540190536372
-0.26695405099777947
-0.3439540641152173
-0.47394803237234384
-0.6059420612951574
-0.7639376630060931
-0.9819328782491543
-1.2199266089438543
-1.4929214654685805
-1.7999175340289144
-2.163910705128506
-2.5269091464074105
-2.938903595086599
-3.329900227585482
-3.679894987540477
-3.971882284992312
-4.166898166976874
-4.207896437770793
-4.166902803183086
-3.9639103700953076
-3.6559166494292095
-3.2769209758828506
-2.8739240487068134
-2.452928987188494
-2.096932341416316
-1.725933451599713
-1.4209336646140676
-1.1519394218809638
-0.923942880324882
-0.7579455160298788
-0.5999497118558569
-0.4679535539094577
-0.34895675955667427
-0.25696029907741097
-0.180964049038343
-0.13396535553003522
-0.07296749933290156
-0.03596852152056604
